"V1","V2"
-79.1419529999999,56.6166610000001
-79.151947,56.6163860000001
-79.26001,56.6280440000001
-79.26889,56.6291580000001
-79.274719,56.63221
-79.277496,56.637215
-79.279999,56.6488800000001
-79.280289,56.654991
-79.275009,56.667213
-79.271942,56.6719360000001
-79.2547299999999,56.6799930000001
-79.2441559999999,56.682495
-79.2188869999999,56.68499
-79.208893,56.6838760000001
-79.1936039999999,56.6783290000001
-79.160004,56.6577680000001
-79.151108,56.6499940000001
-79.141678,56.6358260000001
-79.138062,56.6260990000001
-79.138901,56.6199869999999
-79.1419529999999,56.6166610000001
