"V1","V2"
69.252213,66.789978
69.266937,66.7858120000001
69.2827610000001,66.7869260000001
69.4058230000001,66.8055420000001
69.4222110000001,66.8052520000001
69.4577639999999,66.7985989999999
69.466934,66.7927550000001
69.484985,66.781097
69.4938660000001,66.775269
69.4936980000001,66.758492
69.498032,66.7497099999999
69.5247040000001,66.7258150000001
69.5336,66.7199860000001
69.545822,66.7141570000001
69.6271970000001,66.6910860000001
69.6449890000001,66.687195
69.660263,66.6894230000001
69.654709,66.6955260000001
69.6208190000001,66.7060999999999
69.5933230000001,66.717209
69.5569310000001,66.7341460000001
69.5480350000001,66.7402650000001
69.542206,66.7460940000001
69.54071,66.7525410000001
69.5430450000001,66.759155
69.5544280000001,66.7638850000001
69.569153,66.767212
69.5849910000001,66.7683259999999
69.701385,66.7630460000001
69.73526,66.7599950000001
69.752777,66.7572170000001
69.770828,66.753326
69.776657,66.7472990000001
69.7760930000001,66.740814
69.855545,66.721375
69.9558260000001,66.7072140000001
69.9716490000001,66.7083280000001
69.988037,66.7080380000001
70.0383150000001,66.704712
70.055252,66.7033230000001
70.070541,66.697754
70.0824890000001,66.691925
70.0880430000001,66.685806
70.0905460000001,66.6797030000001
70.104431,66.5310970000001
70.1005400000001,66.5244289999999
70.048874,66.500549
70.0344240000001,66.4958190000001
69.8763730000001,66.4716490000001
69.8591460000001,66.4741520000001
69.8410950000001,66.4783170000001
69.8291630000001,66.4838710000001
69.823135,66.488525
69.7611080000001,66.5199890000001
69.573318,66.6058200000001
69.57222,66.6316530000001
69.569717,66.6377720000001
69.520538,66.692474
69.5088810000001,66.704712
69.4408110000001,66.758041
69.431656,66.7641600000001
69.419434,66.7697140000001
69.401932,66.7724909999999
69.3224950000001,66.767212
69.3072050000001,66.764709
69.2924800000001,66.761108
69.2893370000001,66.753227
69.2935940000001,66.743317
69.2830510000001,66.737488
69.267761,66.734985
69.250824,66.736374
69.166382,66.7655490000001
69.15416,66.771103
69.126648,66.788589
69.127197,66.795258
69.1383210000001,66.7997130000001
69.153046,66.8033139999999
69.1844179999999,66.8066410000001
69.2022090000001,66.807205
69.218597,66.807205
69.2338710000001,66.801651
69.252213,66.789978
