"V1","V2"
-24.896667,72.7777710000001
-24.912777,72.7769320000001
-25.034447,72.7844240000001
-25.054722,72.787766
-25.214722,72.822769
-25.2108309999999,72.8516540000001
-25.156666,72.8771970000001
-25.145832,72.8816530000001
-25.1333309999999,72.883331
-24.9836079999999,72.9022059999999
-24.9449999999999,72.9049840000001
-24.7852779999999,72.912201
-24.771389,72.910812
-24.769169,72.906097
-24.769447,72.9010930000001
-24.772224,72.8966520000001
-24.778336,72.8952640000001
-24.865833,72.8505400000001
-24.8661119999999,72.838882
-24.8744429999999,72.785538
-24.8847239999999,72.780273
-24.896667,72.7777710000001
