"V1","V2"
-166.109711,60.3991550000001
-166.071686,60.331657
-166.064209,60.3283310000001
-166.05365,60.3260960000001
-166.02948,60.323044
-165.979187,60.318604
-165.926147,60.31749
-165.919464,60.321106
-165.913086,60.3330540000001
-165.906158,60.336655
-165.88031,60.343597
-165.870026,60.344994
-165.858612,60.3452610000001
-165.795319,60.3372120000001
-165.775879,60.332207
-165.710846,60.308037
-165.687256,60.298325
-165.681427,60.2947160000001
-165.674713,60.2755510000001
-165.679749,60.2116550000001
-165.688324,60.15387
-165.669464,60.059151
-165.639496,59.996094
-165.61142,59.9705430000001
-165.602783,59.967766
-165.595551,59.967766
-165.587799,59.9708180000001
-165.583313,59.9758150000001
-165.575562,59.9786000000001
-165.545563,59.981102
-165.540588,59.9794240000001
-165.551147,59.933868
-165.559723,59.9236070000001
-165.570831,59.914986
-165.577484,59.911377
-165.612213,59.902206
-165.661438,59.904709
-165.728882,59.9099810000001
-165.786682,59.902206
-165.886719,59.873871
-166.113892,59.8483280000001
-166.118042,59.8527760000001
-166.126923,59.855553
-166.170563,59.8622060000001
-166.182526,59.863884
-166.209198,59.8574910000001
-166.232239,59.842049
-166.232559,59.8383790000001
-166.230072,59.8355520000001
-166.198227,59.8258780000001
-166.190063,59.825211
-166.155273,59.821106
-166.141693,59.820267
-166.131409,59.818047
-166.116669,59.8113710000001
-166.101105,59.7991640000001
-166.084442,59.78138
-166.083313,59.775826
-166.083893,59.769707
-166.088043,59.764435
-166.094757,59.7608180000001
-166.102509,59.758041
-166.122528,59.755272
-166.167267,59.7533190000001
-166.179443,59.7533190000001
-166.193054,59.7544330000001
-166.198639,59.758324
-166.20282,59.7627719999999
-166.246704,59.7905959999999
-166.251694,59.7959330000001
-166.267349,59.8046040000001
-166.293686,59.816437
-166.298843,59.8181040000001
-166.412231,59.851929
-166.434723,59.855553
-166.445831,59.8549960000001
-166.47583,59.8508220000001
-166.59198,59.850266
-166.604187,59.8505480000001
-166.958649,59.9749910000001
-166.997772,59.9988710000001
-167.076416,59.9944310000001
-167.082764,59.9908220000001
-167.126678,59.997208
-167.134216,60.000542
-167.161133,60.013329
-167.263367,60.0660930000001
-167.316437,60.095543
-167.41806,60.189423
-167.404022,60.2058260000001
-167.356384,60.222481
-167.316986,60.2297060000001
-167.275879,60.231934
-167.201935,60.2333300000001
-167.174469,60.2313770000001
-167.07196,60.2238770000001
-166.931671,60.2074969999999
-166.894745,60.2058260000001
-166.839172,60.2047120000001
-166.830292,60.20694
-166.823639,60.2105410000001
-166.800842,60.2274860000001
-166.792267,60.2380450000001
-166.791962,60.244156
-166.79306,60.2497180000001
-166.798615,60.2597200000001
-166.80307,60.2641530000001
-166.808624,60.274155
-166.808044,60.2802660000001
-166.688629,60.32222
-166.49585,60.378876
-166.464722,60.3844380000001
-166.455017,60.3844380000001
-166.430878,60.381371
-166.420319,60.3791500000001
-166.316101,60.3749850000001
-166.200317,60.3922200000001
-166.153656,60.430817
-166.148071,60.430275
-166.12973,60.426102
-166.120544,60.423607
-166.113312,60.420273
-166.108917,60.415825
-166.109161,60.410271
-166.11084,60.4049840000001
-166.109711,60.3991550000001
