"V1","V2"
5.11194399999999,60.185829
5.10361100000011,60.1833270000001
4.995,60.2180480000001
4.96138900000011,60.2358320000001
4.9508330000001,60.2441640000001
4.94694400000003,60.2491610000001
4.93472200000008,60.276665
4.93250000000006,60.2822190000001
4.93138899999997,60.2886050000001
4.94249899999994,60.4274980000001
4.96722200000005,60.441383
4.97277699999995,60.4408260000001
5.07249899999999,60.344994
5.08555500000006,60.3308259999999
5.08944399999996,60.3261109999999
5.09805499999993,60.3099980000001
5.09916600000003,60.3038860000001
5.10111000000012,60.2913820000001
5.11138800000003,60.2161100000001
5.11277800000011,60.198326
5.11194399999999,60.185829
