"V1","V2"
121.778587,-7.42444399999999
121.771652,-7.42444399999999
121.758614,-7.416945
121.751099,-7.41083300000003
121.748322,-7.40666700000003
121.748322,-7.393056
121.761932,-7.35916599999996
121.767487,-7.35083300000002
121.777847,-7.34476799999999
121.781937,-7.34194500000001
121.799713,-7.33944400000001
121.813309,-7.33944400000001
121.825821,-7.34083399999992
121.830551,-7.34277800000001
121.838043,-7.34888899999999
121.84082,-7.35305499999998
121.842209,-7.35833399999996
121.84166,-7.36444499999988
121.83194,-7.38888900000001
121.825821,-7.396389
121.81749,-7.40194399999996
121.788879,-7.42083400000001
121.778587,-7.42444399999999
