"V1","V2"
-74.99556,-51.177223
-75.0136259999999,-51.178894
-75.022507,-51.1783369999999
-75.0261229999999,-51.174171
-75.02417,-51.16806
-75.020569,-51.166115
-75.020844,-51.159729
-75.01889,-51.153618
-75.0008389999999,-51.129173
-74.996948,-51.124451
-74.987793,-51.1161119999999
-74.974731,-51.110558
-74.9400019999999,-51.0986179999999
-74.931122,-51.097778
-74.922501,-51.099724
-74.881119,-51.109726
-74.8736109999999,-51.112228
-74.865845,-51.121117
-74.859726,-51.1302799999999
-74.857224,-51.135284
-74.855835,-51.140839
-74.8555599999999,-51.1472239999999
-74.864456,-51.1555559999999
-74.870285,-51.1588899999999
-74.885284,-51.162781
-74.99556,-51.177223
