"V1","V2"
-60.53553,-71.056351
-60.549446,-71.05806
-60.742226,-71.030838
-60.7836149999999,-71.023346
-60.841118,-71.0116729999999
-60.880005,-70.9983369999999
-60.9127809999999,-70.984451
-60.946945,-70.964447
-60.9558329999999,-70.95195
-60.9591669999999,-70.945282
-60.956673,-70.938339
-60.9541699999999,-70.932236
-60.9447249999999,-70.919449
-60.925835,-70.905838
-60.902504,-70.893616
-60.884171,-70.8866729999999
-60.823334,-70.8755649999999
-60.7810749999999,-70.872498
-60.7433399999999,-70.871124
-60.701668,-70.871948
-60.664169,-70.876953
-60.624725,-70.8850099999999
-60.5938949999999,-70.8983459999999
-60.580559,-70.905563
-60.563614,-70.91806
-60.5558399999999,-70.924728
-60.5297239999999,-70.951126
-60.519173,-70.97084
-60.509445,-71.0033419999999
-60.5088959999999,-71.0236209999999
-60.5138929999999,-71.036667
-60.518333,-71.0430599999999
-60.529167,-71.055557
-60.53553,-71.056351
