"V1","V2"
96.7675170000001,-66.2597349999999
96.729492,-66.263916
96.6489260000001,-66.261139
96.5975340000001,-66.255295
96.3681030000001,-66.2286219999999
96.3189239999999,-66.2219539999999
96.292252,-66.213623
96.279724,-66.208359
96.2722780000001,-66.204193
96.2639160000001,-66.196945
96.2600100000001,-66.188919
96.2697910000001,-66.166397
96.275345,-66.1597289999999
96.2911530000001,-66.148361
96.3097690000001,-66.137512
96.335327,-66.1286159999999
96.361145,-66.121124
96.389481,-66.1147459999999
96.4400180000001,-66.10585
96.540604,-66.098068
96.626404,-66.095001
96.6716920000001,-66.094467
96.7291870000001,-66.0972289999999
96.7922520000001,-66.1061399999999
96.8088990000001,-66.109192
96.8353270000001,-66.116684
96.8477940000001,-66.121689
96.8639070000001,-66.1330719999999
96.880005,-66.154724
96.883911,-66.162796
96.88588,-66.171951
96.8855589999999,-66.181137
96.88501,-66.189453
96.8822629999999,-66.196945
96.8792270000001,-66.204468
96.873917,-66.2119599999999
96.868347,-66.2175139999999
96.8447419999999,-66.235016
96.8239290000001,-66.24501
96.795853,-66.253357
96.7675170000001,-66.2597349999999
