"V1","V2"
130.906097,30.3547170000001
130.898865,30.3536070000001
130.87912,30.3549960000001
130.872467,30.363052
130.870789,30.3677749999999
130.862457,30.4036060000001
130.861633,30.4088860000001
130.861633,30.4147190000001
130.863007,30.4380490000001
130.866364,30.4569399999999
130.869415,30.469715
130.877441,30.477219
130.883026,30.478882
130.886932,30.483051
130.904144,30.5066640000001
130.931091,30.544998
130.947205,30.570274
130.951904,30.583054
130.955231,30.595829
130.954132,30.6011090000001
130.947754,30.6263850000001
130.943024,30.6708300000001
130.943024,30.676662
130.945251,30.6833310000001
131.008331,30.7894400000001
131.039703,30.831108
131.048584,30.837776
131.053589,30.840275
131.060242,30.838051
131.065247,30.834721
131.069122,30.831108
131.071899,30.8266750000001
131.084686,30.805832
131.08551,30.8005520000001
131.082733,30.7477720000001
131.07663,30.701385
131.074402,30.689163
131.055237,30.632774
130.969696,30.3905530000001
130.906097,30.3547170000001
