"V1","V2"
23.461941,38.8533330000001
23.4713860000001,38.842499
23.5161090000001,38.811386
23.5919420000001,38.764717
23.7652740000001,38.706665
23.846664,38.68222
23.946663,38.662773
23.9511110000001,38.6633300000001
24.0075,38.67305
24.153889,38.6466599999999
24.15361,38.5733260000001
24.187222,38.3924940000001
24.247219,38.231941
24.257221,38.2177730000001
24.259441,38.214996
24.269165,38.204437
24.2991640000001,38.189995
24.3347210000001,38.160271
24.3388860000001,38.158607
24.4277760000001,38.144165
24.460552,38.1388850000001
24.465832,38.138329
24.47583,38.1380540000001
24.5538860000001,38.141106
24.568607,38.147499
24.5905530000001,38.0641630000001
24.5908320000001,38.060272
24.5894430000001,38.04805
24.5883330000001,38.0397190000001
24.5872190000001,38.031662
24.5861090000001,38.0272220000001
24.5758319999999,38.0041660000001
24.5641630000001,37.987221
24.516941,37.956108
24.513332,37.9541629999999
24.504444,37.953331
24.4830550000001,37.9555510000001
24.478054,37.95694
24.3872180000001,37.9936070000001
24.326111,38.0447160000001
24.208611,38.156662
24.1486090000001,38.2152710000001
24.1108320000001,38.2883300000001
24.0499990000001,38.3658290000001
24.0569420000001,38.373886
24.0591660000001,38.37722
24.0588870000001,38.3811040000001
24.05722,38.384163
24.049721,38.391937
24.0447199999999,38.393051
24.0000000000001,38.401665
23.9947200000001,38.401939
23.9780540000001,38.3924940000001
23.970554,38.389442
23.9383320000001,38.3866650000001
23.905277,38.3849950000001
23.805832,38.3891600000001
23.773331,38.39222
23.673332,38.409996
23.6422200000001,38.4188840000001
23.6169429999999,38.4522170000001
23.618053,38.4705510000001
23.6213870000001,38.4724960000001
23.6263890000001,38.478333
23.636944,38.503052
23.6374970000001,38.507217
23.6319430000001,38.5252760000001
23.625832,38.541664
23.623608,38.5444410000001
23.5986100000001,38.5700000000001
23.595554,38.5724950000001
23.4922220000001,38.6322170000001
23.3313870000001,38.7424930000001
23.1999969999999,38.830826
23.19611,38.832771
23.157497,38.8474960000001
23.1480520000001,38.850273
23.137218,38.8522190000001
23.132774,38.851662
23.1288870000001,38.850273
23.1258320000001,38.848053
23.1180530000001,38.8452760000001
23.0980530000001,38.839439
22.8330540000001,38.8230510000001
22.8302760000001,38.825272
22.829998,38.8291630000001
22.832497,38.8374939999999
22.837776,38.8488850000001
22.8449970000001,38.8613820000001
22.848888,38.8627780000001
22.929996,38.891663
23.0966639999999,38.983604
23.129719,39.003326
23.279442,39.036659
23.2925000000001,39.038887
23.299721,39.0386050000001
23.310555,39.036659
23.3149990000001,39.0349960000001
23.370831,39.0075000000001
23.3747220000001,39.005554
23.3769420000001,39.0027770000001
23.3777770000001,38.9994430000001
23.3766630000001,38.9947200000001
23.3747220000001,38.9913860000001
23.374165,38.984161
23.3758320000001,38.977219
23.378609,38.970833
23.4463880000001,38.872498
23.461941,38.8533330000001
