"V1","V2"
107.556641,0.965832999999975
107.550537,0.964999999999975
107.545532,0.966944000000069
107.530548,1.00138900000007
107.528587,1.00611099999998
107.528526,1.01445500000005
107.527771,1.01916599999993
107.532494,1.02805499999999
107.539429,1.03500000000003
107.544434,1.03694400000006
107.550537,1.037778
107.561371,1.03500000000003
107.575821,1.02888900000011
107.584717,1.02388900000011
107.592209,1.01777800000002
107.594994,1.01361100000003
107.596367,1.00805500000007
107.593048,0.997778000000096
107.584152,0.986388999999917
107.577209,0.979443999999944
107.561371,0.967777999999953
107.556641,0.965832999999975
