"V1","V2"
-71.471664,71.012772
-71.428879,71.012207
-71.389175,71.0138850000001
-71.3711089999999,71.0119319999999
-71.357498,71.0097200000001
-71.344727,71.005554
-71.339172,70.9983220000001
-71.339722,70.9913640000001
-71.343063,70.9849850000001
-71.3866729999999,70.9224850000001
-71.392227,70.9166560000001
-71.4024959999999,70.9119260000001
-71.415558,70.9077610000001
-71.43306,70.9047090000001
-71.4511109999999,70.903046
-71.474442,70.902481
-71.4955439999999,70.902771
-71.6544489999999,70.890823
-71.733063,70.8749849999999
-71.933884,70.8333280000001
-71.9377749999999,70.824707
-71.946381,70.8208310000001
-71.955566,70.818329
-71.9916689999999,70.8146970000001
-72.038605,70.811371
-72.081955,70.8097080000001
-72.096664,70.8097080000001
-72.112213,70.811371
-72.198608,70.882751
-72.223328,70.9169310000001
-72.2252809999999,70.924423
-72.226395,70.9305420000001
-72.2138979999999,70.934708
-72.202225,70.9366460000001
-72.166656,70.938034
-72.1488949999999,70.9363710000001
-72.136673,70.933594
-72.1336209999999,70.931656
-72.145554,70.926086
-72.14917,70.921097
-72.136124,70.9169310000001
-72.1174929999999,70.917206
-72.097778,70.919708
-72.078339,70.9235990000001
-72.0577699999999,70.933044
-72.0447239999999,70.944427
-72.0394439999999,70.9502720000001
-72.0333249999999,70.963043
-72.026672,70.982758
-72.0197299999999,71.0344240000001
-72.021393,71.041931
-72.0086209999999,71.0497130000001
-71.916107,71.0644230000001
-71.8841709999999,71.0688780000001
-71.851669,71.07222
-71.83168,71.071106
-71.794724,71.0530400000001
-71.730835,71.045532
-71.644455,71.034988
-71.546951,71.0186000000001
-71.471664,71.012772
