"V1","V2"
23.8624990000001,39.1366650000001
23.855553,39.1330490000001
23.8513869999999,39.1347200000001
23.8361090000001,39.1416630000001
23.833611,39.1480480000001
23.8341640000001,39.152222
23.9236109999999,39.2602770000001
23.9491650000001,39.289162
23.9536090000001,39.289719
23.956665,39.2874980000001
23.956665,39.284996
23.978611,39.2677760000001
23.9794430000001,39.26416
23.9780540000001,39.2602770000001
23.9216650000001,39.1786040000001
23.904442,39.163605
23.8624990000001,39.1366650000001
