"V1","V2"
95.738571,5.58527700000008
95.833038,5.53611000000001
95.8852540000001,5.50611000000009
95.889969,5.5025
95.892197,5.49777699999999
95.894974,5.48694300000011
95.894974,5.48000000000013
95.8935850000001,5.46777700000007
95.892197,5.46250000000009
95.8941350000001,5.4575000000001
95.8997040000001,5.44944299999992
95.909134,5.43860999999998
95.932465,5.4138880000001
95.967468,5.38055400000002
96.058578,5.30749900000001
96.070816,5.29944300000011
96.1044160000001,5.28499900000014
96.11969,5.27944400000007
96.3477480000001,5.22277600000001
96.4019170000001,5.21527700000001
96.4141390000001,5.21416599999992
96.5607910000001,5.20722200000006
96.58136,5.20722200000006
96.653305,5.21805500000005
96.6916350000001,5.22777700000012
96.719971,5.24055500000009
96.733582,5.24749899999995
96.7535860000001,5.25694400000003
96.763031,5.26110999999992
96.7780300000001,5.2666660000001
96.8088530000001,5.27694399999996
96.820526,5.27888800000005
96.84108,5.27888800000005
96.9810790000001,5.270555
97.0427399999999,5.26388800000012
97.048859,5.26305500000012
97.0988620000001,5.24472100000014
97.1274569999999,5.23249900000002
97.1399690000001,5.22416600000008
97.149704,5.21333299999992
97.1535800000001,5.20388800000006
97.1577450000001,5.18749900000012
97.1585850000001,5.1811100000001
97.1646880000001,5.16694400000006
97.1713560000001,5.15999900000008
97.180252,5.15527700000001
97.190521,5.15194300000002
97.203583,5.15111100000007
97.222748,5.15249899999998
97.2399600000001,5.15611000000001
97.260529,5.16277700000006
97.3819120000001,5.20583199999999
97.430527,5.22555399999999
97.448853,5.234444
97.4874730000001,5.25083300000011
97.4983060000001,5.25361099999992
97.505249,5.25361099999992
97.5108030000001,5.25222200000013
97.51886,5.24666599999995
97.549133,5.21527700000001
97.565521,5.19777699999997
97.5819240000001,5.17305499999998
97.60524,5.14166600000004
97.628571,5.11027700000011
97.6483150000001,5.08916600000003
97.684128,5.05499800000007
97.7758029999999,4.98888800000003
97.8999790000001,4.90083199999998
97.913025,4.88638800000001
97.9224700000001,4.87194299999993
97.9458010000001,4.82694400000014
97.954147,4.8077760000001
97.9644170000001,4.78388799999999
97.9671940000001,4.773055
97.967743,4.76694400000008
97.967743,4.75999900000011
97.9663700000001,4.75472200000013
97.9649810000001,4.74222099999997
97.973297,4.69583200000011
97.9760740000001,4.68499900000012
98.017197,4.55110999999999
98.06163,4.55722100000008
98.067749,4.55666500000007
98.1205140000001,4.53611000000001
98.1535800000001,4.52111100000013
98.1616359999999,4.51555499999995
98.196625,4.48888799999997
98.2733000000001,4.4302770000001
98.2802580000001,4.42333200000013
98.2816470000001,4.41083200000003
98.2857970000001,4.35222099999999
98.284409,4.34666600000008
98.26442,4.3119420000001
98.265259,4.19361000000004
98.2705230000001,4.14249900000004
98.3835910000001,4.08444400000002
98.398026,4.0783330000001
98.469971,4.04749900000007
98.5344090000001,4.00916600000011
98.5516360000001,3.99888800000002
98.6291350000001,3.92583300000001
98.6969150000001,3.84305500000005
98.703857,3.80888800000014
98.7071989999999,3.79861099999994
98.713303,3.79111100000006
98.790817,3.73833300000001
98.811447,3.72472099999993
98.834,3.713055
98.887527,3.69111099999992
98.908066,3.68444400000004
98.9305730000001,3.67972200000014
98.962799,3.67083300000007
99.07251,3.62888800000002
99.202499,3.55388799999997
99.210831,3.54833300000007
99.226669,3.53666600000003
99.241669,3.52444400000007
99.252792,3.51472200000001
99.5274810000001,3.26777700000002
99.548035,3.24722200000002
99.568604,3.23361100000005
99.5780490000001,3.22944400000006
99.618591,3.21500000000009
99.656921,3.205555
99.7644200000001,3.14472199999994
99.900803,3.00777800000003
99.9699710000001,2.95388799999995
99.9777530000001,2.94749899999999
99.983856,2.94
99.988571,2.92444400000005
99.994125,2.8300000000001
99.99469,2.80999900000006
99.994125,2.79694400000005
99.9919130000001,2.78527700000001
99.98996,2.78055500000011
99.985245,2.77166600000004
99.9816440000001,2.76833299999998
99.9791410000001,2.76416599999999
99.974976,2.75472200000002
99.9563600000001,2.70472200000012
99.954422,2.69305500000007
99.955811,2.68749999999994
100.001648,2.601944
100.006363,2.60000000000008
100.011093,2.60055499999999
100.019974,2.605278
100.023148,2.62722200000002
100.023148,2.63055500000013
100.012482,2.67583300000007
100.006363,2.683333
100.002197,2.68611000000004
99.9974670000001,2.68833299999994
99.9866330000001,2.69083300000005
99.9816440000001,2.69305500000007
99.9777530000001,2.69583300000005
99.9741360000001,2.69916599999993
99.9735870000001,2.70527700000002
99.979691,2.71277700000007
99.9880220000001,2.71888799999999
99.9974670000001,2.72305499999999
100.022202,2.73277700000006
100.033859,2.73472200000003
100.045517,2.73277700000006
100.050247,2.73055500000004
100.057739,2.72444399999995
100.064682,2.71749899999998
100.070251,2.70944400000002
100.074982,2.70055500000012
100.07692,2.68888800000008
100.07637,2.63472200000007
100.077759,2.62249900000006
100.081917,2.606111
100.088577,2.58555500000006
100.096916,2.56638800000007
100.119423,2.52722200000005
100.122742,2.523889
100.127747,2.52194400000002
100.133034,2.52333299999998
100.135246,2.52805500000005
100.135803,2.53416600000014
100.133873,2.54583300000002
100.129677,2.55527699999999
100.126358,2.56555500000007
100.113297,2.61416599999995
100.112747,2.62722200000002
100.113861,2.63972200000006
100.118027,2.65611000000013
100.123581,2.671111
100.131912,2.683333
100.13858,2.69027700000004
100.150253,2.69916599999993
100.169418,2.707222
100.188019,2.70944400000002
100.194962,2.70944400000002
100.20108,2.70861100000002
100.209137,2.7033330000001
100.244957,2.65666599999997
100.247742,2.65249899999998
100.249687,2.64777799999996
100.284554,2.57961999999998
100.315506,2.54920600000003
100.323593,2.53000000000009
100.356628,2.43277700000004
100.367462,2.38555499999995
100.373016,2.37055500000002
100.385246,2.34166599999998
100.395523,2.31777800000003
100.405807,2.30083300000007
100.412193,2.29305500000009
100.428574,2.27527700000013
100.46608,2.23694399999994
100.483307,2.21999899999997
100.55191,2.16527700000006
100.57164,2.15083300000009
100.604691,2.12888800000013
100.613586,2.12416600000006
100.623863,2.12055500000002
100.636093,2.11916600000006
100.641647,2.12055500000002
100.656082,2.12666600000011
100.661636,2.12805500000013
100.66774,2.12888800000013
100.674408,2.12750000000005
100.691643,2.11722200000014
100.699982,2.11166599999996
100.822479,2.02888799999999
100.82608,2.02555500000011
100.850517,1.9952770000001
100.859703,1.98361100000011
100.87468,1.9575000000001
100.883591,1.93916600000011
100.888313,1.92333299999996
100.891083,1.90555499999999
100.891647,1.89250000000004
100.89386,1.880833
100.904137,1.85694399999994
100.918579,1.83694400000002
100.925247,1.83027800000002
100.928848,1.82694400000003
100.942459,1.82055500000001
100.949982,1.86444400000005
100.949982,1.87138900000002
100.946617,1.881666
100.894417,2.021389
100.888313,2.03583299999997
100.882736,2.04388900000004
100.873291,2.05499900000001
100.866364,2.06166600000012
100.862183,2.06444400000009
100.821091,2.10555500000009
100.813583,2.11861000000005
100.80191,2.14805500000006
100.797737,2.16444400000006
100.795807,2.17611100000011
100.795242,2.18916600000006
100.795242,2.19583299999994
100.797203,2.21444400000007
100.799973,2.22555499999999
100.808006,2.24472200000014
100.821907,2.26499999999999
100.828857,2.27194400000008
100.84108,2.28027700000013
100.860786,2.28777700000001
100.883591,2.29250000000002
100.93219,2.29861100000005
101.055527,2.28638800000004
101.059692,2.28361100000012
101.061081,2.27805499999994
101.058853,2.27333300000004
101.05275,2.26583299999999
101.050797,2.254167
101.055527,2.23833300000013
101.063858,2.21916599999997
101.069138,2.21111100000002
101.072746,2.20750000000004
101.194687,2.12333300000006
101.254433,2.08638799999994
101.266647,2.07805500000006
101.274139,2.07194399999997
101.301643,2.04472200000004
101.313293,2.02888799999999
101.318039,2.02000000000004
101.323593,2.00500000000005
101.328308,1.98166600000013
101.329697,1.96250000000003
101.327469,1.94388900000013
101.32608,1.93833300000011
101.325531,1.92000000000007
101.329697,1.90361100000013
101.333038,1.89333300000004
101.363861,1.80083300000001
101.371353,1.78083300000003
101.383873,1.75222200000013
101.400253,1.72750000000008
101.410522,1.71722199999999
101.429688,1.70222200000006
101.444122,1.69611000000009
101.535797,1.65750000000008
101.545517,1.65361099999996
101.575531,1.64944400000002
101.588577,1.64999999999998
101.60524,1.65416600000009
101.615517,1.65750000000008
101.631073,1.66305499999999
101.6633,1.67194400000005
101.688019,1.67472200000003
101.708023,1.67416600000001
101.724411,1.67000000000013
101.758034,1.65555500000005
101.766922,1.65083299999998
101.78331,1.63972200000012
101.876358,1.55500000000001
101.983307,1.46249900000009
102.01886,1.43555500000002
102.035522,1.42472200000009
102.05246,1.414444
102.084702,1.39861100000002
102.123863,1.38305500000007
102.128021,1.38027700000009
102.135529,1.373333
102.198013,1.19805499999995
102.199127,1.192499
102.198013,1.15972199999999
102.191643,1.12472200000008
102.187469,1.10833300000007
102.187469,1.09444400000007
102.188858,1.08222200000006
102.194412,1.06027699999993
102.20137,1.0397220000001
102.2108,1.01500000000004
102.221077,0.997776999999985
102.235519,0.978054999999983
102.421913,0.800554999999918
102.429413,0.794444000000055
102.465263,0.768332999999984
102.491913,0.753889000000015
102.510246,0.744999999999948
102.519974,0.740832999999952
102.545242,0.731944000000112
102.562469,0.728611000000001
102.575531,0.728054999999983
102.60553,0.731944000000112
102.621902,0.736111000000051
102.714417,0.740832999999952
102.86525,0.731388999999979
102.881912,0.727221999999983
102.904968,0.716389000000049
102.917473,0.708055000000058
102.932457,0.695000000000107
102.958588,0.666388999999981
102.968033,0.655278000000067
102.976006,0.643479000000127
103.04274,0.565555000000131
103.066933,0.536111000000005
103.080544,0.515555000000063
103.086639,0.501111000000094
103.090813,0.484721999999977
103.090813,0.471111000000008
103.089417,0.458611000000076
103.087479,0.453889000000004
103.081917,0.44555500000007
103.070824,0.436111000000039
103.04747,0.425000000000011
102.947456,0.374443999999926
102.774979,0.286667000000079
102.72081,0.25861100000003
102.593307,0.186667000000114
102.584976,0.18111099999993
102.575531,0.176943999999935
102.569977,0.175554999999974
102.563019,0.175554999999974
102.554138,0.18055500000014
102.530258,0.197500000000105
102.519974,0.207777999999962
102.511642,0.220278000000008
102.506363,0.228333000000021
102.500809,0.236667000000011
102.497192,0.240000000000066
102.488297,0.245000000000061
102.430801,0.25027799999998
102.42746,0.246943999999985
102.429413,0.242222000000083
102.433578,0.238611000000105
102.5233,0.177778000000046
102.539963,0.166666999999961
102.558296,0.157778000000064
102.568588,0.154444000000126
102.574142,0.153055000000109
102.587189,0.152500000000032
102.630798,0.197500000000105
102.641357,0.207777999999962
102.645248,0.210555000000056
102.649406,0.213333000000034
102.659126,0.21750000000003
102.674683,0.222221999999931
102.796631,0.246943999999985
102.819977,0.25111099999998
102.851639,0.253889000000129
102.872192,0.253889000000129
102.884407,0.255277999999976
102.904419,0.262778000000026
103.149696,0.401666999999975
103.16275,0.409167000000025
103.174973,0.417500000000132
103.181923,0.424443999999994
103.195511,0.444999999999936
103.199692,0.454444000000137
103.202469,0.465554999999995
103.206627,0.47500000000008
103.216919,0.485277999999937
103.221077,0.488055000000031
103.2258,0.490278000000103
103.340271,0.533333000000027
103.351089,0.536111000000005
103.364151,0.536667000000023
103.370247,0.536111000000005
103.381363,0.533333000000027
103.386108,0.531389000000104
103.404709,0.522500000000036
103.450546,0.499722000000077
103.475273,0.48333300000013
103.729424,0.291388999999981
103.739693,0.281111000000067
103.747192,0.268055000000004
103.751373,0.25861100000003
103.7547,0.248332999999946
103.757477,0.223611000000119
103.763603,0.188611000000037
103.770523,0.154444000000126
103.79303,0.0536109999999894
103.80275,0.0288889999999355
103.81163,0.0105560000000651
103.814194,-0.00102900000001682
103.810242,-0.00471199999992677
103.806091,-0.00723199999998769
103.791962,-0.0136239999998793
103.774673,-0.0169549999999958
103.761627,-0.0174949999999967
103.668549,-0.0230770000000007
103.602737,-0.027217999999948
103.585007,-0.0463930000000232
103.587517,-0.0505339999999137
103.588867,-0.0561149999999202
103.58226,-0.101160999999991
103.578644,-0.104764999999929
103.434708,-0.203888999999947
103.422493,-0.21222199999994
103.3936,-0.224444000000005
103.377197,-0.228611000000001
103.334717,-0.234166999999957
103.311371,-0.238332999999955
103.300537,-0.241110999999876
103.286102,-0.247222000000022
103.269707,-0.258889000000011
103.274986,-0.260277999999914
103.318329,-0.264999999999986
103.33194,-0.264999999999986
103.351089,-0.263610999999912
103.356644,-0.262222000000008
103.425812,-0.235555999999974
103.474426,-0.215555999999992
103.47998,-0.214444000000015
103.486099,-0.214999999999918
103.490807,-0.216944000000012
103.49498,-0.21972199999999
103.497757,-0.223888999999986
103.499153,-0.229444000000001
103.498596,-0.242222000000027
103.444427,-0.325278000000026
103.438873,-0.333611000000019
103.416725,-0.351089999999999
103.342361,-0.364096000000018
103.436234,-0.375971999999933
103.497208,-0.379443999999978
103.573883,-0.412221999999986
103.582207,-0.417777999999998
103.595833,-0.431666999999948
103.598602,-0.43555600000002
103.599991,-0.441110999999921
103.599152,-0.447222000000011
103.596367,-0.451389000000006
103.58638,-0.461666999999977
103.573883,-0.470000000000027
103.524429,-0.502777999999978
103.519707,-0.504721999999958
103.414993,-0.576666999999986
103.360809,-0.702221999999949
103.4272,-0.74888900000002
103.466385,-0.764452000000006
103.469711,-0.78027800000001
103.547211,-0.867222000000027
103.550537,-0.870833000000005
103.651382,-0.948056000000008
103.660263,-0.953056000000004
103.731369,-0.99138899999997
103.741089,-0.995555999999965
103.842484,-1.02833299999998
103.849426,-1.021389
103.861099,-1.01249999999993
103.881653,-0.998888999999963
103.924698,-0.987221999999974
103.935806,-0.984443999999996
103.954987,-0.983054999999922
103.96666,-0.985277999999994
104.108322,-1.02694500000001
104.118042,-1.0311109999999
104.218597,-1.06999999999999
104.231659,-1.0625
104.3461,-1.02611100000001
104.359154,-1.02694500000001
104.369431,-1.0302779999999
104.376373,-1.03722199999999
104.37915,-1.04138899999998
104.383041,-1.05083300000001
104.412773,-1.13166699999999
104.413307,-1.144722
104.407211,-1.15916700000002
104.401657,-1.16750000000002
104.395538,-1.18861099999998
104.394707,-1.19472199999996
104.394707,-1.21527800000001
104.400269,-1.23722199999986
104.404984,-1.25305600000002
104.409149,-1.26277799999997
104.413879,-1.27166699999987
104.419434,-1.27972199999994
104.431931,-1.29472199999998
104.439972,-1.30722199999997
104.44693,-1.32083299999994
104.450272,-1.33111099999991
104.455261,-1.35388899999992
104.457207,-1.37222199999997
104.457207,-1.39277800000002
104.455833,-1.40499999999992
104.450272,-1.42694399999993
104.44693,-1.44416699999999
104.445534,-1.45638899999994
104.445534,-1.46333299999998
104.450272,-1.50666699999994
104.45166,-1.518889
104.460541,-1.57166699999988
104.463318,-1.58249999999992
104.488586,-1.63944699999996
104.501099,-1.66138899999993
104.517487,-1.69277799999986
104.529984,-1.72166699999997
104.536102,-1.74277799999999
104.538879,-1.76055599999995
104.539429,-1.77361100000002
104.53804,-1.78611100000001
104.536652,-1.79138899999998
104.532494,-1.80111099999988
104.529984,-1.80527799999993
104.525818,-1.80805600000002
104.516098,-1.81194399999993
104.502487,-1.82583299999999
104.493591,-1.84416700000003
104.483322,-1.86833300000001
104.480553,-1.89277800000002
104.481087,-1.89916699999998
104.483322,-1.91055599999999
104.489433,-1.92500000000001
104.49498,-1.933333
104.498871,-1.93611099999998
104.50444,-1.93472200000002
104.508614,-1.93194399999993
104.511932,-1.92833300000001
104.51416,-1.92361099999994
104.523613,-1.89916699999998
104.524429,-1.89277800000002
104.529984,-1.870833
104.534714,-1.86194399999999
104.538879,-1.859444
104.544144,-1.857778
104.559418,-1.86333300000001
104.564148,-1.86555599999997
104.580551,-1.87638899999996
104.622208,-1.90999999999997
104.62915,-1.91694499999994
104.63472,-1.92500000000001
104.636658,-1.92972200000003
104.755257,-2.00111199999992
104.77388,-1.99888900000002
104.787491,-1.99888900000002
104.799149,-2.00111199999992
104.817757,-2.00999999999999
104.825821,-2.015556
104.846367,-2.03583300000003
104.862762,-2.06055499999997
104.871094,-2.079722
104.876648,-2.11555600000003
104.879433,-2.14694499999996
104.878593,-2.16000000000003
104.875809,-2.1708339999999
104.869713,-2.18527699999999
104.859993,-2.20305500000001
104.724426,-2.38444500000003
104.727203,-2.395555
104.727768,-2.40166699999997
104.725273,-2.46611100000001
104.717484,-2.56527799999998
104.712769,-2.57416699999993
104.709427,-2.57749999999993
104.705261,-2.58027800000002
104.671097,-2.59388899999999
104.651093,-2.60138899999998
104.641663,-2.60555599999986
104.62442,-2.61583300000001
104.603043,-2.6288889999999
104.599152,-2.63166699999999
104.59137,-2.63777799999997
104.580551,-2.64749999999992
104.573608,-2.65499999999992
104.56192,-2.67055599999998
104.542763,-2.69944400000003
104.53804,-2.71527799999996
104.531097,-2.76999999999992
104.532494,-2.77277800000002
104.545532,-2.76527800000002
104.552467,-2.75833399999993
104.555252,-2.75416699999994
104.559418,-2.74472199999997
104.564697,-2.72277699999995
104.577209,-2.69388900000001
104.59137,-2.67416699999995
104.594994,-2.67055599999998
104.611366,-2.65972199999999
104.653053,-2.6330549999999
104.686653,-2.61861099999993
104.708038,-2.61250000000001
104.722488,-2.60638899999987
104.726379,-2.60361099999994
104.736649,-2.59333299999997
104.741653,-2.58444500000002
104.745819,-2.57472200000001
104.763611,-2.49694399999993
104.766937,-2.47972199999998
104.768333,-2.46749999999992
104.782761,-2.395555
104.85054,-2.29833399999995
104.853867,-2.29472299999998
104.862198,-2.289444
104.867752,-2.28805599999998
104.880814,-2.28722199999999
104.886932,-2.28805599999998
104.891663,-2.28999999999996
104.991089,-2.33305499999989
105.00943,-2.34194399999996
105.013611,-2.34472199999993
105.02388,-2.35500000000002
105.029427,-2.3633339999999
105.036377,-2.37027799999998
105.041092,-2.37222199999997
105.102768,-2.37083299999995
105.167763,-2.36250000000001
105.182747,-2.35722299999998
105.203598,-2.350278
105.225273,-2.34472199999993
105.238312,-2.34416700000003
105.24942,-2.34694400000001
105.279427,-2.358611
105.314423,-2.37138899999997
105.325546,-2.37499999999994
105.342484,-2.37833299999994
105.348602,-2.37916699999994
105.522217,-2.39833399999998
105.606369,-2.39333299999998
105.612488,-2.39416699999998
105.61998,-2.4002779999999
105.625526,-2.40861099999995
105.6297,-2.41805599999992
105.632477,-2.42888900000003
105.632477,-2.435833
105.631088,-2.44805499999995
105.628311,-2.45916699999992
105.623596,-2.47499999999991
105.618042,-2.48999999999995
105.609711,-2.50916699999999
105.606934,-2.51999999999998
105.60582,-2.53250000000003
105.60582,-2.55305499999997
105.606934,-2.56527799999998
105.610527,-2.582222
105.618591,-2.60138899999998
105.626083,-2.61444499999993
105.633881,-2.6275
105.639977,-2.63499999999999
105.657211,-2.65222199999994
105.664703,-2.65833300000003
105.681091,-2.669445
105.700272,-2.67749999999995
105.716087,-2.68222200000002
105.734421,-2.68444399999993
105.75499,-2.68444399999993
105.761383,-2.68499999999995
105.766663,-2.68638800000002
105.775543,-2.69111099999992
105.783051,-2.69722200000001
105.78804,-2.706389
105.789429,-2.71166699999998
105.790817,-2.71722199999988
105.791367,-2.730278
105.789978,-2.77666699999997
105.787201,-2.815
105.787201,-2.82888899999995
105.788589,-2.84805499999993
105.791367,-2.85888899999998
105.801651,-2.88277799999992
105.808594,-2.89666699999998
105.820267,-2.91222199999993
105.837196,-2.92944399999999
105.852478,-2.94166699999988
105.8647,-2.94999999999993
105.883881,-2.958055
105.894707,-2.96083399999992
105.913307,-2.96305599999999
105.920258,-2.96305599999999
105.939972,-2.95527800000002
105.95665,-2.95138899999995
105.963318,-2.95138899999995
105.974426,-2.95388899999995
105.979713,-2.95527800000002
105.988876,-2.96027800000002
106.001099,-2.96833299999992
106.017487,-2.97999999999996
106.024986,-2.98611099999994
106.034157,-2.99528299999997
106.038879,-3
106.044144,-3.00805600000001
106.049149,-3.01694399999997
106.055252,-3.03138899999993
106.077209,-3.21888899999993
106.077766,-3.23861099999999
106.076393,-3.24416699999989
106.070267,-3.25861099999986
106.059982,-3.268889
106.049149,-3.27555599999999
106.046944,-3.27555599999999
106.042213,-3.2777779999999
106.024429,-3.28722199999999
106.006653,-3.29694499999994
105.994141,-3.30500000000001
105.982483,-3.3138889999999
105.974991,-3.31999999999999
105.954437,-3.34055599999999
105.931091,-3.36583299999995
105.918053,-3.38027799999992
105.911926,-3.38777799999991
105.89888,-3.40888899999993
105.889977,-3.42750000000001
105.882477,-3.44722199999995
105.876923,-3.46249999999998
105.823036,-3.64777800000002
105.816093,-3.67499999999995
105.814148,-3.69361099999998
105.815262,-3.71277800000001
105.819443,-3.72222199999993
105.824997,-3.73055599999998
105.838593,-3.74416699999995
105.8461,-3.75027799999987
105.874977,-3.76944400000002
105.923027,-3.79000000000002
105.938583,-3.80166700000001
105.945534,-3.808333
105.951103,-3.816667
105.953049,-3.82138899999995
105.95665,-3.83861100000001
105.95665,-3.85222199999998
105.955833,-3.85833399999996
105.953049,-3.86916599999995
105.944977,-3.88833299999999
105.935257,-3.90611100000001
105.892761,-3.96972199999999
105.883331,-3.98750000000001
105.863312,-4.02916699999992
105.857208,-4.043612
105.852478,-4.05944399999993
105.847488,-4.08194399999996
105.835823,-4.13861200000002
105.828323,-4.15833399999997
105.816093,-4.20083299999999
105.812759,-4.21777800000001
105.809982,-4.24249899999995
105.809982,-4.28361099999995
105.811096,-4.29583400000001
105.81749,-4.31694499999998
105.823608,-4.331389
105.828323,-4.34027800000001
105.859993,-4.38944399999997
105.900269,-4.45305500000001
105.902481,-4.45777799999991
105.90387,-4.46333399999997
105.904427,-4.47611099999995
105.904427,-4.54861099999994
105.897774,-4.67833300000001
105.8797,-4.71666599999992
105.866653,-4.77194499999996
105.8647,-4.78361100000001
105.864151,-4.79638899999998
105.868042,-4.82527800000003
105.875526,-4.85861099999994
105.887207,-4.88805599999995
105.8797,-4.99666699999989
105.858597,-5.14611099999996
105.81749,-5.53777799999995
105.81749,-5.54444399999994
105.823608,-5.55888800000002
105.8311,-5.57194499999997
105.834717,-5.58194400000002
105.836647,-5.59361200000001
105.836647,-5.60055499999999
105.834717,-5.61888900000002
105.8311,-5.63583399999999
105.800262,-5.77444500000001
105.794708,-5.796111
105.78804,-5.816667
105.77916,-5.83499999999998
105.732483,-5.89777900000001
105.727768,-5.899722
105.722763,-5.89777900000001
105.623596,-5.81916699999999
105.341087,-5.51388900000001
105.293869,-5.45305500000001
105.286926,-5.44638800000001
105.275269,-5.444166
105.2686,-5.444166
105.263611,-5.44638800000001
105.255547,-5.45166699999999
105.171921,-5.58555599999994
105.171097,-5.59027800000001
105.193039,-5.68166600000001
105.211647,-5.75583399999999
105.21582,-5.75861199999997
105.217209,-5.76416699999999
105.21582,-5.76944400000002
105.212486,-5.77305599999994
105.198029,-5.77916699999992
105.145828,-5.79555499999998
105.139709,-5.796111
105.134987,-5.79416699999996
105.059418,-5.75055600000002
104.976646,-5.70333399999993
104.8936,-5.67000000000002
104.783333,-5.60388899999998
104.758614,-5.58750099999992
104.740807,-5.57055599999995
104.725273,-5.54527799999994
104.718872,-5.53777799999995
104.715553,-5.53416599999997
104.699142,-5.51777800000002
104.690811,-5.51250099999993
104.681374,-5.50833399999993
104.671097,-5.50499999999994
104.659988,-5.50222300000001
104.621643,-5.49277799999999
104.609993,-5.49333299999989
104.565536,-5.49944399999998
104.554428,-5.50222300000001
104.544983,-5.50639000000001
104.541367,-5.50972300000001
104.533333,-5.52194500000002
104.531097,-5.52666699999997
104.525818,-5.54166700000002
104.526382,-5.54777799999994
104.540817,-5.58138899999994
104.549149,-5.60055499999999
104.557213,-5.61277799999988
104.579163,-5.63861199999997
104.596939,-5.66194400000001
104.614151,-5.68555499999997
104.627762,-5.70611100000002
104.632751,-5.71499999999997
104.679153,-5.79833299999996
104.688873,-5.81583299999994
104.692749,-5.82555600000001
104.714996,-5.91527699999989
104.713608,-5.92083399999996
104.71138,-5.92555499999986
104.703323,-5.93111099999993
104.6922,-5.93388800000002
104.686096,-5.93444399999993
104.631927,-5.93388800000002
104.579163,-5.93166600000001
104.560776,-5.92974799999996
104.556641,-5.87527799999998
104.555252,-5.86972099999997
104.546371,-5.85138899999993
104.537491,-5.83972299999988
104.527206,-5.82944499999996
104.44136,-5.7530559999999
104.342758,-5.66583300000002
104.306374,-5.62277699999993
104.309143,-5.61888900000002
104.311096,-5.61416599999995
104.311096,-5.60722299999998
104.309982,-5.60166599999991
104.307747,-5.59694500000001
104.299713,-5.58472299999994
104.266098,-5.54999900000001
104.233871,-5.52749999999997
104.173599,-5.48638799999998
104.095261,-5.42916699999995
104.00972,-5.33027800000002
104.003601,-5.27500099999986
104.002777,-5.26888899999994
104.000816,-5.26416699999999
103.904984,-5.12499999999994
103.891098,-5.11138899999997
103.721916,-4.96166699999998
103.717758,-4.958889
103.708328,-4.95499999999998
103.69664,-4.95277799999997
103.626648,-4.93166599999995
103.61161,-4.91943300000003
103.569717,-4.91333399999991
103.552757,-4.91000000000003
103.443039,-4.86083300000001
103.404709,-4.83333299999998
103.354713,-4.79305599999992
103.307213,-4.74722200000002
103.294144,-4.73222299999998
103.283867,-4.72222199999999
103.262772,-4.70222299999995
103.233322,-4.67694499999999
103.225807,-4.67083400000001
103.12915,-4.59583400000002
103.101089,-4.57583299999999
103.051651,-4.54305599999998
103.023041,-4.53083299999992
102.873596,-4.4199999999999
102.853043,-4.39972199999994
102.823608,-4.37360999999993
102.72554,-4.29305599999992
102.718048,-4.28694399999995
102.671371,-4.25083399999994
102.643333,-4.230278
102.599426,-4.19860999999997
102.551376,-4.16444499999994
102.539146,-4.15583299999997
102.493874,-4.12555499999996
102.449417,-4.09500000000003
102.337769,-4.01499999999987
102.326103,-4.00611099999998
102.308319,-3.98972199999992
102.301933,-3.98222199999992
102.291092,-3.96555599999999
102.288879,-3.96083399999998
102.279427,-3.93555499999997
102.277481,-3.92388899999997
102.281372,-3.914444
102.26915,-3.81055499999991
102.241089,-3.68388900000002
102.237762,-3.67361099999994
102.235527,-3.66888899999998
102.224701,-3.65249999999992
102.217758,-3.645555
102.210274,-3.63944400000003
102.2061,-3.63666699999993
102.112762,-3.57944399999991
101.995819,-3.50833399999999
101.869713,-3.42138899999992
101.654427,-3.26666599999993
101.63472,-3.25249999999994
101.626923,-3.24611099999998
101.609154,-3.22305499999993
101.491364,-3.05944399999998
101.485809,-3.05111099999999
101.470261,-3.02583299999998
101.461113,-3.00388900000002
101.404427,-2.88972200000001
101.32222,-2.73222199999992
101.313873,-2.72000000000003
101.303589,-2.709722
101.296097,-2.70361099999991
101.279709,-2.6925
101.261932,-2.68305500000002
101.256943,-2.68083299999995
101.247482,-2.67694499999988
101.199417,-2.65638899999999
101.181091,-2.64749999999992
101.140549,-2.61944399999993
101.124687,-2.60777799999994
101.109711,-2.59527799999989
101.095261,-2.58166699999992
101.085541,-2.57083399999993
101.02887,-2.49749999999995
101.020538,-2.48527799999988
101.006462,-2.45711699999998
100.916382,-2.33583299999998
100.905548,-2.31944499999997
100.838318,-2.18722200000002
100.833603,-2.1716669999999
100.832764,-2.165277
100.832207,-2.14555499999994
100.833603,-2.13999999999999
100.84166,-2.12777799999998
100.861649,-2.10638899999998
100.867203,-2.09833299999997
100.874687,-2.08527800000002
100.880814,-2.07083399999993
100.882202,-2.06527799999998
100.882751,-2.04555599999992
100.882202,-1.99972200000002
100.876083,-1.96472199999994
100.869713,-1.936667
100.866379,-1.92638899999992
100.856087,-1.90249999999997
100.845833,-1.88527800000003
100.741089,-1.73611099999994
100.699997,-1.68111099999999
100.688309,-1.66555499999993
100.675812,-1.65027799999996
100.658043,-1.63388900000001
100.649986,-1.621667
100.647774,-1.61694499999993
100.606087,-1.49555499999997
100.582764,-1.41749999999996
100.586113,-1.38527800000003
100.584717,-1.37972199999996
100.56694,-1.33583299999998
100.564987,-1.33111099999991
100.562187,-1.32694500000002
100.559418,-1.32305600000001
100.555252,-1.32027799999992
100.437477,-1.24138900000003
100.381927,-1.11472199999997
100.382477,-1.108611
100.381927,-1.04555599999986
100.335274,-0.874167
100.331383,-0.864721999999915
100.321663,-0.846666999999968
100.316093,-0.838610999999901
100.293587,-0.806388999999967
100.211929,-0.723332999999968
100.176933,-0.696666999999877
100.163307,-0.683055999999908
100.133041,-0.646666999999979
100.126923,-0.639166999999986
100.116089,-0.622777999999869
100.109993,-0.608333000000016
100.108597,-0.602778000000001
100.098328,-0.578888999999947
100.088593,-0.561110999999926
100.050262,-0.510278000000028
100.013321,-0.471388999999931
100.003052,-0.46111099999996
99.9927520000001,-0.450832999999989
99.9147030000001,-0.398611000000017
99.819992,-0.31444399999998
99.813873,-0.306943999999987
99.808319,-0.298610999999994
99.752197,-0.165555999999867
99.748856,-0.155277999999896
99.748856,-0.148611000000017
99.7527620000001,-0.132222000000013
99.7652590000001,-0.103333000000021
99.7681579999999,-0.0926119999999742
99.7681579999999,-0.085570999999959
99.7652590000001,-0.0744439999999713
99.7597050000001,-0.0594439999999281
99.7549740000001,-0.0505559999999718
99.746628,-0.038332999999966
99.740524,-0.03055599999999
99.659714,0.0530560000000833
99.6358180000001,0.0769440000000259
99.608322,0.0975000000001387
99.5905460000001,0.107222000000036
99.3505400000001,0.230556000000092
99.3410950000001,0.234721999999977
99.3163760000001,0.237222000000088
99.304153,0.236110999999994
99.2930450000001,0.233333000000016
99.2785950000001,0.226944000000003
99.265549,0.219444000000124
99.260818,0.21750000000003
99.2500000000001,0.214722000000052
99.236923,0.213889000000052
99.219711,0.21750000000003
99.168335,0.238611000000105
99.154724,0.245556000000079
99.143066,0.254444000000035
99.1361240000001,0.261389000000008
99.134171,0.26611100000008
99.1361240000001,0.270832999999982
99.1580509999999,0.317499000000055
99.1141660000001,0.342221999999992
99.1108250000001,0.345555000000104
99.1108250000001,0.35111100000006
99.1197200000001,0.36944399999993
99.1224980000001,0.373610999999926
99.1291660000001,0.380555000000015
99.134171,0.389444000000083
99.1355590000001,0.395000000000095
99.1369480000001,0.412778000000003
99.1224980000001,0.508055000000013
99.1033330000001,0.584722000000056
99.035553,0.775833000000091
99.0272220000001,0.788333000000137
99.0211180000001,0.795833000000016
98.9641720000001,0.937499999999943
98.880569,1.1827770000001
98.8386230000001,1.31111099999998
98.7886199999999,1.414444
98.7255710000001,1.51583299999993
98.720856,1.524722
98.7044680000001,1.55638900000002
98.702515,1.5611110000001
98.7039029999999,1.56527800000009
98.714188,1.56861099999998
98.720291,1.56916600000011
98.7297360000001,1.56666700000011
98.7380680000001,1.5611110000001
98.7408449999999,1.55694399999993
98.744736,1.54750000000013
98.751129,1.53972199999998
98.7591860000001,1.53444400000006
98.7647400000001,1.53583300000008
98.7716830000001,1.54249999999996
98.77446,1.54666700000013
98.82225,1.62194399999998
98.824463,1.64611100000008
98.824463,1.66666700000002
98.823639,1.67277700000005
98.7736360000001,1.74472200000002
98.770859,1.74861099999993
98.7647400000001,1.75638900000007
98.750305,1.76944400000008
98.7427830000001,1.77555499999994
98.7305760000001,1.78361100000001
98.7255710000001,1.78583300000003
98.719467,1.78500000000003
98.714188,1.78305500000005
98.709183,1.78083300000003
98.554977,1.90499999999992
98.5380400000001,1.921944
98.5227510000001,1.93444400000004
98.506363,1.94527700000003
98.4563600000001,1.97750000000002
98.439133,1.98777699999999
98.241074,2.08694400000013
98.1443630000001,2.15702700000008
98.138306,2.16249900000003
98.109695,2.18166600000001
98.087753,2.19388799999996
98.0471950000001,2.21527700000007
97.948578,2.26722199999995
97.936905,2.26916600000004
97.925247,2.26722199999995
97.9158020000001,2.26305500000001
97.899139,2.25194400000009
97.890259,2.24722200000002
97.875793,2.24111099999993
97.870514,2.23972199999997
97.864136,2.23916600000013
97.762192,2.26583299999999
97.7519230000001,2.26916600000004
97.748581,2.27250000000004
97.659409,2.39583300000004
97.6546939999999,2.40472200000011
97.6519170000001,2.41583299999996
97.6505280000001,2.42805499999997
97.6483150000001,2.48083300000002
97.6483150000001,2.49444399999999
97.6497040000001,2.49999999999994
97.6505280000001,2.51305500000012
97.6505280000001,2.59777700000001
97.6505280000001,2.62527700000004
97.649139,2.6375000000001
97.6374819999999,2.72166599999997
97.630524,2.76361100000008
97.6249690000001,2.78527700000001
97.6107939999999,2.83277800000008
97.601913,2.85805500000004
97.5969240000001,2.8669440000001
97.587479,2.87777700000004
97.5833130000001,2.88055500000007
97.5771940000001,2.88111100000003
97.5710910000001,2.88055500000007
97.559967,2.87777700000004
97.553848,2.87722199999996
97.5469210000001,2.87722199999996
97.541641,2.87861099999998
97.536636,2.88055500000007
97.4483030000001,2.91555499999998
97.4244079999999,2.92583300000001
97.416077,2.9311110000001
97.3819120000001,2.96527700000013
97.360519,2.99222200000008
97.337189,3.02416600000009
97.3180390000001,3.05305500000009
97.3105160000001,3.06611099999998
97.30246,3.08527700000002
97.293304,3.11722200000014
97.2908019999999,3.128333
97.289413,3.14055500000001
97.289413,3.16111000000001
97.2852480000001,3.17750000000007
97.283035,3.18222200000014
97.2599789999999,3.22055499999999
97.253586,3.22805500000004
97.2496950000001,3.23083300000002
97.2441250000001,3.23222200000004
97.2091370000001,3.23972199999992
97.180252,3.24527699999999
97.1713560000001,3.250833
97.16803,3.254167
97.162476,3.26222199999995
97.07692,3.40111100000007
97.0357970000001,3.48388900000009
97.0274660000001,3.50305500000013
97.005539,3.53611100000012
96.8802490000001,3.67749900000007
96.8732910000001,3.68444299999999
96.86525,3.68999900000011
96.7960820000001,3.73694399999999
96.7877500000001,3.74249900000007
96.7227480000001,3.75138799999996
96.682739,3.75138799999996
96.634979,3.75138799999996
96.610794,3.74805500000008
96.5896910000001,3.74194300000011
96.5710910000001,3.73916600000001
96.5583040000001,3.73833200000013
96.5396880000001,3.74055500000003
96.5233000000001,3.74444299999999
96.51442,3.74805500000008
96.488861,3.76360999999997
96.459412,3.78972099999999
96.428024,3.81972100000007
96.4141390000001,3.83333299999998
96.391647,3.85888799999998
96.3485870000001,3.91944400000006
96.331924,3.94416600000005
96.3216400000001,3.96194400000002
96.314972,3.9755540000001
96.2985840000001,4.00027800000009
96.284134,4.01999999999998
96.268311,4.03861000000001
96.1944120000001,4.11638699999992
96.187469,4.12333200000012
96.1838530000001,4.126665
96.174973,4.13138799999996
96.1607970000001,4.13777700000014
96.155243,4.13888800000007
96.1416470000001,4.13888800000007
96.094971,4.17194400000005
96.066071,4.19777700000003
96.0208130000001,4.21416599999998
96.0091400000001,4.22305500000004
95.943573,4.28194300000007
95.939957,4.28527600000001
95.9038540000001,4.33166599999998
95.828308,4.42055399999992
95.663864,4.57361000000003
95.6446990000001,4.58861100000007
95.5885770000001,4.63361099999997
95.531082,4.68277600000005
95.422745,4.84666600000003
95.2835850000001,5.11833200000007
95.2985840000001,5.143055
95.30275,5.15249899999998
95.304138,5.15805400000011
95.304138,5.16499900000008
95.2999730000001,5.17444300000005
95.2321930000001,5.28305399999999
95.2547,5.39277700000008
95.255539,5.40583200000003
95.252197,5.41611000000012
95.2396850000001,5.45277700000008
95.2238620000001,5.47944400000011
95.2308040000001,5.57083300000011
95.236359,5.56944400000009
95.279419,5.56805500000007
95.284973,5.56944400000009
95.289139,5.57222200000007
95.3405300000001,5.60972099999998
95.4088590000001,5.650555
95.4194180000001,5.65388800000005
95.4321900000001,5.65472100000005
95.598022,5.62944300000004
95.609131,5.62666500000006
95.738571,5.58527700000008
