"V1","V2"
126.501389,37.594437
126.448593,37.5922160000001
126.418869,37.5924910000001
126.410263,37.5938800000001
126.397491,37.598877
126.386383,37.60527
126.381927,37.6088869999999
126.375259,37.6172100000001
126.373032,37.621658
126.371918,37.6269380000001
126.364151,37.7202680000001
126.366653,37.784721
126.368042,37.7902760000001
126.396942,37.8166660000001
126.400543,37.8188860000001
126.420258,37.821938
126.42804,37.8211060000001
126.433594,37.818054
126.438026,37.8144380000001
126.443604,37.806343
126.495247,37.7797160000001
126.500549,37.7766569999999
126.510536,37.769989
126.513893,37.765831
126.516098,37.761108
126.517212,37.7558290000001
126.539429,37.6277690000001
126.513893,37.5972140000001
126.501389,37.594437
