"V1","V2"
24.952499,37.3855510000001
24.8844409999999,37.3636090000001
24.895275,37.4952770000001
24.891666,37.497215
24.889442,37.5000000000001
24.8877749999999,37.503052
24.8869439999999,37.509995
24.889721,37.5124970000001
24.909721,37.5094380000001
24.924999,37.504997
24.933331,37.5013890000001
24.93972,37.496384
24.944164,37.491104
24.9511110000001,37.475273
24.971664,37.4061050000001
24.9725000000001,37.4027710000001
24.9699970000001,37.399719
24.9558299999999,37.387215
24.952499,37.3855510000001
