"V1","V2"
-82.429443,69.782211
-82.444153,69.7783200000001
-82.470551,69.781372
-82.5133359999999,69.788315
-82.526108,69.790543
-82.551392,69.7966460000001
-82.564438,69.800812
-82.688599,69.8508150000001
-82.674438,69.874985
-82.67305,69.8758090000001
-82.660553,69.8760830000001
-82.636398,69.8710940000001
-82.555832,69.8608090000001
-82.5172269999999,69.854156
-82.446106,69.8222200000001
-82.436661,69.8174900000001
-82.4288789999999,69.812195
-82.426666,69.799988
-82.425827,69.7930450000001
-82.426102,69.786926
-82.429443,69.782211
