"V1","V2"
-72.3222349999999,-54.258057
-72.430008,-54.261948
-72.468338,-54.258614
-72.4900049999999,-54.2502819999999
-72.501114,-54.243057
-72.5111239999999,-54.202782
-72.386948,-54.0913929999999
-72.369736,-54.081116
-72.3633419999999,-54.077782
-72.331955,-54.069168
-72.309723,-54.06945
-72.301682,-54.071671
-72.296402,-54.075279
-72.294189,-54.078903
-72.238617,-54.108894
-72.210846,-54.140007
-72.207779,-54.145004
-72.2069549999999,-54.148338
-72.251953,-54.200562
-72.2994539999999,-54.251396
-72.3041689999999,-54.2552799999999
-72.3222349999999,-54.258057
