"V1","V2"
100.654968,6.44833199999999
100.661087,6.44749800000011
100.666641,6.44749800000011
100.681351,6.4533330000001
100.716919,6.48000000000008
100.748581,6.50361100000003
100.75415,6.50194399999998
100.822746,6.43611000000004
100.833588,6.419443
100.854141,6.32555500000001
100.854691,6.31944399999992
100.84787,6.29696399999995
100.846916,6.28499900000014
100.849136,6.26027799999997
100.852188,6.24277700000005
100.854141,6.23805400000003
100.857468,6.23444399999994
100.945801,6.23861000000005
100.95137,6.23972099999997
100.955544,6.24249800000007
101.009697,6.26944400000008
101.105797,6.253333
101.111359,6.25166600000011
101.115517,6.24888800000014
101.121628,6.19416500000005
101.121628,6.18722099999997
101.118851,6.18333200000006
101.11441,6.18055400000009
101.109413,6.17860999999999
101.099136,6.11888800000008
101.106354,6.05027700000005
101.117737,6.001666
101.120239,5.99055500000009
101.119423,5.984444
101.104141,5.93110999999999
101.101357,5.92694400000005
101.093582,5.92083299999996
101.083588,5.91694400000006
101.072479,5.914444
101.065521,5.91472099999999
101.054962,5.9113880000001
101.042473,5.90361000000013
101.035797,5.89611100000013
100.993584,5.80610899999999
100.990517,5.79499900000002
100.99025,5.78805400000005
100.994659,5.77962300000002
101.057457,5.72916599999996
101.132187,5.6383320000001
101.139687,5.63194299999998
101.145813,5.63110999999998
101.151642,5.63249899999994
101.164978,5.6383320000001
101.183029,5.6474990000001
101.19635,5.65472100000005
101.218307,5.66722099999998
101.222473,5.66999900000013
101.226067,5.67333200000002
101.256088,5.70583200000004
101.258873,5.70972200000006
101.261368,5.72138799999999
101.311897,5.80722099999997
101.452187,5.86305400000003
101.506042,5.88057100000009
101.555237,5.91083200000008
101.569977,5.91666600000002
101.57637,5.9172210000001
101.582474,5.91611
101.602463,5.90805400000011
101.610519,5.90249900000003
101.658859,5.86055500000003
101.660797,5.85555500000004
101.660522,5.84861000000006
101.657471,5.83777700000007
101.656631,5.83166600000004
101.657204,5.82527700000003
101.660248,5.81499899999994
101.684967,5.77083299999998
101.691643,5.76361099999997
101.69635,5.76138900000001
101.699547,5.76097100000004
101.743584,5.78861000000001
101.74913,5.78972099999993
101.762482,5.78888799999993
101.769974,5.78249899999997
101.775253,5.77388900000005
101.779694,5.76472200000006
101.788567,5.75277699999992
101.796631,5.74722100000014
101.806084,5.74277699999993
101.81163,5.74111000000005
101.8172,5.73972100000003
101.824142,5.73944299999999
101.829147,5.74138700000003
101.833862,5.74333200000007
101.938293,5.85388799999998
101.943848,5.86194299999994
101.946907,5.8727760000001
101.947189,5.87972100000007
101.944962,5.89777800000002
101.942459,5.90888799999999
101.940804,5.92749899999995
101.94136,5.94833200000011
101.946091,5.96472199999999
101.948303,5.96944299999996
101.956917,5.98166600000002
101.975517,6.00472200000007
101.981918,6.01222100000007
101.989143,6.01888800000012
102.011093,6.03833200000008
102.09053,6.15416499999998
102.09523,6.23613799999998
102.123016,6.21805400000011
102.166656,6.19360900000009
102.173027,6.19277600000009
102.179153,6.193331
102.184143,6.19499800000006
102.195534,6.20444300000014
102.193588,6.20944300000014
102.190811,6.21361000000013
102.187477,6.21722
102.183319,6.21999800000003
102.221649,6.21749800000009
102.313026,6.18944299999998
102.326103,6.18166500000001
102.34166,6.16944300000006
102.358597,6.15166599999998
102.382751,6.12083199999995
102.388046,6.11222099999998
102.4086,6.07777700000008
102.415268,6.06388800000002
102.432747,6.0200000000001
102.485809,5.90722199999999
102.490257,5.89805500000006
102.498322,5.88555499999995
102.50499,5.87860999999998
102.539726,5.8531680000001
102.58136,5.82861000000014
102.60524,5.81222099999997
102.616638,5.80277600000011
102.630249,5.78861000000001
102.640808,5.77194400000008
102.651367,5.75499900000011
102.655243,5.74527599999993
102.665802,5.72833299999996
102.669128,5.7247210000001
102.672737,5.72111000000012
102.838028,5.59222099999994
102.846359,5.58638799999994
102.876907,5.568333
102.915253,5.54999900000007
102.924683,5.54555399999998
102.930252,5.54416600000008
102.950256,5.5422210000001
102.955811,5.5405550000001
102.960533,5.53833199999997
102.976913,5.52694400000013
103.03775,5.47694400000006
103.058006,5.45555500000012
103.070824,5.44055500000013
103.096077,5.41027700000012
103.117462,5.38333300000011
103.126358,5.37138700000003
103.181923,5.28277699999995
103.208313,5.24055500000009
103.228027,5.20555499999995
103.24025,5.17694400000005
103.248016,5.15749899999997
103.265533,5.11333300000001
103.279137,5.08610999999996
103.356079,4.94916499999994
103.409973,4.8580540000001
103.441071,4.76527700000003
103.454971,4.62694400000009
103.454147,4.49110999999994
103.453308,4.48499900000007
103.453583,4.47194400000006
103.464981,4.41166600000014
103.476357,4.37472100000002
103.483307,4.35444400000006
103.487747,4.34527700000012
103.49469,4.31833300000005
103.492737,4.29916600000013
103.48941,4.28805399999999
103.483582,4.27305500000011
103.46637,4.234444
103.446564,4.16643700000003
103.416924,4.15305400000011
103.41275,4.15055500000011
103.409973,4.14638800000012
103.397202,4.11722100000003
103.394699,4.10555500000004
103.394127,4.0849990000001
103.401077,4.05777600000005
103.409126,4.03222199999993
103.413857,3.958889
103.376358,3.86305499999997
103.3358,3.75388899999996
103.334702,3.74222200000008
103.339142,3.72638800000004
103.371078,3.64277700000008
103.384979,3.62222100000008
103.424973,3.57277700000003
103.448303,3.54805500000003
103.461639,3.53388899999993
103.464417,3.52972199999994
103.478027,3.50666699999999
103.478577,3.50027800000004
103.476357,3.49555500000002
103.472748,3.49222200000014
103.457748,3.47277700000012
103.443848,3.444999
103.439407,3.4352770000001
103.426361,3.39249900000004
103.425797,3.37166600000006
103.427193,3.32972200000006
103.428848,3.31805500000002
103.432457,3.30138799999997
103.439407,3.28055499999999
103.444412,3.25833300000005
103.45137,3.21833200000009
103.454697,3.18777700000004
103.454147,3.17416600000007
103.45137,3.14861100000007
103.447456,3.13166600000011
103.443573,3.12138800000002
103.434692,3.05277699999999
103.43219,2.97027700000012
103.432457,2.95722199999994
103.433029,2.95111100000008
103.435791,2.93388800000002
103.440247,2.91777800000006
103.449127,2.89277700000002
103.453583,2.88361099999997
103.469421,2.857778
103.482468,2.83666600000009
103.501648,2.80805500000014
103.516083,2.78833300000008
103.528847,2.77333299999992
103.548019,2.75138900000007
103.561363,2.73722199999992
103.592194,2.70611000000002
103.618851,2.68055499999997
103.637016,2.66409300000004
103.653313,2.66083300000014
103.727753,2.63999999999999
103.765259,2.625833
103.817467,2.58166599999993
103.820251,2.57750000000004
103.825813,2.5627770000001
103.834412,2.523889
103.833313,2.5108330000001
103.824982,2.484444
103.829147,2.46833299999997
103.831093,2.46361100000007
103.841637,2.44666600000011
103.898323,2.38583300000005
103.977463,2.24305500000003
104.019699,2.1366660000001
104.058296,2.059166
104.115799,1.96611100000007
104.188293,1.80500000000001
104.221359,1.72277700000006
104.22525,1.713055
104.253593,1.63333300000011
104.293297,1.43777799999992
104.281647,1.3736110000001
104.275803,1.36555500000003
104.271088,1.36361099999993
104.216919,1.34222199999999
104.211906,1.34027800000007
104.200813,1.33777800000001
104.18718,1.33833300000009
104.174683,1.33999999999997
104.152473,1.3455550000001
104.115799,1.36111100000005
104.106918,1.36611100000005
104.099701,1.3725
104.097198,1.37694399999998
104.047737,1.46888899999999
104.077591,1.5033590000001
103.983582,1.62944400000003
103.980263,1.63305500000001
103.973587,1.64027800000008
103.969704,1.643055
103.959412,1.64694400000008
103.953857,1.64555500000012
103.95108,1.64166599999999
103.967468,1.5972220000001
103.969421,1.59222199999994
103.971909,1.58805499999994
103.97525,1.58444400000013
103.985237,1.57388900000007
103.98941,1.57111100000009
103.995796,1.56388900000007
104.004433,1.55194399999993
104.010803,1.5380550000001
104.011368,1.53194400000001
104.010529,1.46194399999996
104.005814,1.44555500000001
104.003593,1.44083300000011
103.998016,1.43277700000004
103.986633,1.42361099999999
103.976913,1.41972200000009
103.965263,1.41805499999998
103.908577,1.43083299999995
103.903313,1.43222200000014
103.89859,1.43472200000002
103.880524,1.4508330000001
103.86441,1.46249999999998
103.846077,1.47194399999995
103.8358,1.47555499999993
103.829697,1.47666600000002
103.823029,1.47666600000002
103.811081,1.47500000000002
103.688293,1.44944400000008
103.684128,1.44666600000011
103.673286,1.43666599999995
103.579971,1.3455550000001
103.512138,1.26952800000004
103.464417,1.31000000000006
103.45636,1.32277699999997
103.452759,1.332222
103.440247,1.37388800000008
103.421356,1.43694400000004
103.41774,1.45361100000008
103.407753,1.48472199999992
103.403847,1.49444399999999
103.396927,1.50777700000003
103.388313,1.519722
103.378304,1.53027700000007
103.370796,1.53666600000008
103.348587,1.54888800000003
103.316933,1.56555500000007
103.28775,1.57888800000001
103.261368,1.58722199999994
103.245506,1.59249899999998
103.215813,1.60444400000011
103.191353,1.61472199999997
103.011917,1.72777700000006
102.852188,1.831388
102.83609,1.84277700000001
102.827187,1.84777699999995
102.816933,1.85166600000008
102.805527,1.85388899999998
102.779968,1.85249900000008
102.726067,1.84583300000008
102.714691,1.84833300000014
102.704971,1.85277699999995
102.693573,1.86194400000011
102.686897,1.86888800000003
102.676643,1.88583299999999
102.553299,2.04805499999998
102.512192,2.07583199999999
102.495239,2.08666600000004
102.487518,2.09088799999995
102.467468,2.1005550000001
102.433578,2.11527699999999
102.29274,2.16916600000013
102.196617,2.20555400000012
102.182457,2.21194400000002
102.173019,2.217221
102.164688,2.22277600000007
102.104141,2.26861000000008
102.013031,2.35611000000011
101.98616,2.39003600000001
101.931351,2.415277
101.849701,2.47249900000003
101.785522,2.57333300000005
101.774689,2.58305500000012
101.760529,2.58972100000011
101.748863,2.59194300000013
101.73497,2.59249899999992
101.72052,2.59147700000011
101.698013,2.59472100000011
101.549408,2.65499900000003
101.517471,2.67166600000007
101.504822,2.68091400000003
101.486633,2.69722200000001
101.476639,2.70777800000002
101.467743,2.71972099999999
101.457199,2.73638800000003
101.454697,2.74055500000003
101.450813,2.75027799999998
101.443573,2.76361100000008
101.433029,2.78027700000001
101.413589,2.80222199999997
101.401367,2.81083300000012
101.392471,2.81583300000011
101.377457,2.82166600000011
101.360237,2.82555500000001
101.319138,2.8266660000001
101.307457,2.82888800000006
101.292473,2.834722
101.284973,2.84111099999996
101.283043,2.84611000000007
101.282471,2.85222200000004
101.281357,2.89416600000004
101.294693,2.92000000000007
101.316071,2.95388799999995
101.329422,2.96805500000011
101.341347,2.97666600000008
101.356079,2.98249900000008
101.36441,2.98777699999999
101.371628,2.99444400000004
101.372467,3.00055600000002
101.371078,3.03305499999999
101.368301,3.05722200000008
101.367188,3.06277699999998
101.361359,3.07722200000006
101.355797,3.08555500000011
101.34581,3.0963880000001
101.32164,3.12027699999993
101.317749,3.13000000000011
101.31665,3.13555500000001
101.305801,3.20611000000008
101.305237,3.23222200000004
101.300247,3.25444399999998
101.294418,3.26888800000012
101.285797,3.28083300000009
101.242188,3.33361099999996
101.238861,3.33694400000007
101.234703,3.33999999999997
101.22525,3.34444400000012
101.199982,3.35388900000004
101.193298,3.36083300000007
101.180527,3.37555500000013
101.111633,3.46472200000011
101.106354,3.47333300000008
101.09108,3.49916600000006
101.071907,3.53472199999993
101.064972,3.55472200000008
101.059967,3.57694400000003
101.05275,3.59694400000001
101.041641,3.61333300000013
101.02803,3.62805500000002
100.884979,3.75388899999996
100.868584,3.76555500000012
100.858307,3.76916599999993
100.839691,3.77166600000004
100.825813,3.77194400000013
100.813583,3.77361100000002
100.810242,3.77722199999999
100.807457,3.78138800000011
100.806923,3.78750000000008
100.80719,3.79444399999994
100.808578,3.80000000000013
100.810791,3.80472200000003
100.822197,3.82083300000011
100.828583,3.82833299999999
100.844131,3.844334
100.785522,3.83916599999998
100.77858,3.83916599999998
100.759979,3.84166600000003
100.754433,3.84333299999992
100.745506,3.84833300000008
100.733307,3.85666700000007
100.722473,3.86666599999995
100.719131,3.87027699999999
100.70636,3.8858330000001
100.70108,3.89416599999998
100.697189,3.90388800000005
100.696907,3.91694400000011
100.702469,3.9747210000001
100.703857,3.98694399999994
100.710533,3.99444400000004
100.714691,3.99722200000002
100.720253,3.99833300000012
100.725517,3.99694399999993
100.737183,3.98750000000013
100.741913,3.98527700000005
100.759979,3.98222200000004
100.773033,3.98249900000008
100.784126,3.98500000000007
100.86969,4.01749899999999
100.869957,4.02305499999994
100.864693,4.03138800000005
100.696907,4.15194300000002
100.684692,4.15888799999999
100.668854,4.16416500000003
100.656357,4.16583299999996
100.650803,4.16472099999999
100.638313,4.15666600000003
100.633324,4.154721
100.627747,4.15611000000001
100.620506,4.16249900000003
100.61441,4.17722100000003
100.601913,4.22166499999997
100.580811,4.30277600000005
100.572197,4.33999900000003
100.583038,4.39916600000009
100.588867,4.586388
100.589142,4.74499899999995
100.590813,4.75055500000013
100.594131,4.75388800000002
100.600517,4.75444400000003
100.60553,4.79833200000013
100.510803,4.88611000000009
100.456093,4.91083200000014
100.45108,4.90888800000005
100.442177,4.91388800000004
100.435516,4.92111
100.402191,4.98388800000004
100.379959,5.03666600000008
100.362183,5.08055500000006
100.361076,5.08610999999996
100.363861,5.09027699999996
100.404663,5.11999900000001
100.41275,5.13805500000001
100.424683,5.16805499999998
100.433578,5.19416500000011
100.430801,5.28249900000003
100.382736,5.51333299999993
100.380249,5.52444400000002
100.37413,5.53916499999997
100.371628,5.54333199999996
100.349136,5.569166
100.35025,5.60916500000002
100.368584,5.66194300000006
100.37413,5.68333200000001
100.375793,5.82111099999997
100.369423,5.875832
100.363586,5.91749900000002
100.35553,5.96388800000005
100.348022,5.99722100000008
100.337479,6.02777700000001
100.286636,6.13444400000003
100.250809,6.20833299999993
100.242737,6.22111000000001
100.233856,6.23083200000008
100.212753,6.24444300000005
100.194412,6.25600100000014
100.191353,6.25805500000007
100.184692,6.26499899999999
100.171913,6.28666600000003
100.160797,6.31666700000005
100.128853,6.40777700000001
100.126862,6.41961700000002
100.127113,6.42494699999992
100.141922,6.436666
100.164139,6.46305499999994
100.166924,6.46694400000007
100.171356,6.47666500000003
100.193573,6.56944400000009
100.19191,6.58111100000013
100.187737,6.59083300000003
100.180527,6.60416600000008
100.174408,6.61888800000014
100.174683,6.62583200000006
100.189957,6.687499
100.191643,6.69305400000007
100.195801,6.70249899999993
100.198853,6.7066660000001
100.203842,6.70936800000004
100.214981,6.71111000000008
100.264137,6.7066660000001
100.293854,6.70388800000012
100.298859,6.70166599999993
100.30275,6.69888800000012
100.305527,6.69472100000013
100.328583,6.63527700000009
100.331093,6.62416600000006
100.33165,6.61805400000003
100.33136,6.60416600000008
100.332474,6.59194400000013
100.334412,6.58694400000013
100.336906,6.58277700000014
100.374397,6.54388799999998
100.379044,6.54076600000008
100.387482,6.53610999999995
100.436897,6.51555500000012
100.64386,6.45138800000007
100.654968,6.44833199999999
