"V1","V2"
-81.349442,24.6297190000001
-81.35556,24.6294400000001
-81.357498,24.6305499999999
-81.3580469999999,24.6341630000001
-81.3546449999999,24.649704
-81.35611,24.649998
-81.3650049999999,24.655273
-81.371658,24.6608279999999
-81.431671,24.7452740000001
-81.4280549999999,24.7486040000001
-81.415558,24.7463840000001
-81.4113919999999,24.7449950000001
-81.40834,24.743607
-81.3986209999999,24.7369380000001
-81.375275,24.714718
-81.360825,24.7008290000001
-81.337624,24.653782
-81.335831,24.6497190000001
-81.334442,24.638885
-81.33667,24.634995
-81.349442,24.6297190000001
