"V1","V2"
121.613876,-0.206666999999925
121.607758,-0.207499999999925
121.602478,-0.206111000000021
121.593597,-0.201388999999949
121.581673,-0.192499999999995
121.570831,-0.182777999999985
121.568047,-0.178610999999933
121.563873,-0.169167000000016
121.562477,-0.163610999999946
121.562477,-0.15666699999997
121.563873,-0.151388999999995
121.566673,-0.147221999999999
121.581673,-0.134722000000011
121.59082,-0.129999999999939
121.612762,-0.124443999999983
121.624977,-0.123055999999963
121.631927,-0.123055999999963
121.637207,-0.124443999999983
121.642761,-0.13277799999986
121.646103,-0.143056000000001
121.646873,-0.151958999999977
121.647491,-0.164999999999964
121.644707,-0.175833000000011
121.639977,-0.185000000000002
121.633881,-0.192499999999995
121.626923,-0.199166999999989
121.618874,-0.204721999999947
121.613876,-0.206666999999925
