"V1","V2"
-74.6513979999999,-50.588615
-74.6602779999999,-50.589447
-74.667511,-50.586945
-74.6714019999999,-50.5825039999999
-74.6875,-50.53389
-74.6875,-50.527779
-74.685837,-50.5216669999999
-74.6808469999999,-50.517784
-74.664169,-50.5075069999999
-74.657227,-50.50528
-74.648346,-50.5041729999999
-74.6377869999999,-50.5050049999999
-74.6158449999999,-50.512222
-74.591675,-50.524727
-74.58168,-50.532227
-74.579178,-50.537224
-74.580841,-50.543335
-74.583618,-50.5486149999999
-74.595566,-50.5625
-74.600281,-50.566391
-74.6319579999999,-50.5805589999999
-74.6444549999999,-50.586113
-74.6513979999999,-50.588615
