"V1","V2"
123.563873,10.794165
123.465553,10.5180550000001
123.451393,10.502777
123.422493,10.4783310000001
123.419144,10.4761090000001
123.407494,10.472498
123.396378,10.469164
123.393883,10.4680539999999
123.373032,10.452221
123.361923,10.435276
123.357483,10.4261090000001
123.35054,10.4102760000001
123.346848,10.3944000000001
123.333878,10.276665
123.327209,10.2458310000001
123.324997,10.238886
123.2836,10.127775
123.26915,10.091665
123.265266,10.082499
123.238586,10.024721
123.237198,10.0219440000001
123.225273,10.003887
123.218048,9.9977760000001
123.206383,9.98388700000004
123.185532,9.95444300000008
123.160538,9.9147210000001
123.157761,9.90916400000003
123.153053,9.89888799999994
123.136383,9.83610900000002
123.136658,9.83166500000004
123.138321,9.82833100000005
123.143333,9.82249800000005
123.144707,9.81722100000007
123.156937,9.75666600000011
123.162201,9.71277600000002
123.163597,9.69860799999998
123.162201,9.69194199999998
123.154984,9.66055500000004
123.143051,9.65111000000002
123.129433,9.65333199999998
123.118591,9.65361000000007
123.116089,9.65111000000002
123.106369,9.62944200000004
123.107758,9.62583000000001
123.14888,9.54499800000008
123.189148,9.47722099999999
123.191933,9.47305300000005
123.238312,9.42194400000011
123.3022,9.34860800000007
123.312759,9.33305400000012
123.315536,9.319164
123.312759,9.29638699999992
123.296371,9.2297190000001
123.29248,9.21971899999994
123.278053,9.19277599999998
123.24498,9.1466660000001
123.189697,9.09527599999996
123.161652,9.06999800000011
123.133041,9.04638699999998
123.125526,9.04361000000006
123.014709,9.03388799999999
122.986099,9.04698400000001
122.941933,9.07222000000013
122.936096,9.07610900000003
122.909149,9.13777700000003
122.889977,9.19444300000009
122.878593,9.23249800000002
122.873871,9.26249899999999
122.875259,9.28388799999999
122.873306,9.30722000000009
122.872482,9.31222000000008
122.869141,9.32083100000006
122.863602,9.32722100000012
122.806374,9.35499799999997
122.786926,9.35972000000004
122.727203,9.37221900000003
122.713043,9.37499800000012
122.705551,9.37194299999993
122.701927,9.37221900000003
122.690536,9.37444100000005
122.6772,9.37833000000012
122.674423,9.37971900000014
122.642487,9.39860900000008
122.603867,9.42333200000002
122.59494,9.435024
122.577209,9.44583099999994
122.542763,9.48249800000013
122.540543,9.48499700000013
122.482483,9.55916400000012
122.413879,9.65833300000008
122.396378,9.72860900000001
122.406647,9.798609
122.452766,9.97333100000003
122.454987,9.97638699999993
122.495819,9.98194100000012
122.505257,9.98194100000012
122.530823,9.98138600000004
122.57222,9.97805400000004
122.606369,9.97194299999995
122.618042,9.970552
122.659714,9.97277500000007
122.666382,9.97333100000003
122.686653,9.98166500000002
122.794144,10.03611
122.813873,10.0511090000001
122.821663,10.053053
122.855553,10.0927750000001
122.858322,10.0974979999999
122.861649,10.1199970000001
122.861649,10.152498
122.85498,10.318888
122.829437,10.427221
122.833878,10.5441650000001
122.838043,10.543888
122.846649,10.545553
122.859421,10.550831
122.880257,10.5672210000001
122.916656,10.6091630000001
122.919434,10.613052
122.952209,10.6872200000001
122.962769,10.7349970000001
122.963608,10.740553
122.967209,10.801664
122.964996,10.80722
122.959717,10.8133319999999
122.948593,10.8333320000001
122.946373,10.8444420000001
122.946091,10.858332
122.952477,10.8944440000001
123.000267,10.9191650000001
123.185257,10.999441
123.197479,11.0005550000001
123.201103,11.000277
123.224426,10.9966640000001
123.503326,10.9386100000001
123.506104,10.93611
123.562759,10.844721
123.563873,10.8322200000001
123.563873,10.794165
