"V1","V2"
-18.858334,81.9744260000001
-18.8716659999999,81.9733120000001
-18.899723,81.974152
-18.9580539999999,81.9813689999999
-19.003056,81.9897
-19.005558,81.996643
-19.005001,82.003876
-18.9936099999999,82.00972
-18.988888,82.015549
-18.9936099999999,82.026932
-19.012501,82.0383150000001
-19.028614,82.0441440000001
-19.069447,82.058319
-19.166111,82.087494
-19.212776,82.0977630000001
-19.242775,82.1022030000001
-19.2658349999999,82.106934
-19.321945,82.137207
-19.411667,82.2008210000001
-19.4138869999999,82.2055510000001
-19.398056,82.2099909999999
-19.3849979999999,82.2119290000001
-19.3422239999999,82.2124940000001
-19.3125,82.209717
-19.289169,82.2052610000001
-19.2388879999999,82.1880340000001
-19.2252769999999,82.1819310000001
-19.219997,82.1777650000001
-19.170277,82.1452639999999
-19.042225,82.0849910000001
-18.9222219999999,82.0566410000001
-18.883057,82.046097
-18.792225,81.9919280000001
-18.797501,81.9869230000001
-18.858334,81.9744260000001
