"V1","V2"
-52.693054,69.9174800000001
-52.640839,69.904434
-52.537506,69.8799740000001
-52.491669,69.8710940000001
-52.3716659999999,69.853317
-52.296394,69.842758
-52.191383,69.831375
-52.075279,69.8149870000001
-52.041946,69.8088680000001
-52.011116,69.8022000000001
-51.9969479999999,69.798599
-51.961113,69.786102
-51.943329,69.7772059999999
-51.912773,69.754166
-51.906387,69.7433170000001
-51.90361,69.736923
-51.903885,69.7319340000001
-51.913055,69.721649
-51.9599989999999,69.687485
-51.970276,69.6827550000001
-51.981667,69.6799770000001
-51.9994429999999,69.6802670000001
-52.019997,69.678864
-52.026665,69.673599
-52.013893,69.667206
-51.974998,69.6566470000001
-51.892227,69.635818
-51.881111,69.6336060000001
-51.863335,69.6333310000001
-51.85611,69.6399840000001
-51.8799969999999,69.648331
-51.904716,69.65387
-51.9024959999999,69.654434
-51.864723,69.6466520000001
-51.840279,69.639709
-51.832222,69.6322020000001
-51.833328,69.6260830000001
-51.9522249999999,69.5544280000001
-51.981384,69.538879
-52.010284,69.5244290000001
-52.078339,69.498032
-52.181389,69.4688720000001
-52.2541729999999,69.448318
-52.2799989999999,69.443588
-52.515839,69.406097
-52.55278,69.4027710000001
-52.6127779999999,69.3874970000001
-52.637222,69.381363
-52.6522219999999,69.3780360000001
-52.753059,69.358597
-52.799171,69.3522030000001
-52.873055,69.3488770000001
-52.915833,69.3449860000001
-52.946663,69.34166
-53.135277,69.3166660000001
-53.411942,69.265823
-53.547501,69.2341460000001
-53.560555,69.2308200000001
-53.574722,69.229431
-53.582222,69.22998
-53.8383329999999,69.2599950000001
-53.852501,69.2633210000001
-53.862503,69.268051
-53.869164,69.280823
-53.870552,69.291931
-53.873886,69.298035
-53.8794399999999,69.303864
-53.901665,69.3119200000001
-53.934441,69.31749
-53.998611,69.318604
-54.0805589999999,69.3233180000001
-54.126389,69.3302760000001
-54.15361,69.3355410000001
-54.165833,69.339706
-54.213615,69.357758
-54.2233279999999,69.363037
-54.26445,69.3888850000001
-54.269447,69.396103
-54.269165,69.4022060000001
-54.264725,69.414429
-54.259445,69.4224850000001
-54.2436139999999,69.443863
-54.2383349999999,69.447754
-54.2213819999999,69.451096
-53.9130549999999,69.4377590000001
-53.865005,69.429977
-53.825279,69.4216460000001
-53.7955549999999,69.41748
-53.779442,69.418045
-53.752785,69.4216460000001
-53.674721,69.4396970000001
-53.590836,69.443863
-53.4906009999999,69.4359130000001
-53.467216,69.4341430000001
-53.446106,69.433594
-53.43,69.4341430000001
-53.39917,69.437485
-53.386391,69.4396970000001
-53.3777769999999,69.441925
-53.37722,69.443314
-53.378883,69.444138
-53.398613,69.448593
-53.45472,69.4508210000001
-53.485832,69.4508210000001
-53.535835,69.453323
-53.563614,69.4583280000001
-53.572227,69.4608150000001
-53.576668,69.4644320000001
-53.577499,69.46666
-53.576668,69.474152
-53.5652769999999,69.496933
-53.546112,69.514709
-53.5072249999999,69.5463710000001
-53.4952769999999,69.556091
-53.485832,69.560532
-53.460281,69.5646970000001
-53.3811109999999,69.569717
-53.3669429999999,69.570831
-53.353889,69.5730439999999
-53.346947,69.5760960000001
-53.3474959999999,69.5797120000001
-53.358055,69.582214
-53.3711089999999,69.5841520000001
-53.442223,69.5844270000001
-53.500557,69.5772089999999
-53.5088959999999,69.5760960000001
-53.558609,69.5655360000001
-53.596947,69.549423
-53.594719,69.5397030000001
-53.591385,69.534149
-53.593887,69.5233150000001
-53.5963899999999,69.516388
-53.6150049999999,69.500275
-53.628609,69.4905400000001
-53.650276,69.4810940000001
-53.6947169999999,69.468323
-53.7125019999999,69.4636080000001
-53.776108,69.4516600000001
-53.791946,69.451096
-53.841942,69.4583280000001
-53.856392,69.461655
-53.8586119999999,69.4660950000001
-53.851112,69.470535
-53.792229,69.4897
-53.747223,69.503876
-53.737221,69.5088810000001
-53.7308269999999,69.515549
-53.736946,69.5199890000001
-53.749443,69.522766
-53.76445,69.5199890000001
-53.8199999999999,69.5088810000001
-53.8719409999999,69.496933
-53.938889,69.486374
-53.94944,69.484985
-53.966942,69.484985
-53.991943,69.491653
-53.996948,69.498871
-53.995003,69.5041660000001
-53.988335,69.5108179999999
-53.957222,69.5252689999999
-53.9341659999999,69.533875
-53.888054,69.5508120000001
-53.878052,69.5558170000001
-53.869995,69.5616460000001
-53.865555,69.5674900000001
-53.868057,69.5719300000001
-53.872223,69.575546
-53.889442,69.582489
-53.940552,69.6022030000001
-53.951393,69.6055450000001
-53.968887,69.6055450000001
-53.9819409999999,69.602768
-53.99028,69.5969390000001
-53.988892,69.5908200000001
-53.978607,69.5716550000001
-53.977219,69.5646970000001
-53.984726,69.5608060000001
-53.994164,69.5566410000001
-53.998611,69.5552520000001
-54.026108,69.550537
-54.071388,69.545822
-54.112778,69.545532
-54.460556,69.5580290000001
-54.483612,69.5591430000001
-54.6588899999999,69.570541
-54.692497,69.5760960000001
-54.7213819999999,69.582764
-54.8091659999999,69.607758
-54.819725,69.611099
-54.9813839999999,69.6858060000001
-54.994446,69.6947020000001
-54.9780499999999,69.7194369999999
-54.967216,69.7272030000001
-54.926392,69.7419280000001
-54.9133299999999,69.7455290000001
-54.896111,69.7488710000001
-54.863892,69.7502750000001
-54.676949,69.7513890000001
-54.653885,69.7488710000001
-54.645004,69.745819
-54.629723,69.738876
-54.623611,69.7338710000001
-54.6136169999999,69.723038
-54.60778,69.7180480000001
-54.597496,69.7133180000001
-54.424721,69.670822
-54.4113849999999,69.6694340000001
-54.3963929999999,69.6722110000001
-54.389442,69.6752620000001
-54.389999,69.678864
-54.408607,69.687195
-54.470276,69.7141570000001
-54.634445,69.774994
-54.647499,69.777481
-54.668892,69.77916
-54.72805,69.780273
-54.76722,69.781937
-54.8191679999999,69.787491
-54.848885,69.7930450000001
-54.8847269999999,69.804153
-54.904167,69.81192
-54.921944,69.823608
-54.930557,69.8336030000001
-54.9341659999999,69.839706
-54.9361109999999,69.8455350000001
-54.9318999999999,69.8577880000001
-54.8672179999999,69.933319
-54.863892,69.9366460000001
-54.847221,69.9449770000001
-54.8177799999999,69.953873
-54.7833329999999,69.9608150000001
-54.768608,69.9627690000001
-54.753891,69.964432
-54.7066649999999,69.9672090000001
-54.68306,69.9660950000001
-54.6133349999999,69.9591520000001
-54.571671,69.9524840000001
-54.513062,69.9430390000001
-54.419724,69.9291530000001
-54.379723,69.9238740000001
-54.325562,69.9180450000001
-54.2502819999999,69.9113770000001
-54.229439,69.9130400000001
-54.227776,69.917206
-54.238892,69.925262
-54.252502,69.9313660000001
-54.2630619999999,69.934708
-54.300278,69.9424740000001
-54.406662,69.958328
-54.422226,69.9602660000001
-54.4819409999999,69.9616550000001
-54.4988859999999,69.964432
-54.594444,69.9830470000001
-54.609169,69.986923
-54.72805,70.0197140000001
-54.7769699999999,70.037781
-54.7950059999999,70.0458220000001
-54.8177799999999,70.060532
-54.822227,70.065536
-54.829727,70.078323
-54.832504,70.0872040000001
-54.834724,70.098328
-54.84333,70.175812
-54.833885,70.1905360000001
-54.820839,70.204437
-54.794724,70.2205350000001
-54.761116,70.2405400000001
-54.751114,70.2455290000001
-54.675278,70.2574920000001
-54.5377809999999,70.281937
-54.4291689999999,70.309708
-54.301941,70.316376
-53.971664,70.2836
-53.8383329999999,70.2697140000001
-53.808609,70.262772
-53.7894439999999,70.2599950000001
-53.678337,70.247757
-53.632217,70.2447050000001
-53.583611,70.2438660000001
-53.5197219999999,70.2408140000001
-53.4599989999999,70.2330470000001
-53.266396,70.194977
-53.241112,70.187485
-53.067505,70.1297000000001
-53.047501,70.120255
-53.0313869999999,70.1110989999999
-52.995552,70.0863800000001
-52.969719,70.0677640000001
-52.94194,70.044144
-52.9230579999999,70.0322110000001
-52.889168,70.0130460000001
-52.775833,69.951935
-52.724442,69.9283139999999
-52.693054,69.9174800000001
