"V1","V2"
-55.763062,53.029434
-55.853333,53.0152739999999
-55.861946,53.0155490000001
-55.870834,53.0186
-55.876389,53.0274890000001
-55.876106,53.032768
-55.872772,53.043884
-55.86972,53.0497210000001
-55.85778,53.0674970000001
-55.854446,53.071663
-55.84861,53.076103
-55.8083339999999,53.0913770000001
-55.800552,53.093605
-55.792229,53.0930480000001
-55.788612,53.0897140000001
-55.788338,53.086655
-55.749168,53.06916
-55.7488859999999,53.0647129999999
-55.7550049999999,53.038605
-55.756668,53.033051
-55.763062,53.029434
