"V1","V2"
-73.744995,64.4260860000001
-73.758347,64.4255370000001
-73.778061,64.428314
-73.781387,64.4319310000001
-73.782776,64.4374849999999
-73.782501,64.4424740000001
-73.776108,64.495819
-73.773895,64.501938
-73.7733309999999,64.5033260000001
-73.7469179999999,64.508514
-73.736664,64.507217
-73.729172,64.5052640000001
-73.7241669999999,64.502213
-73.67305,64.469711
-73.66861,64.464432
-73.668335,64.4602659999999
-73.671936,64.4558260000001
-73.679718,64.452209
-73.7272189999999,64.4310910000001
-73.735001,64.4280400000001
-73.744995,64.4260860000001
