"V1","V2"
130.029968,32.1949920000001
130,32.188316
129.988007,32.2005460000001
129.955231,32.2408290000001
129.955231,32.246384
129.971069,32.3555530000001
129.987457,32.409431
129.992737,32.4213790000001
130.027191,32.498329
130.046082,32.512215
130.106903,32.541664
130.113281,32.542496
130.150543,32.54361
130.157196,32.54361
130.179138,32.531662
130.18219,32.5274890000001
130.185242,32.5230480000001
130.198578,32.483604
130.20163,32.467766
130.21109,32.3760990000001
130.21109,32.3705440000001
130.209686,32.341103
130.208588,32.334991
130.206085,32.3288800000001
130.092194,32.2319340000001
130.074402,32.218597
130.064972,32.2124940000001
130.029968,32.1949920000001
