"V1","V2"
7.54833300000001,62.948326
7.51027800000008,62.9386060000001
7.48388899999998,62.9538880000001
7.476944,62.9574970000001
7.46805500000011,62.9605480000001
7.45777700000002,62.9630510000001
7.44611100000009,62.964722
7.41888800000004,62.966942
7.40861000000001,62.9694440000001
7.40000000000009,62.972496
7.37583299999994,62.9822160000001
7.3686100000001,62.9858320000001
7.36472099999997,62.9908290000001
7.36555500000009,62.996384
7.39916599999998,63.0574950000001
7.60444399999994,63.0930480000001
7.65000000000003,63.081108
7.71194399999996,63.002495
7.70833299999998,62.9983290000001
7.7000000000001,62.995277
7.54833300000001,62.948326
