"V1","V2"
166.71637,-45.7416689999999
166.652466,-45.7458339999999
166.504425,-45.726387
166.504974,-45.7191619999999
166.508331,-45.711945
166.526917,-45.686943
166.562744,-45.646393
166.568573,-45.641388
166.57663,-45.638054
166.611908,-45.628609
166.621338,-45.626389
166.710785,-45.61528
166.719696,-45.616661
166.7258,-45.621666
166.73053,-45.62722
166.736053,-45.637802
166.741638,-45.648056
166.748016,-45.662216
166.751923,-45.677223
166.753326,-45.701942
166.751373,-45.7205509999999
166.746918,-45.7266619999999
166.741058,-45.731941
166.71637,-45.7416689999999
