"V1","V2"
-49.713341,-0.227778000000001
-49.651672,-0.248332999999946
-49.63945,-0.248332999999946
-49.407784,-0.224999999999966
-49.409172,-0.21249999999992
-49.405006,-0.203055999999947
-49.3980559999999,-0.196110999999974
-49.355003,-0.17138899999992
-49.346115,-0.166667000000018
-49.328339,-0.159721999999988
-49.190002,-0.135832999999934
-49.147507,-0.137778000000026
-49.005005,-0.154443999999955
-48.825279,-0.207221999999945
-48.6305619999999,-0.224999999999966
-48.4102779999999,-0.262127000000021
-48.373062,-0.28916700000002
-48.366112,-0.296110999999996
-48.3636169999999,-0.307221999999967
-48.363892,-0.320277999999973
-48.3708339999999,-0.366667000000007
-48.374451,-0.377777999999978
-48.379173,-0.386666999999989
-48.385559,-0.394166999999925
-48.3927839999999,-0.400278000000014
-48.4094469999999,-0.411388999999986
-48.4163889999999,-0.418055999999979
-48.422501,-0.425555999999972
-48.431946,-0.443610999999919
-48.45945,-0.511945000000026
-48.463341,-0.521666999999923
-48.466667,-0.531945000000007
-48.467506,-0.544999999999959
-48.465561,-0.570277999999973
-48.465561,-0.583888999999942
-48.466667,-0.596388999999931
-48.484169,-0.6875
-48.4944459999999,-0.734721999999977
-48.524445,-0.853333000000021
-48.530006,-0.87527799999998
-48.536949,-0.895832999999925
-48.5413889999999,-0.904721999999992
-48.5483399999999,-0.911388999999986
-48.5600049999999,-0.920277999999996
-48.5691679999999,-0.925277999999935
-48.58889,-0.932777999999928
-48.609451,-0.939722000000017
-48.620285,-0.942222000000015
-48.628616,-0.947777999999971
-48.6438899999999,-0.988888999999972
-48.643059,-1.00999999999993
-48.6313929999999,-1.03138899999999
-48.6230619999999,-1.05472200000003
-48.6272279999999,-1.06444499999998
-48.6333389999999,-1.07194399999997
-48.756111,-1.23222199999998
-48.843056,-1.45416699999998
-48.847229,-1.46222199999994
-48.8608399999999,-1.47805599999998
-48.876671,-1.48777799999999
-48.9013899999999,-1.50083399999994
-48.952782,-1.524722
-49.166389,-1.61388899999997
-49.378891,-1.64722199999994
-49.3880619999999,-1.64722199999994
-49.511116,-1.6225
-49.515282,-1.63166699999999
-49.5511169999999,-1.69666699999993
-49.558617,-1.70361100000002
-49.672501,-1.77666699999992
-49.718616,-1.74811099999999
-49.718281,-1.73744499999998
-49.719116,-1.73244499999993
-49.74556,-1.63972200000001
-49.753891,-1.63361099999992
-49.761948,-1.63638900000001
-49.76889,-1.64527799999996
-49.771667,-1.65277799999996
-49.773056,-1.66111100000001
-49.769447,-1.67805599999997
-49.766113,-1.68694399999998
-49.757782,-1.70361100000002
-49.7469479999999,-1.72805599999992
-49.7436139999999,-1.74444499999998
-49.7542799999999,-1.76316700000001
-49.7551159999999,-1.76816700000001
-49.7599489999999,-1.77916699999992
-49.7666129999999,-1.78899999999993
-49.771114,-1.79233299999993
-49.796951,-1.81305600000002
-49.812782,-1.815834
-49.821114,-1.81444499999992
-49.8847269999999,-1.787778
-49.917503,-1.76722199999995
-49.949173,-1.74944399999998
-50.0411149999999,-1.709722
-50.049728,-1.70694400000002
-50.05806,-1.70694400000002
-50.068336,-1.71027800000002
-50.086113,-1.72527799999995
-50.094452,-1.73500000000001
-50.098335,-1.74611099999998
-50.1033399999999,-1.753334
-50.1108399999999,-1.75972199999995
-50.3033369999999,-1.81777799999992
-50.36834,-1.83499999999998
-50.380836,-1.83638899999994
-50.438614,-1.83083299999998
-50.567223,-1.80333399999995
-50.5780559999999,-1.80083299999995
-50.586395,-1.795278
-50.6275019999999,-1.76305599999995
-50.635002,-1.75555599999996
-50.639168,-1.74444499999998
-50.642502,-1.72805599999992
-50.645279,-1.64805599999994
-50.648056,-1.63166699999999
-50.654167,-1.61999999999995
-50.668617,-1.60694499999994
-50.70639,-1.57611100000003
-50.7269519999999,-1.55555600000002
-50.7386169999999,-1.53972199999993
-50.77417,-1.479445
-50.798058,-1.44861099999997
-50.803612,-1.44055600000002
-50.815285,-1.34055599999999
-50.815285,-1.33361099999996
-50.813339,-1.32194399999992
-50.781113,-1.15194499999996
-50.741505,-1.12755600000003
-50.7090029999999,-1.14022199999999
-50.67556,-1.14249999999998
-50.664452,-1.14527799999996
-50.628891,-1.15055599999994
-50.56945,-1.101944
-50.550003,-1.06916699999999
-50.563339,-1.061667
-50.571945,-1.06638899999996
-50.641945,-1.09249999999992
-50.652779,-1.09527800000001
-50.716614,-1.08850000000001
-50.723114,-1.08683300000001
-50.728779,-1.08433300000002
-50.7342829999999,-1.08150000000001
-50.7392809999999,-1.077833
-50.747948,-1.06950000000001
-50.780281,-1.05138899999992
-50.785278,-1.04249999999996
-50.788612,-1.03222199999999
-50.796951,-0.971943999999951
-50.797501,-0.932777999999928
-50.796951,-0.919721999999979
-50.78334,-0.663610999999946
-50.7750019999999,-0.644166999999982
-50.733669,-0.593666999999925
-50.728504,-0.592499999999916
-50.7251659999999,-0.597332999999935
-50.7198329999999,-0.61666699999995
-50.705502,-0.643832999999972
-50.682503,-0.64833299999998
-50.598618,-0.681388999999967
-50.587227,-0.683333000000005
-50.5741729999999,-0.683888999999965
-50.555,-0.683888999999965
-50.542503,-0.682777999999985
-50.547501,-0.673888999999917
-50.555557,-0.668333000000018
-50.58223,-0.653888999999992
-50.591667,-0.649721999999997
-50.602226,-0.646388999999999
-50.613892,-0.644166999999982
-50.637779,-0.640832999999986
-50.651672,-0.640832999999986
-50.663895,-0.639444000000026
-50.67334,-0.635278000000028
-50.68845,-0.604110999999989
-50.691448,-0.598777999999982
-50.714447,-0.532278000000019
-50.726395,-0.497777999999983
-50.703613,-0.389443999999969
-50.6925049999999,-0.359167000000014
-50.661949,-0.288611000000003
-50.657784,-0.279166999999973
-50.646667,-0.262499999999989
-50.5855559999999,-0.200277999999969
-50.565285,-0.179722000000027
-50.5569459999999,-0.174167000000011
-50.52195,-0.153055999999992
-50.499451,-0.13999999999993
-50.4672239999999,-0.124999999999943
-50.452225,-0.118610999999987
-50.443893,-0.115277999999989
-50.417778,-0.109167000000014
-50.409729,-0.107777999999996
-50.351952,-0.100833000000023
-50.328896,-0.100278000000003
-50.14167,-0.12694399999998
-50.1075059999999,-0.133889000000011
-49.8108369999999,-0.201666999999929
-49.713341,-0.227778000000001
