"V1","V2"
-99.8045579999999,73.8890990000001
-99.732773,73.8499910000001
-99.7136229999999,73.846375
-99.5897219999999,73.8377690000001
-99.5313869999999,73.8319400000001
-99.493881,73.8258210000001
-99.480286,73.82193
-99.2350009999999,73.7377619999999
-99.115005,73.748596
-98.971939,73.7505489999999
-98.829178,73.7516630000001
-98.756393,73.7561040000001
-98.71666,73.7666630000001
-98.688324,73.7720180000001
-98.641953,73.777206
-98.51445,73.787491
-98.424438,73.7935940000001
-98.290833,73.801651
-98.2072299999999,73.8052520000001
-98.190552,73.803589
-98.1799929999999,73.8041529999999
-98.1341709999999,73.8097080000001
-98.095001,73.8155360000001
-98.0716709999999,73.8194430000001
-97.976944,73.8427580000001
-97.960281,73.846939
-97.948334,73.851654
-97.9430539999999,73.8569340000001
-97.942764,73.862762
-97.941376,73.8680420000001
-97.9363859999999,73.8783110000001
-97.918335,73.890274
-97.90834,73.8947140000001
-97.887512,73.899429
-97.805267,73.911102
-97.788055,73.912766
-97.761948,73.911926
-97.5819549999999,73.893875
-97.562775,73.8908230000001
-97.5447239999999,73.886108
-97.529175,73.8797000000001
-97.520844,73.8738710000001
-97.514175,73.8677520000001
-97.5002899999999,73.861923
-97.47139,73.857758
-97.456955,73.857758
-97.3997339999999,73.8588710000001
-97.357773,73.8624880000001
-97.34584,73.8649900000001
-97.327499,73.8658140000001
-97.260284,73.8602600000001
-97.2236179999999,73.856369
-96.972504,73.744141
-96.9622189999999,73.7385860000001
-96.955841,73.7324829999999
-96.93721,73.7035980000001
-96.93277,73.6922000000001
-96.934723,73.68692
-96.963898,73.639984
-96.968613,73.633331
-96.988892,73.6246950000001
-97.001953,73.6202550000001
-97.184998,73.562195
-97.2024989999999,73.5572050000001
-97.4361109999999,73.525543
-97.6238859999999,73.5388790000001
-97.6380619999999,73.5385890000001
-97.641113,73.5335999999999
-97.668335,73.483322
-97.667496,73.4794310000001
-97.6630549999999,73.4727630000001
-97.6547239999999,73.4669340000001
-97.638336,73.4602660000001
-97.623322,73.456375
-97.607224,73.454712
-97.579453,73.4549870000001
-97.562775,73.4591520000001
-97.534164,73.4738770000001
-97.522232,73.4785920000001
-97.503891,73.4830469999999
-97.43721,73.4919280000001
-97.417221,73.493317
-97.401947,73.4930420000001
-97.2322239999999,73.4744260000001
-97.19722,73.469711
-97.18306,73.464996
-97.172226,73.4602660000001
-97.166107,73.454163
-97.1572269999999,73.395538
-97.150284,73.389984
-97.169449,73.356644
-97.171936,73.3527680000001
-97.1838839999999,73.3505400000001
-97.207504,73.3483280000001
-97.2369379999999,73.348602
-97.243057,73.354706
-97.3755489999999,73.3472140000001
-97.6450039999999,73.318054
-97.660278,73.3160860000001
-97.7086179999999,73.3047030000001
-97.8413849999999,73.2733150000001
-97.844452,73.2683260000001
-97.8480529999999,73.2544400000001
-97.847778,73.24942
-97.848618,73.2449800000001
-97.8625029999999,73.2338710000001
-97.983612,73.1810910000001
-98.029175,73.1652680000001
-98.076675,73.1513820000001
-98.112503,73.1424870000001
-98.151672,73.131088
-98.202789,73.1105350000001
-98.2227779999999,73.099991
-98.229996,73.0908200000001
-98.2313839999999,73.0855410000001
-98.235001,73.0797119999999
-98.240829,73.0752720000001
-98.319458,73.0505370000001
-98.365829,73.0377660000001
-98.450287,73.0202640000001
-98.4591669999999,72.993317
-98.453613,72.8986050000001
-98.450562,72.8749850000001
-98.445831,72.8658140000001
-98.438599,72.8605350000001
-98.4280549999999,72.856094
-98.419998,72.858597
-98.41333,72.864151
-98.403336,72.881363
-98.403336,72.887207
-98.405838,72.891663
-98.402222,72.8974910000001
-98.397781,72.9027710000001
-98.388062,72.9080349999999
-98.2664029999999,72.972763
-98.2550049999999,72.9774780000001
-98.2272189999999,72.987488
-98.176941,72.9985960000001
-97.994995,73.0374910000001
-97.98056,73.039703
-97.864166,73.0474850000001
-97.846954,73.0485989999999
-97.684433,73.0330510000001
-97.668335,73.0313720000001
-97.527496,73.0113830000001
-97.44249,72.999146
-97.299728,72.9697110000001
-97.283325,72.9638820000001
-97.229721,72.943039
-97.225006,72.9399720000001
-97.258057,72.883606
-97.266403,72.878586
-97.265289,72.8488770000001
-97.203613,72.8258210000001
-97.0816799999999,72.7799840000001
-97.030289,72.7413640000001
-97.023056,72.7322080000001
-97.023056,72.7272030000001
-97.029724,72.7166599999999
-97.079453,72.701935
-97.105835,72.6963650000001
-97.1344449999999,72.6883090000001
-97.161118,72.67804
-97.1705469999999,72.6735990000001
-97.179443,72.6674800000001
-97.18306,72.6619260000001
-97.190277,72.640549
-97.1983339999999,72.609985
-97.196655,72.604431
-97.185272,72.6019290000001
-97.1655579999999,72.6016540000001
-97.090561,72.6052549999999
-97.0810089999999,72.6059270000001
-97.070282,72.6085970000001
-97.04277,72.6233060000001
-97.035828,72.6288600000001
-97.0055689999999,72.644714
-96.982224,72.6552580000001
-96.9688869999999,72.660263
-96.915558,72.678589
-96.611938,72.7469330000001
-96.5175019999999,72.7147060000001
-96.5219419999999,72.674423
-96.4597319999999,72.6077580000001
-96.405273,72.5594180000001
-96.37471,72.5344240000001
-96.336945,72.500824
-96.325562,72.4883120000001
-96.3022159999999,72.433868
-96.297501,72.421646
-96.2983399999999,72.415817
-96.538605,72.3433230000001
-96.668335,72.309708
-96.696945,72.310532
-96.738892,72.321106
-96.776398,72.323318
-96.83139,72.323608
-96.868332,72.3219300000001
-96.871933,72.321106
-96.8644409999999,72.3177640000001
-96.771118,72.2988740000001
-96.6688839999999,72.27916
-96.578339,72.278595
-96.561111,72.275543
-96.554169,72.263885
-96.4872129999999,72.136108
-96.485001,72.129974
-96.483063,72.113037
-96.487503,72.101654
-96.4983369999999,72.090271
-96.508347,72.0849910000001
-96.5211179999999,72.0799870000001
-96.537216,72.0749970000001
-96.55722,72.07193
-96.7216639999999,72.052765
-96.7730559999999,72.0530400000001
-96.789444,72.0522
-96.866943,72.041092
-96.853882,72.036377
-96.828888,72.030823
-96.672501,72.012772
-96.63501,72.0138850000001
-96.618057,72.018326
-96.6091609999999,72.024155
-96.600555,72.027771
-96.56778,72.0336000000001
-96.5211179999999,72.0388790000001
-96.501953,72.0385890000001
-96.488602,72.034988
-96.48999,72.018326
-96.490829,72.012207
-96.493057,72.001099
-96.502228,71.9755400000001
-96.505844,71.9697110000001
-96.5127869999999,71.964432
-96.522507,71.9591520000001
-96.5544429999999,71.949142
-96.565552,71.9469300000001
-96.573898,71.948318
-96.589447,71.954437
-96.602783,71.9580380000001
-96.6174929999999,71.9599910000001
-96.638336,71.957489
-96.7333219999999,71.928864
-96.749161,71.9238740000001
-96.761948,71.918594
-96.76445,71.914993
-96.7613979999999,71.909714
-96.749725,71.903046
-96.736389,71.8994290000001
-96.724167,71.8986050000001
-96.7008359999999,71.8999940000001
-96.645279,71.91748
-96.607224,71.926926
-96.565552,71.932205
-96.522781,71.9344180000001
-96.5091709999999,71.9330440000001
-96.503891,71.931656
-96.4916689999999,71.9260859999999
-96.491104,71.9194340000001
-96.493057,71.914154
-96.525833,71.8688660000001
-96.5577699999999,71.829437
-96.5708469999999,71.819443
-96.5797269999999,71.814987
-96.591949,71.810806
-96.613327,71.8072050000001
-96.726669,71.7935939999999
-96.74472,71.792206
-96.738052,71.824997
-96.7913819999999,71.827774
-96.983612,71.775818
-97.013062,71.7491460000001
-97.0841669999999,71.7002720000001
-97.1650089999999,71.6755370000001
-97.210007,71.6636050000001
-97.434433,71.617752
-97.4705509999999,71.612488
-97.505005,71.611649
-97.6563869999999,71.6147
-97.696655,71.6197050000001
-97.713333,71.623871
-97.726395,71.628311
-97.7872159999999,71.64415
-97.9747159999999,71.6608120000001
-97.988052,71.6619260000001
-98.0352779999999,71.65332
-98.053329,71.648331
-98.072784,71.6416630000001
-98.1127779999999,71.6369320000001
-98.1311039999999,71.6380460000001
-98.1788789999999,71.6416630000001
-98.1966549999999,71.6436000000001
-98.207504,71.646103
-98.218063,71.6497190000001
-98.240829,71.659714
-98.2527919999999,71.666092
-98.331116,71.708328
-98.3491669999999,71.718597
-98.3558349999999,71.7227630000001
-98.359726,71.728043
-98.359436,71.7338710000001
-98.333328,71.787491
-98.3255619999999,71.7983250000001
-98.3213959999999,71.8033140000001
-98.3152769999999,71.8091430000001
-98.279175,71.8347170000001
-98.2591709999999,71.8447110000001
-98.228882,71.8621980000001
-98.211945,71.878586
-98.2086179999999,71.88443
-98.209167,71.88916
-98.221939,71.894989
-98.25528,71.902481
-98.267227,71.90416
-98.282776,71.8991550000001
-98.291382,71.894714
-98.450562,71.794144
-98.462509,71.783875
-98.4777829999999,71.7672120000001
-98.488892,71.74942
-98.497498,71.733322
-98.497498,71.7216490000001
-98.493881,71.713882
-98.381378,71.653595
-98.3674929999999,71.647491
-98.1799929999999,71.5719300000001
-98.0413819999999,71.5308230000001
-98.037506,71.526657
-98.120544,71.460541
-98.180832,71.423599
-98.198044,71.414703
-98.46611,71.3133090000001
-98.5055689999999,71.2991490000001
-98.5413819999999,71.289429
-98.554718,71.2872010000001
-98.701675,71.271927
-98.72084,71.2699890000001
-98.7297209999999,71.270538
-98.751114,71.274155
-98.816391,71.2891540000001
-98.829453,71.2938690000001
-98.844727,71.3055420000001
-98.882217,71.333878
-98.9383239999999,71.369141
-98.960281,71.379974
-98.978882,71.382477
-98.995544,71.3827510000001
-99.0147249999999,71.381653
-99.034439,71.37886
-99.04277,71.37442
-99.0455469999999,71.368591
-99.051392,71.363037
-99.059723,71.3585970000001
-99.077499,71.3535920000001
-99.115829,71.35054
-99.2208399999999,71.3422090000001
-99.238052,71.344986
-99.2880549999999,71.4027710000001
-99.313324,71.4394230000001
-99.4627839999999,71.593048
-99.529724,71.605255
-99.5586089999999,71.6130370000001
-99.574173,71.6197050000001
-99.578888,71.622757
-99.591675,71.635269
-99.676392,71.7252660000001
-99.6777799999999,71.729156
-99.677216,71.736923
-99.6744379999999,71.7427520000001
-99.67305,71.7491460000001
-99.673889,71.7538760000001
-99.676392,71.758606
-99.678329,71.7605440000001
-99.842224,71.834991
-99.959167,71.8541559999999
-99.977219,71.8558199999999
-100.051102,71.865814
-100.067497,71.870529
-100.101936,71.88472
-100.314713,71.97998
-100.321953,71.9849850000001
-100.33223,71.9972080000001
-100.335831,72.0066530000001
-100.579453,72.154434
-100.634453,72.1855320000001
-100.644173,72.1883089999999
-100.720001,72.2016600000001
-100.885277,72.2077640000001
-100.889999,72.2074890000001
-100.923889,72.199417
-100.951401,72.1710970000001
-100.967773,72.1741490000001
-101.013344,72.191086
-101.020844,72.196365
-101.054169,72.2316589999999
-101.055557,72.236649
-101.117767,72.284424
-101.194443,72.324432
-101.208618,72.3297120000001
-101.220551,72.3322140000001
-101.238892,72.333878
-101.276672,72.3283230000001
-101.325287,72.314987
-101.395554,72.2869260000001
-101.404167,72.281372
-101.409729,72.275543
-101.469452,72.265549
-101.509171,72.2830510000001
-101.585564,72.301376
-101.634743,72.3069310000001
-101.656387,72.3052520000001
-101.664169,72.301651
-101.672234,72.2927550000001
-101.684998,72.2877660000001
-101.694443,72.28804
-101.776947,72.2997130000001
-101.830566,72.319153
-101.844727,72.324432
-101.888344,72.3585970000001
-101.941673,72.451935
-101.981316,72.4781110000001
-102.080338,72.5160060000001
-102.222229,72.5422060000001
-102.258621,72.5491490000001
-102.377213,72.5774840000001
-102.465843,72.604706
-102.621933,72.6647030000001
-102.736389,72.719986
-102.741669,72.7241520000001
-102.755836,72.761383
-102.764717,72.784988
-102.763062,72.790817
-102.753067,72.8110960000001
-102.749443,72.817215
-102.743057,72.8224950000001
-102.735001,72.8260960000001
-102.698608,72.836655
-102.66362,72.8533169999999
-102.646667,72.864426
-102.612778,72.8966520000001
-102.597229,72.913605
-102.593613,72.919983
-102.591667,72.925537
-102.593063,72.931656
-102.594162,72.942749
-102.593887,72.949142
-102.591667,72.9549870000001
-102.576683,72.979706
-102.563049,72.991089
-102.513062,73.0260930000001
-102.501106,73.0305480000001
-102.388062,73.062759
-102.368057,73.0674900000001
-102.276108,73.082489
-102.246948,73.083878
-102.137222,73.0869290000001
-102.084442,73.0841520000001
-102.014183,73.0797119999999
-101.97084,73.070541
-101.884171,73.0247040000001
-101.81778,72.9666600000001
-101.810272,72.960541
-101.75528,72.9305420000001
-101.741096,72.9241490000001
-101.675278,72.9097140000001
-101.595284,72.9022059999999
-101.521667,72.8783110000001
-101.509743,72.8716429999999
-101.404449,72.7824860000001
-101.41333,72.7483220000001
-101.372498,72.7272030000001
-101.366653,72.725266
-101.297501,72.7099910000001
-101.033333,72.6896970000001
-100.915833,72.688034
-100.882217,72.6896970000001
-100.827789,72.7058260000001
-100.819458,72.7102660000001
-100.81221,72.715546
-100.811943,72.719711
-100.79834,72.743591
-100.70723,72.755829
-100.533073,72.751389
-100.509171,72.7491460000001
-100.498337,72.7480320000001
-100.47583,72.742752
-100.448036,72.7355350000001
-100.434433,72.736923
-100.412216,72.741928
-100.349731,72.7705380000001
-100.340843,72.774994
-100.33168,72.780548
-100.314438,72.796371
-100.315552,72.8013760000001
-100.350777,72.8513260000001
-100.351608,72.853661
-100.357117,72.8591540000001
-100.469162,72.950272
-100.486389,72.949142
-100.498894,72.9505460000001
-100.499733,72.956375
-100.463058,73.014709
-100.45195,73.020538
-100.421944,73.0349879999999
-100.367767,73.046936
-100.356377,73.049423
-100.342216,73.0441440000001
-100.316673,73.034149
-100.309433,73.0280460000001
-100.315552,73.0224909999999
-100.343063,73.0138850000001
-100.357773,73.010544
-100.381378,72.949142
-100.328995,72.891373
-100.317329,72.88887
-100.285278,72.8735960000001
-100.217216,72.876648
-100.196663,72.877762
-100.09639,72.8863830000001
-100.06723,72.9022059999999
-100.031387,72.934982
-100.047501,72.9572140000001
-100.112778,73.0258180000001
-100.169724,73.0785980000001
-100.232224,73.1344300000001
-100.244453,73.136932
-100.254463,73.137207
-100.288887,73.135818
-100.323624,73.1333310000001
-100.345551,73.130264
-100.382492,73.1227570000001
-100.391388,73.118317
-100.414436,73.1047060000001
-100.442757,73.087204
-100.518623,73.0977630000001
-100.58667,73.1327510000001
-100.601936,73.1408230000001
-100.607773,73.1463780000001
-100.586121,73.1674800000001
-100.580002,73.173035
-100.490829,73.2308199999999
-100.406662,73.2802730000001
-100.397781,73.284714
-100.378326,73.2899780000001
-100.361107,73.290268
-100.281387,73.27916
-100.134743,73.2211
-100.053329,73.186371
-100.037514,73.183868
-100.021118,73.1830440000001
-100.004181,73.1833190000001
-99.84111,73.1913600000001
-99.801666,73.195526
-99.771667,73.2010960000001
-99.770279,73.203873
-99.771667,73.208038
-99.7863919999999,73.2124939999999
-99.8119349999999,73.2155460000001
-99.849442,73.215271
-99.886124,73.2133180000001
-99.925827,73.214996
-99.945267,73.21666
-99.964447,73.219437
-100.077499,73.2513890000001
-100.095001,73.257217
-100.159157,73.289429
-100.199432,73.3186040000001
-100.272232,73.3585970000001
-100.323624,73.3836060000001
-100.333328,73.3883210000001
-100.358047,73.393326
-100.373894,73.3958280000001
-100.384171,73.3963780000001
-100.388062,73.395538
-100.405838,73.361374
-100.387787,73.338593
-100.561661,73.2866520000001
-100.583618,73.2836
-100.823059,73.2608180000001
-100.840561,73.25972
-100.88945,73.264435
-100.977493,73.2802730000001
-101.304993,73.3616490000001
-101.312767,73.3710940000001
-101.311394,73.382751
-101.310547,73.392487
-101.311394,73.398331
-101.31723,73.4016570000001
-101.470551,73.4360960000001
-101.558327,73.44664
-101.580841,73.4502720000001
-101.616653,73.4852600000001
-101.621384,73.4902650000001
-101.440552,73.5491490000001
-101.42749,73.5522000000001
-101.400833,73.553589
-101.315826,73.550812
-101.280838,73.5524750000001
-101.26889,73.5560909999999
-101.259743,73.5616460000001
-101.25528,73.567764
-101.252228,73.578873
-101.253067,73.584991
-101.251106,73.589706
-101.241943,73.5952610000001
-101.230827,73.6002660000001
-101.217216,73.6041559999999
-101.199432,73.6055450000001
-100.926392,73.6002660000001
-100.909439,73.5997160000001
-100.890289,73.5961000000001
-100.877487,73.590271
-100.770844,73.5399780000001
-100.717499,73.5091550000001
-100.706673,73.49942
-100.702217,73.4944310000001
-100.701401,73.4885859999999
-100.69722,73.482483
-100.691101,73.476929
-100.672783,73.464432
-100.518341,73.416931
-100.499733,73.4124909999999
-100.464722,73.4072110000001
-100.444443,73.4063720000001
-100.430557,73.406937
-100.417221,73.4133150000001
-100.415009,73.4180450000001
-100.429718,73.4302670000001
-100.455002,73.441925
-100.484734,73.451935
-100.502792,73.457489
-100.531387,73.4660949999999
-100.583893,73.482208
-100.592216,73.4863740000001
-100.598618,73.4910890000001
-100.60611,73.4972079999999
-100.610001,73.5030520000001
-100.610817,73.5091550000001
-100.608047,73.5149990000001
-100.603882,73.521103
-100.559158,73.5460970000001
-100.543877,73.5563660000001
-100.541382,73.562195
-100.54277,73.573883
-100.549988,73.5947110000001
-100.551666,73.598877
-100.573624,73.596649
-100.628601,73.593323
-100.767502,73.603867
-100.891678,73.6199800000001
-100.911392,73.622757
-100.911942,73.625259
-100.911392,73.6305390000001
-100.87944,73.6358180000001
-100.864723,73.641663
-100.861107,73.645828
-100.853607,73.662201
-100.858047,73.6672059999999
-100.974442,73.679153
-100.991943,73.678864
-101.033333,73.6713710000001
-101.046951,73.6730350000001
-101.057503,73.676651
-101.118332,73.723312
-101.120003,73.7272030000001
-101.013901,73.7972110000001
-100.997498,73.802475
-100.982224,73.805817
-100.959732,73.809143
-100.938049,73.810257
-100.828613,73.8155360000001
-100.795273,73.8124849999999
-100.775833,73.8121950000001
-100.754997,73.8124849999999
-100.734161,73.815262
-100.714447,73.8202670000001
-100.699158,73.8260960000001
-100.664169,73.8449860000001
-100.648354,73.848328
-100.554169,73.854706
-100.529999,73.8535919999999
-100.41777,73.845535
-100.395554,73.8408200000001
-100.38945,73.8385930000001
-100.370003,73.828049
-100.349991,73.818604
-100.336121,73.814697
-100.063049,73.764999
-99.865829,73.8377690000001
-99.857773,73.8427580000001
-99.87011,73.861542
-99.8691099999999,73.867371
-99.8697809999999,73.870201
-99.8771059999999,73.876541
-99.886772,73.8822100000001
-99.892441,73.8835369999999
-99.961945,73.8733060000001
-99.971664,73.8680420000001
-99.9880519999999,73.8569340000001
-99.990829,73.851089
-99.997498,73.845535
-100.008347,73.84137
-100.026398,73.8369290000001
-100.049438,73.8327640000001
-100.136673,73.827484
-100.175003,73.828049
-100.249443,73.833878
-100.261398,73.8383180000001
-100.299728,73.8602600000001
-100.296951,73.8658140000001
-100.292221,73.872208
-100.27861,73.888596
-100.265839,73.899994
-100.252792,73.905258
-100.243057,73.907486
-100.143066,73.929977
-100.127213,73.9333190000001
-100.104446,73.936371
-100.037514,73.9424739999999
-99.9811099999999,73.9458160000001
-99.938599,73.9460910000001
-99.896957,73.944138
-99.8561099999999,73.9408110000001
-99.8161009999999,73.936096
-99.800827,73.931656
-99.8005519999999,73.925812
-99.813324,73.9213710000001
-99.8062209999999,73.9021
-99.810059,73.898766
-99.81089,73.8949280000001
-99.808228,73.891937
-99.8045579999999,73.8890990000001
