"V1","V2"
-6.14388899999994,57.5680540000001
-6.13666699999999,57.4844440000001
-6.14666699999998,57.419167
-6.14777899999996,57.40416
-6.13472300000001,57.313049
-6.12722300000001,57.3061070000001
-5.89916699999992,57.2419430000001
-5.88666699999993,57.239166
-5.87999999999994,57.2399980000001
-5.83333399999998,57.2536090000001
-5.76888899999994,57.272217
-5.75055600000002,57.276108
-5.74305600000002,57.275833
-5.64916699999998,57.259995
-5.64611099999996,57.2566600000001
-5.66138899999993,57.2091600000001
-5.66388899999993,57.2049940000001
-5.67027899999999,57.1997150000001
-5.80361199999993,57.116661
-5.81638900000002,57.1102750000001
-5.82694499999997,57.1066670000001
-5.833056,57.105553
-5.84750100000002,57.10527
-5.85916700000001,57.092773
-5.88916699999993,57.0638890000001
-5.893056,57.0611040000001
-5.92805600000003,57.0386050000001
-5.93944499999998,57.035553
-5.98000000000002,57.0269390000001
-5.99833399999994,57.0236049999999
-6.01194500000003,57.022217
-6.01666699999998,57.0247190000001
-6.03222299999993,57.0477750000001
-6.03472199999993,57.0547179999999
-6.03333400000002,57.0583270000001
-5.99083399999995,57.1116640000001
-5.97416700000002,57.1302719999999
-6.03055599999993,57.177498
-6.07361100000003,57.126389
-6.07722299999995,57.1241610000001
-6.085556,57.1249920000001
-6.09666699999997,57.1283260000001
-6.17666699999995,57.170555
-6.31444499999992,57.157494
-6.31833399999999,57.1594390000001
-6.44694499999997,57.263329
-6.45249999999993,57.2694400000001
-6.47916699999996,57.299721
-6.48138899999998,57.303055
-6.48083399999996,57.307495
-6.42611099999993,57.332771
-6.42166700000001,57.3347170000001
-6.41305599999998,57.334999
-6.39833399999998,57.328606
-6.37388899999996,57.314438
-6.34583400000002,57.302216
-6.33527899999996,57.298332
-6.32944499999996,57.297218
-6.314167,57.297493
-6.31027799999993,57.2999950000001
-6.30972300000002,57.304161
-6.52694499999996,57.4066620000001
-6.53333400000002,57.408333
-6.57361100000003,57.3841629999999
-6.57361100000003,57.3758320000001
-6.56444499999998,57.3538820000001
-6.56333399999994,57.3502730000001
-6.56361199999998,57.345551
-6.56722299999996,57.337494
-6.57000099999993,57.334999
-6.57555600000001,57.3333280000001
-6.58277800000002,57.333885
-6.625,57.344162
-6.68916699999994,57.3608320000001
-6.70000099999999,57.363884
-6.709723,57.3680500000001
-6.72083400000002,57.376106
-6.72277799999995,57.37944
-6.72472299999993,57.3872150000001
-6.72444499999995,57.40361
-6.77277900000001,57.4277729999999
-6.77666799999997,57.4302750000001
-6.77888999999999,57.4330519999999
-6.78583299999997,57.446106
-6.78472199999999,57.4499970000001
-6.7475,57.492775
-6.63750099999999,57.605553
-6.62277799999998,57.605827
-6.61583400000001,57.604721
-6.60722299999992,57.600555
-6.58638999999999,57.5886080000001
-6.57833399999993,57.5830540000001
-6.57222300000001,57.577774
-6.56555599999996,57.568329
-6.56444499999998,57.555832
-6.56333399999994,57.5522159999999
-6.55722199999997,57.5463870000001
-6.46333399999992,57.508888
-6.43000000000001,57.5049970000001
-6.37555599999996,57.5241620000001
-6.39583399999998,57.602776
-6.42027899999994,57.63472
-6.42138999999992,57.6374970000001
-6.41916800000001,57.6419370000001
-6.40722299999999,57.6488880000001
-6.34555599999993,57.684715
-6.30416699999995,57.686104
-6.27694500000001,57.672218
-6.18138999999996,57.6144410000001
-6.17444499999999,57.6086040000001
-6.16305599999993,57.5972210000001
-6.15805599999993,57.59111
-6.14611099999996,57.5749969999999
-6.14388899999994,57.5680540000001
