"V1","V2"
109.623787,-0.984834999999919
109.673805,-1.00824299999988
109.711647,-0.987777999999992
109.734993,-0.998888999999963
109.742477,-1.00499999999994
109.748032,-1.01333399999993
109.756378,-1.03251599999999
109.753601,-1.08805599999994
109.754173,-1.09416700000003
109.755547,-1.09972199999999
109.75972,-1.10916699999996
109.765823,-1.11666699999995
109.773323,-1.12361099999993
109.77887,-1.13166699999999
109.77887,-1.13861099999991
109.772774,-1.14611099999996
109.665817,-1.210556
109.504707,-1.296111
109.5,-1.2983329999999
109.489151,-1.30111099999999
109.482758,-1.30166699999995
109.467209,-1.29694499999999
109.458328,-1.29222199999998
109.445824,-1.28388899999993
109.429428,-1.27277800000002
109.418587,-1.26333399999999
109.413597,-1.25444499999998
109.416382,-1.24361099999993
109.423309,-1.22305499999999
109.436371,-1.19472199999996
109.441093,-1.17916700000001
109.448029,-1.12277799999993
109.448593,-1.11666699999995
109.451927,-1.06527799999998
109.451927,-1.05166700000001
109.449417,-1.04055599999998
109.492477,-0.979721999999924
109.583054,-0.975555999999926
109.623787,-0.984834999999919
