"V1","V2"
-62.2886119999999,9.75555400000013
-62.291115,9.75083200000006
-62.296112,9.75916500000011
-62.3125,9.80250000000007
-62.3141709999999,9.80749900000001
-62.301949,9.93055500000014
-62.292778,9.93361100000004
-62.2863919999999,9.93416599999995
-62.280838,9.93388700000014
-62.2761149999999,9.93166499999995
-62.266945,9.92027700000006
-62.259727,9.90694400000001
-62.257782,9.90194300000013
-62.252228,9.87416600000012
-62.2491679999999,9.85694300000006
-62.250557,9.843887
-62.252228,9.83833299999998
-62.2886119999999,9.75555400000013
