"V1","V2"
-135.742767,58.2561040000001
-135.584991,58.196655
-135.515289,58.178879
-135.507233,58.1758270000001
-135.494446,58.1688840000001
-135.484436,58.1605450000001
-135.482483,58.155548
-135.508911,58.108887
-135.512787,58.10305
-135.52417,58.0947110000001
-135.603882,58.043884
-135.611664,58.0413819999999
-135.621368,58.0402760000001
-135.656677,58.0444410000001
-135.695007,58.054436
-135.706116,58.056381
-135.771667,58.0477750000001
-135.780579,58.0461040000001
-135.782776,58.040833
-135.780853,58.0355529999999
-135.707764,57.9783249999999
-135.647247,57.9622120000001
-135.618317,57.961662
-135.558624,58.0002749999999
-135.541382,58.0127720000001
-135.488892,58.0683290000001
-135.454987,58.113884
-135.45694,58.118881
-135.452789,58.12249
-135.445007,58.1252670000001
-135.41391,58.1355510000001
-135.39917,58.1394350000001
-135.099426,58.0941540000001
-134.941376,58.035828
-134.930298,58.028046
-134.922241,58.0194400000001
-134.918884,58.0147170000001
-134.908905,57.9952700000001
-134.905273,57.9852680000001
-134.903625,57.979988
-134.903351,57.9688800000001
-134.905853,57.9291610000001
-134.908905,57.9224930000001
-134.912781,57.916664
-134.917511,57.9116590000001
-134.970001,57.8852690000001
-135.018616,57.8891599999999
-135.167511,57.936378
-135.19751,57.943604
-135.204712,57.942215
-135.202789,57.93721
-135.190002,57.924438
-135.144745,57.8938830000001
-135.125549,57.8830490000001
-135.116089,57.880547
-135.083069,57.874435
-135.048615,57.868881
-135.023071,57.8547129999999
-135.016663,57.8511050000001
-134.964996,57.8180540000001
-134.964447,57.8011020000001
-135,57.7821430000001
-135.010559,57.776939
-135.044739,57.7802730000001
-135.080292,57.783333
-135.098602,57.7805480000001
-135.123596,57.774437
-135.199158,57.7758260000001
-135.223328,57.7780460000001
-135.234436,57.7799910000001
-135.243866,57.782768
-135.267517,57.7916640000001
-135.337769,57.8252720000001
-135.555847,57.9027710000001
-135.718048,57.9438779999999
-135.818878,57.9786000000001
-135.825287,57.9822080000001
-135.839722,57.9886020000001
-135.849426,57.991104
-135.874695,57.9941560000001
-135.88446,57.9930500000001
-135.887512,57.9886020000001
-135.801117,57.9319380000001
-135.791382,57.929436
-135.728333,57.916664
-135.647247,57.9016570000001
-135.557495,57.87027
-135.382477,57.806938
-135.359985,57.7972180000001
-135.319458,57.759438
-135.316101,57.7549970000001
-135.296967,57.731659
-135.233063,57.7210999999999
-135.167511,57.727211
-135.098602,57.743324
-135.045288,57.751106
-134.963318,57.761108
-134.95166,57.7605510000001
-134.931122,57.759438
-134.921661,57.756943
-134.915283,57.753326
-134.910553,57.749161
-134.9039,57.7399900000001
-134.846954,57.605553
-134.843323,57.595268
-134.839722,57.579437
-134.843323,57.4627690000001
-134.849976,57.4594350000001
-134.857483,57.4569400000001
-134.867218,57.4558260000001
-134.988312,57.450546
-135.051941,57.4577710000001
-135.062775,57.459717
-135.070557,57.4627690000001
-135.076935,57.4663850000001
-135.084991,57.474991
-135.088043,57.4797130000001
-135.097778,57.4877700000001
-135.11972,57.49749
-135.273895,57.5597150000001
-135.455261,57.629715
-135.564728,57.672493
-135.622223,57.704437
-135.644745,57.7141570000001
-135.666962,57.723602
-135.697235,57.736382
-135.73056,57.747772
-135.750854,57.7530520000001
-135.791687,57.7619400000001
-135.804169,57.7633290000001
-135.813904,57.7622150000001
-135.814453,57.7575000000001
-135.80777,57.7483290000001
-135.6875,57.641663
-135.584991,57.595268
-135.570557,57.5886
-135.565552,57.5847170000001
-135.561951,57.57444
-135.55249,57.534164
-135.543335,57.477768
-135.542786,57.472214
-135.546967,57.4594350000001
-135.550568,57.4536060000001
-135.601929,57.4141540000001
-135.688049,57.3627700000001
-135.723328,57.3655469999999
-135.735535,57.3672100000001
-135.830841,57.3858260000001
-135.839996,57.3883290000001
-135.951935,57.4691540000001
-136.010559,57.5119399999999
-136.006683,57.518051
-135.999146,57.520546
-135.989716,57.52166
-135.978333,57.5208280000001
-135.960815,57.5152740000001
-135.910278,57.498604
-135.902496,57.49527
-135.887787,57.4833300000001
-135.88446,57.4786000000001
-135.865265,57.4680480000001
-135.804718,57.4372100000001
-135.78891,57.431381
-135.780579,57.429718
-135.779449,57.4358220000001
-135.779724,57.441376
-135.789734,57.455269
-135.799438,57.463326
-135.837769,57.4844360000001
-135.896393,57.5099950000001
-135.951935,57.5311050000001
-136.029999,57.567215
-136.065826,57.595825
-136.069153,57.600273
-136.066956,57.605827
-136.060272,57.609161
-136.041382,57.6077730000001
-135.99472,57.600273
-135.953339,57.608887
-135.94696,57.6122130000001
-135.95166,57.616386
-135.991364,57.631378
-136.075287,57.647217
-136.125549,57.6988750000001
-136.201935,57.7472149999999
-136.353058,57.8330540000001
-136.359436,57.8363800000001
-136.369141,57.838882
-136.378876,57.8377690000001
-136.38446,57.833603
-136.388062,57.827774
-136.390564,57.821106
-136.396118,57.8169400000001
-136.402802,57.8133240000001
-136.412231,57.8158260000001
-136.414459,57.820831
-136.414734,57.82666
-136.411133,57.839432
-136.356033,57.9378429999999
-136.363892,57.9597170000001
-136.358612,57.9730450000001
-136.343597,57.9872130000001
-136.335815,57.98999
-136.326385,57.991104
-136.313629,57.9897160000001
-136.297516,57.9836040000001
-136.215546,57.931381
-136.058044,57.8474880000001
-136.049988,57.8444370000001
-136.03891,57.842491
-136.030853,57.8430480000001
-136.029724,57.849159
-136.034729,57.8530500000001
-136.060547,57.8672099999999
-136.099426,57.8883290000001
-136.203888,57.950272
-136.373047,58.053322
-136.38974,58.064713
-136.39975,58.0730510000001
-136.418335,58.089714
-136.43222,58.107773
-136.431122,58.113884
-136.352203,58.2194370000001
-136.343597,58.221375
-136.275574,58.21888
-136.265839,58.216385
-136.260834,58.212212
-136.227783,58.14888
-136.167236,58.0980450000001
-136.181671,58.171661
-136.180298,58.177773
-136.176666,58.1836010000001
-136.137238,58.21888
-136.131927,58.221931
-135.96167,58.1991580000001
-135.95694,58.2044369999999
-135.929993,58.2249910000001
-135.916412,58.2319340000001
-135.821381,58.271935
-135.813629,58.2747120000001
-135.795013,58.2774890000001
-135.783325,58.2766569999999
-135.775299,58.273605
-135.742767,58.2561040000001
