"V1","V2"
-73.703903,-45.8427809999999
-73.6961209999999,-45.88945
-73.696671,-45.8950039999999
-73.703613,-45.895279
-73.713898,-45.888618
-73.7172239999999,-45.884171
-73.721954,-45.8805619999999
-73.7275089999999,-45.877502
-73.736389,-45.8763959999999
-73.7450099999999,-45.8763959999999
-73.779175,-45.878891
-73.787231,-45.879723
-73.801392,-45.883057
-73.805008,-45.887779
-73.8216709999999,-45.9325029999999
-73.847778,-45.9711149999999
-73.851395,-45.975838
-73.857788,-45.97834
-73.908615,-45.9891739999999
-73.9175109999999,-45.98806
-73.922226,-45.984451
-73.928894,-45.975838
-73.943619,-45.946671
-73.944733,-45.941116
-73.945557,-45.928612
-73.936676,-45.913063
-73.9300079999999,-45.903893
-73.902512,-45.8736109999999
-73.88945,-45.8619459999999
-73.884171,-45.8586119999999
-73.743896,-45.80056
-73.737793,-45.798058
-73.728897,-45.799446
-73.724457,-45.803062
-73.713898,-45.8166729999999
-73.7088929999999,-45.8266679999999
-73.703903,-45.8427809999999
