"V1","V2"
19.607498,70.1019440000001
19.581665,70.098053
19.531944,70.098328
19.501942,70.1022190000001
19.364166,70.123047
19.3544430000001,70.126663
19.34972,70.131378
19.352497,70.1374970000001
19.358887,70.1433260000001
19.365555,70.1491550000001
19.393055,70.171387
19.400833,70.1763759999999
19.41333,70.1786040000001
19.4313890000001,70.1777650000001
19.443333,70.1747130000001
19.5947190000001,70.1308290000001
19.604164,70.1269380000001
19.6113850000001,70.1227719999999
19.6161080000001,70.1183320000001
19.6183320000001,70.113052
19.615555,70.1069340000001
19.607498,70.1019440000001
