"V1","V2"
148.061493,-5.77711799999992
148.057587,-5.786565
148.017151,-5.84463899999992
148.000763,-5.85269899999997
147.990479,-5.85603700000001
147.983521,-5.82075099999997
147.982117,-5.81519300000002
147.974609,-5.79546699999997
147.972382,-5.79074500000002
147.968475,-5.78796899999998
147.945221,-5.77992499999993
147.933594,-5.77771000000001
147.92749,-5.77854799999994
147.922791,-5.78049700000003
147.865112,-5.74775299999999
147.802155,-5.67277099999995
147.793274,-5.66138499999994
147.769958,-5.62221899999997
147.766052,-5.612775
147.765228,-5.60666299999997
147.761108,-5.52833399999997
147.761932,-5.522223
147.780273,-5.49416599999995
147.783875,-5.49083299999995
147.814697,-5.48472199999998
147.841919,-5.48999999999995
147.852173,-5.49361099999999
148.008606,-5.57611200000002
148.020813,-5.58416699999992
148.040802,-5.59861100000001
148.044128,-5.601944
148.065308,-5.62758399999996
148.07428,-5.64482399999997
148.078461,-5.65427899999997
148.080444,-5.665955
148.078552,-5.69124599999992
148.07663,-5.70347600000002
148.07254,-5.72654199999999
148.067841,-5.74905100000001
148.061493,-5.77711799999992
