"V1","V2"
83.5502620000001,70.4636080000001
83.551651,70.4460910000001
83.606506,70.4543610000001
83.614426,70.4491420000001
83.6147,70.4458160000001
83.612762,70.4377590000001
83.5933230000001,70.4183200000001
83.571106,70.399429
83.5435940000001,70.382477
83.5336000000001,70.3771970000001
83.518326,70.3735960000001
83.479156,70.368591
83.4166560000001,70.362762
83.390549,70.362488
83.3797,70.3649900000001
83.4033200000001,70.4260860000001
83.4124910000001,70.4402620000001
83.558319,70.5227659999999
83.5816650000001,70.5308230000001
83.5997160000001,70.5336
83.616089,70.5302730000001
83.62442,70.5241550000001
83.627762,70.516388
83.6235960000001,70.500549
83.614151,70.4863740000001
83.5938720000001,70.4755400000001
83.5811,70.470825
83.5502620000001,70.4636080000001
