"V1","V2"
-80.277496,59.6185990000001
-80.319168,59.6122130000001
-80.329727,59.6124950000001
-80.3405609999999,59.614159
-80.343887,59.619156
-80.340836,59.6252670000001
-80.295273,59.678329
-80.232773,59.725266
-80.2222289999999,59.7236020000001
-80.1713869999999,59.7152710000001
-80.154175,59.709991
-80.145279,59.705551
-80.1547239999999,59.6824950000001
-80.156662,59.678329
-80.170547,59.673882
-80.205841,59.6652679999999
-80.2227779999999,59.660271
-80.229721,59.6563800000001
-80.233063,59.6511
-80.237213,59.639435
-80.2405549999999,59.6341630000001
-80.246384,59.6299900000001
-80.260834,59.623604
-80.277496,59.6185990000001
