"V1","V2"
90.237762,22.1927720000001
90.1516570000001,22.1205520000001
90.1458280000001,22.115551
90.095261,22.0616650000001
90.0805510000001,22.0394400000001
90.0733180000001,22.0269430000001
90.0669400000001,22.0049970000001
90.0633700000001,21.9959390000001
90.0613710000001,21.9917740000001
90.0927580000001,22.0352750000001
90.118591,22.0658300000001
90.1574860000001,22.103329
90.1674800000001,22.111942
90.1769260000001,22.1124950000001
90.1844180000001,22.109997
90.1927489999999,22.108608
90.2010960000001,22.1094400000001
90.209152,22.1113850000001
90.216095,22.114441
90.2247010000001,22.124439
90.227768,22.130276
90.2383120000001,22.1766620000001
90.239426,22.1852720000001
90.237762,22.1927720000001
