"V1","V2"
-74.0150149999999,-45.917778
-74.0230559999999,-45.918892
-74.0694579999999,-45.841667
-74.093063,-45.811951
-74.1047359999999,-45.793335
-74.106949,-45.788338
-74.104446,-45.7830579999999
-74.093903,-45.769173
-74.085281,-45.761391
-74.0511169999999,-45.7411119999999
-74.0458369999999,-45.73806
-74.0386199999999,-45.736389
-74.0297239999999,-45.7375029999999
-73.965561,-45.754173
-73.962509,-45.788063
-73.965836,-45.8619459999999
-73.969177,-45.874168
-73.97168,-45.879448
-73.9822239999999,-45.901115
-73.986389,-45.903618
-74.0150149999999,-45.917778
