"V1","V2"
-99.471664,80.109711
-99.436661,80.107208
-99.4047239999999,80.108032
-99.29805,80.118866
-99.1366729999999,80.1330409999999
-99.1105499999999,80.1305390000001
-99.08168,80.124695
-98.868881,80.077774
-98.8566589999999,80.0724950000001
-98.774719,80.0152740000001
-98.705841,79.9658200000001
-98.6441649999999,79.8002619999999
-98.6441649999999,79.794144
-98.6486209999999,79.7835999999999
-98.67305,79.7719270000001
-98.779175,79.702209
-98.8300019999999,79.6644290000001
-98.868057,79.7008210000001
-98.936111,79.719711
-98.9677729999999,79.7241520000001
-99.1399989999999,79.7408140000001
-99.243057,79.7485960000001
-99.2736209999999,79.751389
-99.3013919999999,79.7547150000001
-99.31723,79.758606
-99.324448,79.7624970000001
-99.325562,79.7674870000001
-99.3225099999999,79.7713780000001
-99.3130489999999,79.776093
-99.3047179999999,79.7822110000001
-99.30278,79.787491
-99.297501,79.8127590000001
-99.295837,79.8333280000001
-99.2963869999999,79.8391570000001
-99.3022159999999,79.8452610000001
-99.315826,79.8486020000001
-99.368881,79.8577580000001
-99.5566559999999,79.888885
-99.584442,79.8919370000001
-99.614166,79.8933260000001
-99.647781,79.8930510000001
-99.679718,79.888046
-99.7008359999999,79.882751
-99.732224,79.8788600000001
-99.800827,79.876648
-100.005569,79.8744200000001
-100.035828,79.8746950000001
-100.070282,79.876923
-100.097778,79.881088
-100.121109,79.8866580000001
-100.14389,79.8930510000001
-100.158623,79.8986050000001
-100.17749,79.9099880000001
-100.178329,79.9158170000001
-100.193329,80.0338750000001
-100.08168,80.084427
-100.065552,80.089981
-100.023621,80.0997160000001
-99.827225,80.1436
-99.795273,80.1477660000001
-99.759171,80.149719
-99.726944,80.150543
-99.6255489999999,80.1488800000001
-99.599991,80.145264
-99.5938869999999,80.13916
-99.5711209999999,80.1327510000001
-99.471664,80.109711
