"V1","V2"
-51.375282,-1.21361100000001
-51.3875049999999,-1.21499999999997
-51.39917,-1.21305599999999
-51.4002839999999,-1.20194500000002
-51.398338,-1.19027799999998
-51.390007,-1.171111
-51.363617,-1.12944499999992
-51.350563,-1.11499999999995
-51.310005,-1.07333399999999
-51.3025049999999,-1.06694499999998
-51.2763899999999,-1.05194399999993
-51.260002,-1.04111099999994
-51.253891,-1.03361099999995
-51.248894,-1.024722
-51.240837,-1.00527799999998
-51.233894,-0.98472199999992
-51.221672,-0.944444999999916
-51.2194519999999,-0.928056000000026
-51.218895,-0.911388999999986
-51.2202839999999,-0.903888999999992
-51.22084,-0.881388999999956
-51.2194519999999,-0.865000000000009
-51.217506,-0.856667000000016
-51.214729,-0.849166999999966
-51.210556,-0.841666999999973
-51.203056,-0.841666999999973
-51.19445,-0.850555999999926
-51.188614,-0.85805599999992
-51.1825029999999,-0.870277999999985
-51.181114,-0.889721999999949
-51.180557,-0.93555600000002
-51.181114,-0.955277999999964
-51.1825029999999,-0.967777999999953
-51.1874999999999,-0.990277999999989
-51.1908339999999,-1.00055599999996
-51.239449,-1.143889
-51.249725,-1.16083300000003
-51.255836,-1.168611
-51.262779,-1.17527799999999
-51.279167,-1.18611099999998
-51.2991709999999,-1.19388899999996
-51.3641739999999,-1.21083399999992
-51.375282,-1.21361100000001
