"V1","V2"
124.287361,13.9461760000001
124.312714,13.9303669999999
124.349426,13.933332
124.393883,13.8963870000001
124.406937,13.877775
124.416092,13.856108
124.417213,13.852776
124.418053,13.797777
124.418053,13.7886100000001
124.333603,13.5488870000001
124.329163,13.5480540000001
124.325821,13.548609
124.318047,13.553053
124.315262,13.5583320000001
124.312759,13.5858310000001
124.309982,13.58972
124.305542,13.591665
124.293587,13.5938869999999
124.280273,13.5944420000001
124.25972,13.5938869999999
124.249153,13.5902750000001
124.240807,13.5858310000001
124.213318,13.5633320000001
124.210541,13.5597210000001
124.207764,13.553886
124.207764,13.542776
124.208038,13.515276
124.202766,13.517776
124.17804,13.532499
124.054703,13.6108300000001
124.033867,13.6488880000001
124.030548,13.663887
124.056931,13.6855550000001
124.063026,13.6897200000001
124.074158,13.6941640000001
124.089432,13.6988870000001
124.096649,13.7044430000001
124.124153,13.758055
124.133881,13.792221
124.148041,13.9208320000001
124.144989,13.931387
124.137207,13.945276
124.133331,13.94972
124.131088,13.9563870000001
124.127762,13.9805529999999
124.127197,13.997776
124.127762,14.0461100000001
124.12886,14.0591640000001
124.131088,14.0616650000001
124.20665,14.0988859999999
124.209991,14.098608
124.255142,14.045504
124.28199,13.9977790000001
124.287361,13.9461760000001
