"V1","V2"
-96.5519409999999,28.2666659999999
-96.69249,28.182774
-96.7066649999999,28.173607
-96.736938,28.1538849999999
-96.753616,28.1411060000001
-96.805557,28.099998
-96.813614,28.092495
-96.817505,28.1099970000001
-96.8124999999999,28.160828
-96.809158,28.1697160000001
-96.8038789999999,28.1786080000001
-96.794449,28.189438
-96.782776,28.192493
-96.7766419999999,28.192055
-96.77417,28.191383
-96.7563929999999,28.194439
-96.715561,28.2027739999999
-96.70639,28.206104
-96.665558,28.2358280000001
-96.661667,28.2391620000001
-96.654999,28.2472149999999
-96.649445,28.2561070000001
-96.6461179999999,28.259998
-96.641388,28.263332
-96.507233,28.3349950000001
-96.431107,28.374439
-96.430283,28.379162
-96.426666,28.3880500000001
-96.4236149999999,28.39222
-96.415558,28.3961070000001
-96.4108279999999,28.396664
-96.408615,28.3958280000001
-96.404724,28.39222
-96.400558,28.3672180000001
-96.399734,28.3505519999999
-96.405838,28.3377760000001
-96.40834,28.334442
-96.4194489999999,28.3249970000001
-96.449432,28.3108290000001
-96.470001,28.303329
-96.486389,28.297775
-96.528336,28.27972
-96.5519409999999,28.2666659999999
