"V1","V2"
-66.732224,-66.3105619999999
-66.7630619999999,-66.318069
-66.779449,-66.31723
-66.793335,-66.3125
-66.801117,-66.306122
-66.8025049999999,-66.28862
-66.743057,-66.117783
-66.738068,-66.111115
-66.729736,-66.104446
-66.714737,-66.098618
-66.6216739999999,-66.08168
-66.605835,-66.0797269999999
-66.589447,-66.081955
-66.5755619999999,-66.0880579999999
-66.567505,-66.094177
-66.555557,-66.106949
-66.561676,-66.185837
-66.5655669999999,-66.1988979999999
-66.572784,-66.212234
-66.580002,-66.225281
-66.585281,-66.231949
-66.593613,-66.238892
-66.605286,-66.24556
-66.70195,-66.299454
-66.716675,-66.3063959999999
-66.732224,-66.3105619999999
