"V1","V2"
-178.286987,-17.96611
-178.301392,-17.96611
-178.318909,-17.963333
-178.330597,-17.9605559999999
-178.340027,-17.955833
-178.355286,-17.935558
-178.357239,-17.930836
-178.358032,-17.9261089999999
-178.354431,-17.908611
-178.35083,-17.898338
-178.347809,-17.8941649999999
-178.334747,-17.8858379999999
-178.323883,-17.8825039999999
-178.310028,-17.88306
-178.297546,-17.885281
-178.265015,-17.9024999999999
-178.256134,-17.908054
-178.244476,-17.9177779999999
-178.238617,-17.9261089999999
-178.238068,-17.93222
-178.238617,-17.94278
-178.240814,-17.947498
-178.243896,-17.951668
-178.247528,-17.955276
-178.262817,-17.9613909999999
-178.286987,-17.96611
