"V1","V2"
103.094131,0.723889000000099
103.088577,0.722500000000082
103.080544,0.728054999999983
103.077759,0.731944000000112
103.07637,0.744443999999987
103.077187,0.75055500000002
103.082474,0.77249999999998
103.086639,0.781943999999953
103.092194,0.790278000000114
103.099701,0.796389000000033
103.10524,0.797777999999994
103.110519,0.796389000000033
103.114143,0.793055000000038
103.116913,0.781943999999953
103.117477,0.769644000000142
103.116913,0.762778000000083
103.10997,0.73555500000009
103.103027,0.728611000000001
103.098862,0.725833000000023
103.094131,0.723889000000099
