"V1","V2"
-74.222778,-72.9761199999999
-74.179169,-73.020569
-74.172501,-73.0338899999999
-74.175842,-73.0533449999999
-74.181396,-73.059723
-74.185822,-73.062561
-74.208618,-73.085556
-74.3636169999999,-73.208069
-74.3838959999999,-73.22084
-74.4427799999999,-73.246124
-74.453339,-73.2525019999999
-74.464737,-73.2652889999999
-74.5050049999999,-73.3213959999999
-74.506668,-73.3280639999999
-74.507782,-73.334457
-74.485001,-73.3805689999999
-74.4783479999999,-73.39389
-74.470566,-73.400558
-74.438904,-73.426956
-74.418335,-73.440567
-74.3980559999999,-73.453903
-74.3755649999999,-73.468063
-74.350571,-73.4814
-74.325562,-73.4947359999999
-74.308334,-73.5016779999999
-74.295563,-73.508347
-74.28334,-73.5150149999999
-74.2752839999999,-73.521667
-74.268341,-73.535004
-74.2694549999999,-73.541397
-74.286957,-73.5608369999999
-74.318344,-73.579727
-74.411118,-73.630844
-74.441391,-73.643341
-74.4655609999999,-73.6483459999999
-74.5594479999999,-73.651947
-74.582504,-73.651672
-74.605286,-73.650009
-74.8236239999999,-73.608337
-74.868057,-73.599731
-75.1544489999999,-73.536957
-75.329178,-73.4969479999999
-75.437225,-73.468613
-75.585007,-73.4355619999999
-75.672226,-73.417786
-75.714737,-73.405289
-75.756668,-73.391113
-75.927231,-73.3297269999999
-75.950836,-73.316116
-76.088058,-73.222504
-76.093613,-73.209457
-76.0941769999999,-73.196396
-76.0886229999999,-73.176682
-76.069733,-73.157501
-75.97084,-73.0944519999999
-75.946945,-73.089737
-75.886124,-73.0977779999999
-75.8211209999999,-73.1069489999999
-75.714447,-73.129181
-75.69223,-73.130844
-75.669449,-73.130005
-75.4447329999999,-73.078613
-75.425293,-73.07251
-75.395279,-73.060013
-75.384735,-73.053619
-75.366669,-73.034454
-75.359177,-73.0213929999999
-75.357513,-73.015015
-75.360291,-73.008347
-75.372223,-73.001678
-75.3883359999999,-72.9947359999999
-75.431671,-72.9886169999999
-75.453613,-72.986679
-75.4758449999999,-72.986389
-75.498611,-72.987228
-75.5914,-73.000839
-75.613892,-73.001678
-75.635559,-72.9986109999999
-75.656403,-72.992783
-75.691391,-72.972504
-75.710281,-72.958893
-75.717514,-72.9522249999999
-75.7202909999999,-72.945557
-75.714172,-72.9391779999999
-75.694733,-72.93306
-75.6716769999999,-72.9297329999999
-75.648056,-72.925003
-75.604736,-72.9127809999999
-75.589737,-72.906677
-75.564453,-72.89418
-75.553894,-72.8877869999999
-75.537506,-72.8749999999999
-75.5252839999999,-72.862228
-75.515015,-72.855835
-75.4897309999999,-72.843338
-75.4322359999999,-72.825012
-75.4011229999999,-72.820282
-75.386124,-72.8180689999999
-75.318069,-72.811676
-75.251114,-72.809174
-75.184723,-72.809174
-74.835007,-72.828903
-74.5655669999999,-72.879181
-74.351959,-72.925842
-74.288345,-72.9425049999999
-74.267227,-72.949448
-74.250565,-72.956116
-74.2383419999999,-72.963058
-74.222778,-72.9761199999999
