"V1","V2"
-97.397781,69.685532
-97.411942,69.6847080000001
-97.4419399999999,69.685532
-97.455841,69.6847080000001
-97.468338,69.6824800000001
-97.479721,69.678864
-97.489441,69.673874
-97.4902799999999,69.6685940000001
-97.476944,69.654709
-97.398346,69.5974880000001
-97.391388,69.5933230000001
-97.3788759999999,69.5924840000001
-97.372772,69.5983280000001
-97.3519439999999,69.631363
-97.35083,69.6366580000001
-97.347504,69.642212
-97.3297269999999,69.6697080000001
-97.316391,69.686646
-97.3038789999999,69.6983179999999
-97.289169,69.698029
-97.273895,69.6947020000001
-97.226395,69.6755370000001
-97.2069549999999,69.6674800000001
-97.113892,69.6222080000001
-97.1069489999999,69.617752
-97.103607,69.6141509999999
-97.101944,69.6091460000001
-97.1027829999999,69.6038670000001
-97.099442,69.594147
-97.090561,69.5849910000001
-97.0644379999999,69.5727690000001
-96.955566,69.5233150000001
-96.879166,69.491364
-96.866943,69.4877620000001
-96.6377869999999,69.437195
-96.5025019999999,69.4097140000001
-96.320282,69.354706
-96.301392,69.346649
-96.208893,69.3069310000001
-96.2022249999999,69.302765
-96.189987,69.2888790000001
-96.172226,69.2652740000001
-96.170547,69.260544
-96.1719359999999,69.255264
-96.1755519999999,69.24971
-96.193329,69.237488
-96.203339,69.2324829999999
-96.209732,69.2266539999999
-96.213058,69.211105
-96.2236179999999,69.1419369999999
-96.235001,69.0641480000001
-96.2336119999999,69.0594180000001
-96.229721,69.054703
-96.225555,69.049988
-96.218887,69.0458220000001
-96.1952669999999,69.038315
-96.1663969999999,69.031372
-96.1324919999999,69.024994
-96.1188809999999,69.025543
-96.11528,69.0308230000001
-96.113892,69.036102
-96.12999,69.054703
-96.152222,69.1030430000001
-96.156952,69.1633150000001
-96.155838,69.168594
-96.1494449999999,69.174423
-96.073624,69.231659
-96.059723,69.2322080000001
-96.0477749999999,69.2283170000001
-96.041107,69.2238770000001
-95.9555659999999,69.1419369999999
-95.951675,69.1374970000001
-95.924438,69.0894320000001
-95.925827,69.0844270000001
-95.934723,69.078323
-95.9536129999999,69.067215
-95.9713899999999,69.054977
-95.977783,69.0491490000001
-95.978882,69.043869
-95.97084,69.0347140000001
-95.938599,69.0038760000001
-95.925552,68.995255
-95.843887,68.923035
-95.820282,68.870255
-95.770554,68.8910980000001
-95.756958,68.891373
-95.7458339999999,68.8885960000001
-95.674164,68.8699800000001
-95.6702729999999,68.8655400000001
-95.6686099999999,68.8605350000001
-95.667496,68.855545
-95.671387,68.850266
-95.667221,68.835266
-95.66333,68.8308260000001
-95.654175,68.8266599999999
-95.626099,68.8266599999999
-95.575836,68.830276
-95.5502779999999,68.833054
-95.5283359999999,68.8402710000001
-95.510284,68.8524780000001
-95.48999,68.8616490000001
-95.446655,68.87915
-95.4247129999999,68.886658
-95.389999,68.8952640000001
-95.378052,68.897766
-95.365005,68.899155
-95.351395,68.8994290000001
-95.335556,68.8972170000001
-95.321396,68.8936000000001
-95.24028,68.866928
-95.2288819999999,68.8630370000001
-95.2105559999999,68.854706
-95.206955,68.850266
-95.210831,68.8447110000001
-95.263062,68.8027650000001
-95.273056,68.7974850000001
-95.476395,68.7119290000001
-95.54361,68.702484
-95.5399929999999,68.708038
-95.538895,68.7133180000001
-95.538895,68.7233120000001
-95.546387,68.7324830000001
-95.559433,68.741364
-95.568344,68.745529
-95.5938869999999,68.752777
-95.6080469999999,68.7533260000001
-95.621933,68.752777
-95.790558,68.7371980000001
-95.801666,68.733871
-95.848343,68.6699830000001
-95.859726,68.6533200000001
-95.988892,68.6216430000001
-96.0008389999999,68.619431
-96.1497339999999,68.557205
-96.256393,68.503326
-96.262512,68.497482
-96.2647249999999,68.4871980000001
-96.270844,68.481369
-96.2913819999999,68.473038
-96.3022159999999,68.4697110000001
-96.313889,68.467209
-96.5036159999999,68.4460910000001
-96.530563,68.444977
-96.7174989999999,68.474991
-96.768341,68.48526
-96.913895,68.5180510000001
-96.928329,68.5213780000001
-97.0944519999999,68.5391540000001
-97.0955509999999,68.534149
-97.098892,68.528595
-97.119995,68.5208280000001
-97.1308289999999,68.517487
-97.142502,68.514999
-97.154175,68.512772
-97.181107,68.511383
-97.460007,68.534149
-97.475006,68.535538
-97.506119,68.541931
-97.553329,68.5566410000001
-97.5741729999999,68.564148
-97.583618,68.5680540000001
-97.6672209999999,68.603867
-97.727219,68.6322019999999
-97.9186099999999,68.6755370000001
-98.020554,68.6935880000001
-98.0355529999999,68.6947020000001
-98.049988,68.6949770000001
-98.062775,68.6935880000001
-98.078339,68.6833190000001
-98.083893,68.6774750000001
-98.093338,68.6722110000001
-98.104996,68.6697080000001
-98.119995,68.6708220000001
-98.129715,68.6746980000001
-98.24028,68.720825
-98.2611239999999,68.733597
-98.281677,68.7463680000001
-98.290558,68.7555540000001
-98.292496,68.760544
-98.2919459999999,68.7658230000001
-98.2861179999999,68.7716520000001
-98.26973,68.783875
-98.2608339999999,68.789154
-98.249161,68.800812
-98.243057,68.81192
-98.244156,68.8222200000001
-98.263062,68.8299870000001
-98.2752839999999,68.833603
-98.36972,68.8574830000001
-98.3833309999999,68.8599850000001
-98.408051,68.8558200000001
-98.4186099999999,68.8524780000001
-98.425003,68.8413700000001
-98.415283,68.8152620000001
-98.401947,68.801651
-98.393616,68.787201
-98.3947299999999,68.776932
-98.4002839999999,68.770828
-98.4086149999999,68.764709
-98.4186099999999,68.760544
-98.451111,68.7500000000001
-98.476395,68.746933
-98.48999,68.746094
-98.519455,68.7474819999999
-98.7247159999999,68.7910920000001
-98.847229,68.8255460000001
-98.859436,68.8291630000001
-98.866394,68.8333280000001
-98.875549,68.8424840000001
-98.879715,68.8522030000001
-98.8791659999999,68.8574830000001
-98.869995,68.8741460000001
-98.864441,68.8799740000001
-98.856384,68.886383
-98.847504,68.8916630000001
-98.826675,68.8994290000001
-98.8175049999999,68.904709
-98.8119349999999,68.910538
-98.8113859999999,68.915817
-98.820557,68.9249879999999
-98.827499,68.9291529999999
-98.849442,68.933594
-98.965836,68.9494170000001
-98.9811099999999,68.950546
-98.993057,68.9477540000001
-99.077499,68.91832
-99.09584,68.8994290000001
-99.076401,68.8916630000001
-99.0622099999999,68.883041
-99.0438839999999,68.8649900000001
-99.0441589999999,68.8597110000001
-99.176102,68.825821
-99.188599,68.8241580000001
-99.2105559999999,68.831665
-99.236664,68.848877
-99.246109,68.8527680000001
-99.267227,68.8591460000001
-99.3113859999999,68.8688660000001
-99.41333,68.884155
-99.428055,68.887207
-99.437775,68.8910980000001
-99.444992,68.895538
-99.449722,68.899994
-99.454178,68.9097140000001
-99.4511109999999,68.915268
-99.447769,68.926086
-99.448883,68.936646
-99.450836,68.9416500000001
-99.460556,68.9508210000001
-99.489166,68.9674840000001
-99.5233309999999,68.983597
-99.5624999999999,68.9991460000001
-99.5897219999999,69.011108
-99.594162,69.0158230000001
-99.5963899999999,69.0205380000001
-99.596115,69.025818
-99.593338,69.031372
-99.57988,69.04393
-99.5136259999999,69.1019290000001
-99.4922179999999,69.1202550000001
-99.485825,69.125259
-99.4769439999999,69.1308139999999
-99.4666599999999,69.1349950000001
-99.3113859999999,69.158875
-99.296661,69.1586
-99.238052,69.1497190000001
-99.168335,69.1383210000001
-99.035278,69.1358180000001
-99.006958,69.1363830000001
-98.79805,69.170532
-98.774445,69.175537
-98.73056,69.189423
-98.720276,69.193863
-98.711121,69.199142
-98.702789,69.205261
-98.699722,69.210815
-98.701111,69.2208250000001
-98.705276,69.2308200000001
-98.6155549999999,69.2947080000001
-98.5338899999999,69.291367
-98.4413759999999,69.298035
-98.415558,69.3010860000001
-98.403336,69.303589
-98.393341,69.308029
-98.387512,69.3138730000001
-98.384171,69.3194429999999
-98.388062,69.329163
-98.397232,69.3383180000001
-98.440277,69.363876
-98.45723,69.371918
-98.476944,69.3799740000001
-98.488892,69.383606
-98.523331,69.388321
-98.5355529999999,69.3919370000001
-98.555557,69.399994
-98.5624999999999,69.4041599999999
-98.598053,69.430542
-98.611938,69.444138
-98.6088869999999,69.449707
-98.591675,69.467484
-98.585556,69.4733120000001
-98.577225,69.479431
-98.5633239999999,69.477203
-98.553329,69.4733120000001
-98.540833,69.4697110000001
-98.508347,69.4633180000001
-98.4774929999999,69.4619289999999
-98.447769,69.461655
-98.422501,69.46582
-98.419449,69.4713749999999
-98.424164,69.4758150000001
-98.4488829999999,69.4830470000001
-98.463898,69.486374
-98.549438,69.5013890000001
-98.5647129999999,69.5047150000001
-98.577225,69.5083310000001
-98.5869449999999,69.5122070000001
-98.601669,69.5208280000001
-98.6055599999999,69.5305480000001
-98.604996,69.5358120000001
-98.6019439999999,69.541092
-98.5927729999999,69.552765
-98.575562,69.5702670000001
-98.5669559999999,69.576385
-98.5566559999999,69.5808260000001
-98.5313869999999,69.5849910000001
-98.5014039999999,69.5844270000001
-98.48555,69.583328
-98.433319,69.575546
-98.385559,69.5660859999999
-98.357773,69.5591430000001
-98.3505549999999,69.5547030000001
-98.338898,69.546097
-98.334167,69.541367
-98.3225099999999,69.5324860000001
-98.310822,69.5238800000001
-98.284439,69.5063780000001
-98.248611,69.484985
-98.092499,69.424988
-98.078613,69.42276
-98.049728,69.4230350000001
-98.0366669999999,69.424698
-98.024719,69.4272000000001
-98.003891,69.435806
-97.997772,69.44165
-97.997223,69.4469300000001
-98.006958,69.4508210000001
-98.071396,69.4688720000001
-98.157227,69.4994200000001
-98.166946,69.503326
-98.188599,69.516098
-98.2113949999999,69.538879
-98.255844,69.574707
-98.263062,69.5788729999999
-98.295837,69.5852660000001
-98.330292,69.5902710000001
-98.3605499999999,69.5966490000001
-98.367767,69.6010890000001
-98.321671,69.7136080000001
-98.314163,69.722214
-98.2819519999999,69.751663
-98.230286,69.7888790000001
-98.211121,69.799423
-98.199722,69.8027650000001
-98.1872099999999,69.805252
-98.1438899999999,69.806366
-98.118057,69.8105320000001
-98.1077729999999,69.8146970000001
-98.088608,69.825272
-98.079727,69.831375
-98.061661,69.848877
-98.0583339999999,69.854431
-98.049164,69.865814
-98.04306,69.871643
-98.034164,69.878036
-98.012222,69.885818
-97.999725,69.8880460000001
-97.9741669999999,69.892212
-97.945541,69.8936000000001
-97.930557,69.8933259999999
-97.91333,69.891098
-97.8802799999999,69.8849950000001
-97.7550049999999,69.8513790000001
-97.691101,69.8199920000001
-97.689163,69.8152620000001
-97.68222,69.810806
-97.660004,69.8033140000001
-97.610001,69.7885890000001
-97.579727,69.781937
-97.449158,69.7602690000001
-97.34111,69.7063750000001
-97.339447,69.701385
-97.3480529999999,69.695251
-97.358612,69.690811
-97.371109,69.6885830000001
-97.397781,69.685532
