"V1","V2"
-61.878334,57.463051
-61.926949,57.4524920000001
-61.9374999999999,57.453049
-61.946945,57.454994
-61.9558329999999,57.4580460000001
-61.962776,57.462212
-62.0125049999999,57.5083310000001
-62.021942,57.5211029999999
-62.0230559999999,57.534164
-62.020279,57.5402760000001
-62.01445,57.5494380000001
-61.9925,57.56916
-61.974998,57.5813830000001
-61.968887,57.584435
-61.953056,57.590271
-61.944443,57.5908280000001
-61.878052,57.584991
-61.855003,57.5805510000001
-61.833328,57.57444
-61.8175049999999,57.567215
-61.7836149999999,57.5505450000001
-61.781387,57.54805
-61.778885,57.5438839999999
-61.776947,57.52388
-61.777779,57.5183260000001
-61.7794419999999,57.513611
-61.7830579999999,57.5083310000001
-61.864166,57.4663850000001
-61.878334,57.463051
