"V1","V2"
68.4820100000001,-72.277786
68.4605870000001,-72.27919
68.4358670000001,-72.278076
68.4116970000001,-72.274185
68.3994900000001,-72.268631
68.396133,-72.261139
68.4136510000001,-72.2433469999999
68.6364290000001,-72.114746
68.6622470000001,-72.100006
68.6931300000001,-72.0889129999999
68.71254,-72.086395
68.7364039999999,-72.0902859999999
68.748672,-72.09584
68.7653350000001,-72.107788
68.7811430000001,-72.1208339999999
68.799515,-72.138916
68.8156280000001,-72.158615
68.820023,-72.165283
68.8217320000001,-72.171417
68.82283,-72.185562
68.815872,-72.200577
68.7900540000001,-72.2152859999999
68.7766880000001,-72.220581
68.741409,-72.230301
68.6872710000001,-72.241394
68.5411530000001,-72.270294
68.4820100000001,-72.277786
