"V1","V2"
130.188568,-2.06416699999988
130.120789,-2.06611099999998
129.911926,-2.00388900000002
129.861908,-1.978611
129.736908,-1.91277799999995
129.72052,-1.89499999999992
129.717743,-1.89083299999993
129.71579,-1.88583299999993
129.717743,-1.88111099999998
129.721344,-1.87777799999998
129.728851,-1.87166699999989
129.741058,-1.86333300000001
129.74939,-1.857778
129.75415,-1.85583300000002
129.791077,-1.84500000000003
129.828308,-1.833889
129.955811,-1.78333300000003
129.974976,-1.77444500000001
129.983856,-1.76944400000002
129.991913,-1.76416699999987
130,-1.75741599999998
130.013306,-1.75111099999998
130.038025,-1.74138900000003
130.048859,-1.73861099999993
130.323029,-1.68111099999999
130.350555,-1.680205
130.355225,-1.710556
130.392212,-1.76611100000002
130.402466,-1.77638899999994
130.40802,-1.78472199999999
130.426361,-1.814167
130.431091,-1.82305600000001
130.433319,-1.82777799999997
130.436096,-1.83888899999988
130.436646,-1.84500000000003
130.436096,-1.97166700000002
130.435242,-1.977778
130.432465,-1.981944
130.428589,-1.98472199999998
130.383881,-2.00999999999999
130.37912,-2.01194500000003
130.228302,-2.05583300000001
130.194977,-2.06333399999988
130.188568,-2.06416699999988
