"V1","V2"
-64.962784,64.1108090000001
-64.948608,64.1097109999999
-64.9036099999999,64.1110990000001
-64.871109,64.0991520000001
-64.869446,64.0966490000001
-64.869995,64.0933230000001
-64.873322,64.0908200000001
-64.884445,64.0866550000001
-64.905563,64.082214
-64.946655,64.078873
-64.988892,64.081375
-65.002228,64.083878
-65.0230559999999,64.089432
-65.0455469999999,64.0994260000001
-65.055557,64.108597
-65.057495,64.113037
-65.0563809999999,64.1172030000001
-65.0522159999999,64.121094
-65.0397189999999,64.124985
-65.025009,64.1274720000001
-65.0155639999999,64.126923
-64.99527,64.1230319999999
-64.98999,64.118591
-64.980835,64.1152650000001
-64.962784,64.1108090000001
