"V1","V2"
131.072754,-7.51138999999995
131.060242,-7.51250099999999
130.997192,-7.48833300000001
130.993011,-7.48555599999986
130.984131,-7.47388899999999
130.980804,-7.46361200000001
130.980804,-7.45694400000002
130.982727,-7.452223
130.996613,-7.43194399999999
131.003326,-7.42500000000001
131.007477,-7.42222199999992
131.013031,-7.42083400000001
131.030273,-7.41750000000002
131.036926,-7.41750000000002
131.161652,-7.40388899999988
131.168579,-7.40388899999988
131.173309,-7.40611099999995
131.17746,-7.40861099999995
131.179413,-7.41333400000002
131.178864,-7.419444
131.171906,-7.42638899999992
131.13443,-7.46361200000001
131.072754,-7.51138999999995
