"V1","V2"
120.721649,13.4777759999999
120.743317,13.4669420000001
120.916931,13.510832
120.967484,13.5230540000001
120.988037,13.521666
120.99054,13.520277
120.991364,13.515833
120.991364,13.4691640000001
121.033051,13.4236090000001
121.035812,13.420832
121.044434,13.415276
121.058029,13.4069420000001
121.065262,13.4044440000001
121.074997,13.404165
121.150269,13.4088879999999
121.176933,13.417498
121.190262,13.4224990000001
121.218323,13.407499
121.299713,13.3491650000001
121.304428,13.3455520000001
121.502213,13.148888
121.512207,13.053331
121.50499,13.0463870000001
121.5,13.039999
121.493591,13.0272220000001
121.4897,13.0130540000001
121.489433,13.006943
121.47998,12.773609
121.481369,12.7619439999999
121.482483,12.7574999999999
121.485527,12.7522220000001
121.492477,12.7433300000001
121.50972,12.7299980000001
121.523613,12.7188870000001
121.52916,12.713053
121.537773,12.698053
121.552467,12.661388
121.559418,12.605831
121.558319,12.601109
121.556931,12.5994420000001
121.513046,12.55361
121.497208,12.5377770000001
121.486099,12.5286100000001
121.471916,12.518332
121.461113,12.514166
121.445534,12.5024990000001
121.412201,12.441109
121.411926,12.43861
121.415268,12.3911090000001
121.439697,12.3516640000001
121.38443,12.354164
121.343048,12.3213860000001
121.220543,12.2305529999999
121.133881,12.241108
121.123871,12.24333
121.119431,12.2461090000001
121.11554,12.2494410000001
121.098877,12.2794440000001
121.103592,12.313332
121.108871,12.3094430000001
121.110527,12.3094430000001
121.113312,12.31111
121.118874,12.315554
121.120819,12.3227750000001
121.121918,12.3319420000001
121.111649,12.3455519999999
121.097488,12.347498
121.088882,12.3455519999999
121.083054,12.341665
121.078873,12.3322199999999
120.983322,12.4224990000001
120.933037,12.5011100000001
120.921921,12.5269430000001
120.921921,12.529444
120.928307,12.544165
120.937759,12.5580540000001
120.94136,12.5666659999999
120.941933,12.5711099999999
120.934143,12.602221
120.930267,12.612497
120.908333,12.650555
120.862762,12.7113880000001
120.858322,12.7147200000001
120.851379,12.7197189999999
120.846939,12.7222190000001
120.837769,12.72472
120.833603,12.7236080000001
120.829163,12.7205519999999
120.816383,12.719164
120.806931,12.7205519999999
120.801933,12.7219430000001
120.800262,12.7236080000001
120.79776,12.733608
120.787201,12.77611
120.786377,12.7811110000001
120.783333,12.8255540000001
120.784988,12.914721
120.761932,13.008888
120.75444,13.025831
120.746094,13.0405540000001
120.734993,13.0588870000001
120.688026,13.1358319999999
120.652481,13.186665
120.64415,13.193054
120.59166,13.2224979999999
120.589706,13.2233309999999
120.563599,13.2247200000001
120.541092,13.2305530000001
120.389709,13.3733310000001
120.382202,13.373886
120.352768,13.37833
120.349426,13.379719
120.338043,13.3899990000001
120.3311,13.3972210000001
120.31192,13.419443
120.303589,13.4408319999999
120.303307,13.443609
120.304153,13.44611
120.319153,13.4736080000001
120.323036,13.478054
120.334427,13.488331
120.346367,13.498608
120.361099,13.5091650000001
120.375809,13.514999
120.392487,13.5211110000001
120.402481,13.5233329999999
120.415268,13.525
120.4272,13.5238880000001
120.663879,13.491386
120.701927,13.4833320000001
120.721649,13.4777759999999
