"V1","V2"
-73.7113949999999,-44.304169
-73.725006,-44.307503
-73.733902,-44.3063959999999
-73.739182,-44.303337
-73.744736,-44.298889
-73.753342,-44.291672
-73.7569579999999,-44.287224
-73.763062,-44.2716669999999
-73.7633359999999,-44.2591709999999
-73.7611239999999,-44.253891
-73.755844,-44.2508389999999
-73.707779,-44.243057
-73.700012,-44.241951
-73.693344,-44.243057
-73.678345,-44.2466739999999
-73.665558,-44.251396
-73.663071,-44.256393
-73.662781,-44.262779
-73.6780699999999,-44.279724
-73.6961209999999,-44.294724
-73.7113949999999,-44.304169
