"V1","V2"
-144.584991,59.8102720000001
-144.593597,59.80777
-144.601379,59.8108220000001
-144.559174,59.8591610000001
-144.554443,59.8636090000001
-144.523621,59.883049
-144.503906,59.8944400000001
-144.442505,59.92527
-144.372498,59.958603
-144.351379,59.968597
-144.2789,59.9991610000001
-144.261414,60.003883
-144.231659,60.008606
-144.218048,60.0080490000001
-144.208893,60.0055540000001
-144.208344,60.000832
-144.220551,59.99305
-144.238037,59.9877700000001
-144.255585,59.983047
-144.303894,59.9661030000001
-144.333618,59.952774
-144.411133,59.9163820000001
-144.420837,59.9072110000001
-144.455261,59.8827669999999
-144.542236,59.82972
-144.562775,59.819443
-144.584991,59.8102720000001
