"V1","V2"
-51.403336,-0.540832999999964
-51.410835,-0.540832999999964
-51.418335,-0.538610999999946
-51.426392,-0.53138899999999
-51.429169,-0.523055999999997
-51.4244459999999,-0.514721999999949
-51.411392,-0.499721999999963
-51.396393,-0.492777999999987
-51.31945,-0.466110999999955
-51.266945,-0.451666999999986
-51.251114,-0.447778000000028
-51.243614,-0.450278000000026
-51.239449,-0.454443999999967
-51.237228,-0.460555999999997
-51.2369459999999,-0.468888999999933
-51.2402799999999,-0.476388999999926
-51.2572249999999,-0.49138899999997
-51.281395,-0.503888999999958
-51.3066709999999,-0.515556000000004
-51.316116,-0.518889000000001
-51.3511119999999,-0.53055599999999
-51.3833389999999,-0.538055999999983
-51.403336,-0.540832999999964
