"V1","V2"
-171.23526,52.4508290000001
-171.30838,52.4491580000001
-171.312256,52.453606
-171.315552,52.464706
-171.315857,52.470818
-171.313904,52.4886020000001
-171.308044,52.4994280000001
-171.304199,52.5041660000001
-171.294189,52.5119320000001
-171.282257,52.5183259999999
-171.27533,52.520821
-171.267242,52.5224840000001
-171.250336,52.523872
-171.223602,52.5136109999999
-171.217224,52.510544
-171.202484,52.4927600000001
-171.203064,52.4872060000001
-171.2117,52.4711000000001
-171.215576,52.4663850000001
-171.23526,52.4508290000001
