"V1","V2"
-74.026123,-44.8569489999999
-74.041946,-44.858894
-74.06723,-44.8575059999999
-74.170837,-44.8272249999999
-74.1838989999999,-44.822502
-74.187225,-44.8180619999999
-74.186676,-44.8125
-74.180557,-44.81028
-74.166397,-44.806946
-74.126114,-44.803062
-74.110291,-44.801117
-74.079727,-44.796669
-74.065842,-44.793335
-74.041397,-44.7836149999999
-74.023895,-44.775002
-74.0100099999999,-44.771667
-74.001114,-44.771393
-73.968903,-44.777504
-73.9622339999999,-44.779724
-73.957779,-44.7836149999999
-73.95668,-44.789169
-73.95639,-44.7952799999999
-73.96167,-44.8280559999999
-73.965012,-44.832779
-73.974731,-44.839729
-73.986954,-44.844727
-74.0191799999999,-44.855278
-74.026123,-44.8569489999999
