"V1","V2"
-146.335846,-16.164722
-146.351959,-16.166389
-146.358917,-16.165836
-146.383911,-16.160831
-146.387817,-16.158337
-146.390564,-16.154167
-146.395844,-16.139172
-146.396698,-16.133614
-146.396393,-16.126945
-146.39447,-16.121387
-146.38446,-16.110279
-146.374695,-16.1063879999999
-146.355835,-16.104172
-146.348602,-16.1047209999999
-146.343079,-16.1063879999999
-146.334991,-16.113056
-146.329712,-16.127228
-146.327484,-16.1383319999999
-146.32724,-16.144726
-146.328918,-16.157501
-146.332214,-16.161671
-146.335846,-16.164722
