"V1","V2"
86.492798,-66.774734
86.4597780000001,-66.776123
86.427002,-66.773361
86.377823,-66.766693
86.3613890000001,-66.7628019999999
86.3450470000001,-66.7586209999999
86.3219760000001,-66.750839
86.3092040000001,-66.737808
86.3061680000001,-66.7314149999999
86.3014069999999,-66.7178039999999
86.3016969999999,-66.711136
86.3250120000001,-66.691696
86.3450470000001,-66.678894
86.3583530000001,-66.6725159999999
86.3747560000001,-66.6672359999999
86.4044800000001,-66.660858
86.470047,-66.655838
86.519226,-66.653351
86.5520020000001,-66.653351
86.584778,-66.656128
86.6339110000001,-66.66391
86.6664430000001,-66.671692
86.682816,-66.676956
86.7252810000001,-66.705566
86.73201,-66.712234
86.73201,-66.723892
86.7286530000001,-66.730301
86.718628,-66.736969
86.702286,-66.741974
86.6856080000001,-66.7458339999999
86.619751,-66.758911
86.6034090000001,-66.7613979999999
86.492798,-66.774734
