"V1","V2"
122.011383,-0.414444000000003
121.919708,-0.417221999999981
121.913307,-0.416388999999981
121.896942,-0.412221999999986
121.875809,-0.39916699999992
121.868874,-0.392499999999984
121.856644,-0.377499999999998
121.854431,-0.372500000000002
121.854431,-0.365833000000009
121.856644,-0.360833000000014
121.871643,-0.341666999999973
121.878593,-0.334999999999923
121.887497,-0.329444000000024
121.921654,-0.317221999999958
121.931931,-0.31361099999998
121.944427,-0.312221999999963
121.950546,-0.31305599999996
122.044434,-0.332778000000019
122.04776,-0.336388999999997
122.049149,-0.341666999999973
122.04866,-0.37862100000001
122.045822,-0.393888999999945
122.043587,-0.398611000000017
122.040817,-0.402778000000012
122.034149,-0.409721999999988
122.029984,-0.412221999999986
122.011383,-0.414444000000003
