"V1","V2"
24.4136090000001,36.6602710000001
24.33083,36.649994
24.326942,36.6511080000001
24.324718,36.6527710000001
24.322777,36.6597210000001
24.3230550000001,36.667496
24.3405529999999,36.7330549999999
24.3438869999999,36.7408290000001
24.349163,36.746109
24.352776,36.7477720000001
24.513332,36.767494
24.526943,36.767494
24.5358310000001,36.7647170000001
24.548054,36.7594380000001
24.5494420000001,36.756386
24.5505520000001,36.700554
24.5483320000001,36.6916660000001
24.544441,36.684441
24.5405539999999,36.677773
24.5380549999999,36.674995
24.5347209999999,36.67305
24.476944,36.662773
24.4136090000001,36.6602710000001
