"V1","V2"
-70.6091769999999,-54.904724
-70.674728,-54.905281
-70.68306,-54.903061
-70.730835,-54.8863909999999
-70.74556,-54.874451
-70.744171,-54.869728
-70.730835,-54.863892
-70.701401,-54.85334
-70.69278,-54.851395
-70.589447,-54.8344499999999
-70.5150149999999,-54.829727
-70.470566,-54.8386149999999
-70.4656979999999,-54.839966
-70.440842,-54.84417
-70.4244539999999,-54.848335
-70.4175109999999,-54.851395
-70.400284,-54.861946
-70.395844,-54.866112
-70.393616,-54.8716739999999
-70.3983459999999,-54.8758389999999
-70.4047239999999,-54.878891
-70.4108429999999,-54.880836
-70.420288,-54.8822249999999
-70.599457,-54.903618
-70.6091769999999,-54.904724
