"V1","V2"
98.501663,-0.539721999999983
98.3774720000001,-0.57055600000001
98.326096,-0.539721999999983
98.3241580000001,-0.519999999999925
98.366653,-0.360833000000014
98.373306,-0.347221999999988
98.421371,-0.251389000000017
98.4249880000001,-0.247777999999926
98.4302670000001,-0.246389000000022
98.4363710000001,-0.247222000000022
98.4413600000001,-0.249166999999943
98.445526,-0.251943999999924
98.45166,-0.259443999999917
98.464706,-0.280832999999973
98.4838710000001,-0.316388999999958
98.511932,-0.370556000000022
98.511932,-0.422499999999957
98.502213,-0.466386
98.501663,-0.539721999999983
