"V1","V2"
58.4908290000001,81.558868
58.4555510000001,81.556931
58.4202730000001,81.558868
58.2716600000001,81.5722200000001
58.231659,81.5760959999999
58.226654,81.5813749999999
58.2996900000001,81.590927
58.2947160000001,81.5963750000001
58.2969440000001,81.602203
58.306381,81.608322
58.3394320000001,81.611099
58.3772130000001,81.6119230000001
58.568604,81.6144260000001
58.6488800000001,81.6136020000001
58.6891560000001,81.6097110000001
58.714996,81.6052550000001
58.7197110000001,81.5997160000001
58.717209,81.5938720000001
58.7005460000001,81.587494
58.674713,81.581665
58.4908290000001,81.558868
