"V1","V2"
152.646362,-3.228611
152.640808,-3.23000000000002
152.636108,-3.227777
152.605225,-3.203889
152.577179,-3.17722199999997
152.538879,-3.10611099999994
152.537476,-3.10055599999993
152.537476,-3.09499999999997
152.539429,-3.09027799999996
152.553864,-3.07055600000001
152.558014,-3.06777799999992
152.59024,-3.05194399999999
152.599701,-3.04805599999997
152.606079,-3.04722299999997
152.640259,-3.04305599999998
152.644989,-3.045278
152.64859,-3.04861099999999
152.667755,-3.12944399999998
152.668854,-3.14861100000002
152.668854,-3.15527800000001
152.667755,-3.16083299999997
152.654694,-3.21638899999994
152.65332,-3.22166600000003
152.646362,-3.228611
