"V1","V2"
-139.107483,-9.97805799999998
-139.130859,-10.016392
-139.13504,-10.015001
-139.138367,-10.011393
-139.143097,-9.99583199999995
-139.145294,-9.97749900000002
-139.130859,-9.91305499999999
-139.125824,-9.906113
-139.114441,-9.897223
-139.108917,-9.89611200000002
-139.091675,-9.89389199999999
-139.080017,-9.89611200000002
-139.056122,-9.90889199999998
-139.047791,-9.91416699999996
-139.045319,-9.91833499999996
-139.045319,-9.92389100000003
-139.047791,-9.92777799999993
-139.058929,-9.94416799999999
-139.062256,-9.94749999999999
-139.06781,-9.94889099999995
-139.074738,-9.94889099999995
-139.084991,-9.95250099999998
-139.095856,-9.96194600000001
-139.107483,-9.97805799999998
