"V1","V2"
-74.347778,62.6794360000001
-74.309998,62.6791610000001
-74.285553,62.679993
-74.2502899999999,62.6824950000001
-74.21611,62.6849900000001
-74.181671,62.688881
-74.15889,62.688881
-74.145844,62.687767
-74.015839,62.664993
-74.009171,62.6624909999999
-73.959732,62.620827
-73.958054,62.6166610000001
-73.958054,62.612495
-73.962509,62.607773
-73.969727,62.604164
-73.988602,62.602219
-74.1288759999999,62.60083
-74.1544489999999,62.601105
-74.1691589999999,62.602219
-74.1836089999999,62.6038820000001
-74.333618,62.6294330000001
-74.5413819999999,62.668327
-74.551102,62.67083
-74.5863949999999,62.683052
-74.6172179999999,62.6960980000001
-74.639725,62.706383
-74.6497339999999,62.7127690000001
-74.6513979999999,62.7169340000001
-74.645844,62.720825
-74.5372159999999,62.7488780000001
-74.5266719999999,62.7488780000001
-74.5191649999999,62.7477720000001
-74.482773,62.739716
-74.3922269999999,62.6872100000001
-74.37999,62.6824950000001
-74.374161,62.6813810000001
-74.347778,62.6794360000001
