"V1","V2"
-31.7541689999999,68.15387
-31.808334,68.152771
-31.826668,68.1558230000001
-31.930279,68.1735990000001
-31.948608,68.183594
-31.956944,68.194702
-31.958611,68.200546
-31.9580539999999,68.20665
-31.955276,68.209717
-31.938053,68.2172090000001
-31.926945,68.218872
-31.8347239999999,68.2285920000001
-31.819168,68.229156
-31.749443,68.2263790000001
-31.7372209999999,68.224701
-31.736942,68.223602
-31.748608,68.2160950000001
-31.762014,68.2059630000001
-31.76589,68.1919020000001
-31.692223,68.176926
-31.690556,68.1749880000001
-31.6941639999999,68.168594
-31.716663,68.159424
-31.7541689999999,68.15387
