"V1","V2"
97.3277590000001,2.03222199999999
97.3235930000001,2.02972200000011
97.3180390000001,2.03083299999997
97.305237,2.05222199999992
97.296082,2.069166
97.2913510000001,2.07805500000006
97.2796940000001,2.09388800000005
97.233856,2.14388800000006
97.2071990000001,2.17194400000011
97.198853,2.17750000000007
97.1502530000001,2.19861000000003
97.1160740000001,2.20416600000004
97.103577,2.20611000000014
97.1008,2.21027800000002
97.1008,2.21583300000009
97.103577,2.21999899999997
97.108307,2.22194400000001
97.161911,2.23361100000005
97.168854,2.23361100000005
97.2783049999999,2.22805500000004
97.2838590000001,2.22666600000008
97.2880250000001,2.22416599999997
97.324417,2.16305500000004
97.3283080000001,2.15361100000007
97.3441310000001,2.10611100000006
97.343582,2.0561100000001
97.342743,2.05363200000005
97.3338620000001,2.03972200000004
97.3277590000001,2.03222199999999
