"V1","V2"
-105.010277,77.4080349999999
-104.986656,77.4044340000001
-104.961937,77.4044340000001
-104.908051,77.406937
-104.825844,77.413605
-104.771667,77.416656
-104.741096,77.414429
-104.732773,77.4113770000001
-104.53833,77.3383180000001
-104.488892,77.318604
-104.395554,77.2763820000001
-104.388344,77.2713780000001
-104.381378,77.2644350000001
-104.37999,77.2619319999999
-104.365547,77.23027
-104.367493,77.224426
-104.404999,77.1724850000001
-104.416946,77.1619260000001
-104.438049,77.150543
-104.472504,77.1374970000001
-104.5,77.133041
-104.522507,77.1305390000001
-104.74028,77.1085970000001
-104.790283,77.108871
-104.832497,77.1133120000001
-104.853333,77.1174770000001
-104.869164,77.1235960000001
-104.883331,77.135544
-104.892502,77.1419369999999
-104.906387,77.1474910000001
-104.922501,77.152481
-104.945267,77.157211
-104.993607,77.164993
-105.044449,77.1713710000001
-105.09584,77.176086
-105.11972,77.176651
-105.137512,77.176086
-105.151672,77.1713710000001
-105.246948,77.193863
-105.40889,77.281662
-105.417221,77.2847140000001
-105.455276,77.291931
-105.48111,77.2949830000001
-105.506668,77.299149
-105.531677,77.3052520000001
-105.550278,77.311646
-105.571953,77.3233179999999
-105.679169,77.447479
-105.691101,77.4972080000001
-105.834442,77.6102600000001
-105.858337,77.6269230000001
-105.878601,77.6397090000001
-105.888901,77.645264
-105.930832,77.6630400000001
-105.947769,77.668869
-105.980003,77.679428
-106.014717,77.6885830000001
-106.083618,77.710266
-106.091667,77.715271
-106.094727,77.7241519999999
-106.089172,77.728867
-106.079453,77.732758
-106.040558,77.7449800000001
-106.012222,77.750549
-105.941673,77.75972
-105.913887,77.7624970000001
-105.700562,77.7536009999999
-105.648903,77.7485960000001
-105.55249,77.729431
-105.506668,77.7197110000001
-105.470284,77.709152
-105.389717,77.683868
-105.173607,77.612198
-105.156952,77.606094
-105.039719,77.5522
-105.027786,77.5463710000001
-104.968613,77.514435
-104.959167,77.508041
-104.948883,77.4960940000001
-104.944992,77.484985
-104.946663,77.479156
-104.952499,77.4744259999999
-104.967499,77.4688720000001
-105.010277,77.4586030000001
-105.011948,77.4527740000001
-105.018066,77.411926
-105.010277,77.4080349999999
