"V1","V2"
8.893055,54.461937
8.83750000000003,54.461662
8.82694400000003,54.462776
8.81944300000009,54.465271
8.81472200000007,54.4691620000001
8.814165,54.4724960000001
8.814165,54.4977719999999
8.81499900000006,54.500832
8.81694400000009,54.503052
8.86222099999998,54.524162
8.86583300000007,54.5252760000001
8.92138900000009,54.524994
8.94249900000005,54.523048
8.960554,54.519165
8.95472100000001,54.5091630000001
8.92499900000001,54.474159
8.91777600000012,54.4677730000001
8.91472099999993,54.46611
8.90694400000007,54.4638820000001
8.893055,54.461937
