"V1","V2"
55.366936,80.428864
55.313049,80.393326
55.303879,80.387772
55.2008290000001,80.3705290000001
55.1674960000001,80.369431
54.983604,80.411377
54.9774860000001,80.416931
54.988884,80.421371
55.0177690000001,80.4244230000001
55.103073,80.4233090000001
55.122215,80.42276
55.153603,80.4246980000001
55.1799930000001,80.428864
55.2038800000001,80.434143
55.2105480000001,80.440536
55.226097,80.446365
55.252495,80.450272
55.2863850000001,80.451385
55.3249970000001,80.450272
55.3433230000001,80.445251
55.361107,80.4344180000001
55.366936,80.428864
