"V1","V2"
-53.712776,48.14888
-53.68972,48.1472170000001
-53.682503,48.147774
-53.667503,48.150543
-53.647781,48.1552659999999
-53.6155549999999,48.167496
-53.583328,48.180824
-53.5711139999999,48.1861040000001
-53.564163,48.1905439999999
-53.553055,48.199158
-53.539444,48.2022170000001
-53.53167,48.202774
-53.516396,48.2019350000001
-53.5097269999999,48.1983260000001
-53.5091709999999,48.193321
-53.510834,48.1508260000001
-53.5125049999999,48.145271
-53.5308299999999,48.097771
-53.536392,48.0933230000001
-53.549446,48.0886000000001
-53.563614,48.0849910000001
-53.598885,48.0794370000001
-53.6341709999999,48.0752720000001
-53.8233339999999,48.092766
-53.839439,48.0944370000001
-53.85611,48.098045
-53.8719409999999,48.1047130000001
-53.876663,48.108604
-53.9325029999999,48.172768
-53.935829,48.1824950000001
-53.932777,48.1983260000001
-53.9291689999999,48.209435
-53.922226,48.2124939999999
-53.9063869999999,48.2102740000001
-53.8988879999999,48.206657
-53.860001,48.1744380000001
-53.85556,48.1699910000001
-53.712776,48.14888
