"V1","V2"
127.381088,-7.65861100000001
127.374977,-7.65944500000001
127.363312,-7.65722299999999
127.355263,-7.65194400000001
127.351646,-7.64861100000002
127.348877,-7.64444400000002
127.345543,-7.63416699999993
127.344994,-7.62805599999996
127.346939,-7.61666600000001
127.36554,-7.51805599999994
127.368042,-7.51388899999995
127.375526,-7.50777799999997
127.38472,-7.50305600000002
127.389977,-7.50194499999998
127.413307,-7.50999999999999
127.416077,-7.51254499999999
127.481934,-7.52888899999994
127.484711,-7.53305499999993
127.486649,-7.537778
127.488586,-7.54916699999995
127.488037,-7.56889000000001
127.48526,-7.58000099999998
127.481087,-7.58944399999996
127.453873,-7.60972199999992
127.39415,-7.65111200000001
127.385818,-7.65666699999997
127.381088,-7.65861100000001
