"V1","V2"
-61.380554,47.6202700000001
-61.493057,47.5524900000001
-61.4986109999999,47.5502700000001
-61.535561,47.5458300000001
-61.542229,47.5455470000001
-61.5477829999999,47.5491640000001
-61.549446,47.5538790000001
-61.54528,47.5594330000001
-61.520279,47.56916
-61.5138929999999,47.5724950000001
-61.4774929999999,47.6005480000001
-61.47361,47.6055530000001
-61.471382,47.6113820000001
-61.470551,47.6169360000001
-61.479164,47.618599
-61.534447,47.6188810000001
-61.541946,47.6172100000001
-61.559441,47.609161
-61.65361,47.5499950000001
-61.85556,47.4172130000001
-61.849724,47.4136050000001
-61.841667,47.4108200000001
-61.833611,47.409988
-61.789169,47.4258270000001
-61.777222,47.4316640000001
-61.7666629999999,47.439156
-61.714447,47.48999
-61.691383,47.515549
-61.7013929999999,47.4919360000001
-61.7408369999999,47.4449920000001
-61.8433299999999,47.388603
-61.9058909999999,47.354935
-61.925278,47.3436050000001
-61.933327,47.3333279999999
-61.962776,47.2816620000001
-61.965004,47.275551
-61.964722,47.2702710000001
-61.961945,47.2661060000001
-61.957504,47.26194
-61.938606,47.257217
-61.827782,47.234161
-61.81945,47.23333
-61.807777,47.239159
-61.799446,47.2502749999999
-61.7947239999999,47.254715
-61.7830579999999,47.260551
-61.782776,47.255272
-61.7897259999999,47.242493
-61.793892,47.2369380000001
-61.799446,47.232765
-61.81028,47.2266540000001
-61.816948,47.2247090000001
-61.844444,47.219437
-61.8594439999999,47.218048
-61.955276,47.211662
-61.979996,47.2136080000001
-61.9963909999999,47.214996
-62.004723,47.2177660000001
-62.0100019999999,47.2213750000001
-62.013062,47.225822
-62.0147249999999,47.2305450000001
-62.0150069999999,47.235825
-62.013062,47.2416610000001
-61.948608,47.3794329999999
-61.9416659999999,47.39222
-61.9374999999999,47.3977740000001
-61.928055,47.4072110000001
-61.922226,47.409988
-61.9088899999999,47.4138790000001
-61.736115,47.507217
-61.705833,47.5324940000001
-61.6844409999999,47.547493
-61.662216,47.5616610000001
-61.616943,47.5880429999999
-61.571114,47.613609
-61.553612,47.623047
-61.535835,47.63166
-61.529167,47.633606
-61.521111,47.634438
-61.425278,47.642769
-61.407776,47.6411059999999
-61.388893,47.637772
-61.3819429999999,47.634438
-61.3777769999999,47.631104
-61.376106,47.626381
-61.380554,47.6202700000001
