"V1","V2"
-176.012817,51.830269
-176.006134,51.8097079999999
-176.021698,51.8166659999999
-176.032501,51.823318
-176.133667,51.823318
-176.14032,51.821938
-176.143646,51.8172150000001
-176.15033,51.8005449999999
-176.1492,51.788879
-176.139191,51.774437
-176.143341,51.774437
-176.155609,51.78054
-176.215027,51.8149950000001
-176.217224,51.8205410000001
-176.219452,51.8313830000001
-176.218628,51.837494
-176.209747,51.874702
-176.205597,51.878876
-176.179199,51.8816530000001
-176.169189,51.8811040000001
-176.023926,51.8480380000001
-176.015015,51.835815
-176.012817,51.830269
