"V1","V2"
18.889999,69.69194
18.794167,69.6719360000001
18.7769430000001,69.6536100000001
18.7722209999999,69.6472170000001
18.767498,69.6405489999999
18.767498,69.6347200000001
18.774441,69.630554
18.789719,69.62944
18.80611,69.62944
18.820274,69.6266630000001
18.8274990000001,69.6224980000001
18.846386,69.6038820000001
18.846386,69.5983280000001
18.7830539999999,69.569153
18.7622180000001,69.5627750000001
18.7383310000001,69.5577700000001
18.7236100000001,69.5569310000001
18.704441,69.558609
18.610832,69.5602720000001
18.5372200000001,69.5561070000001
18.4091639999999,69.545822
18.3972209999999,69.5433200000001
18.3441660000001,69.5366520000001
18.241386,69.5305480000001
18.226665,69.5297090000001
18.190552,69.529999
18.159721,69.534714
18.045277,69.564713
18.025833,69.5719300000001
17.999443,69.583328
17.996944,69.588333
18.0013890000001,69.594986
18.0319440000001,69.6222080000001
18.1463850000001,69.638611
18.1627769999999,69.638611
18.2686080000001,69.619156
18.279999,69.635818
18.1877750000001,69.701385
18.1852760000001,69.7063750000001
18.19722,69.7088780000001
18.2983320000001,69.7052760000001
18.314495,69.7033840000001
18.3961110000001,69.6999970000001
18.589165,69.69194
18.622776,69.687485
18.6322210000001,69.6897130000001
18.629719,69.6947170000001
18.622776,69.6988830000001
18.610832,69.701935
18.522221,69.711655
18.4838869999999,69.714996
18.436386,69.7141570000001
18.3636089999999,69.7202760000001
18.3516650000001,69.723328
18.344444,69.727493
18.324444,69.763046
18.321941,69.7680510000001
18.324444,69.7741550000001
18.3319440000001,69.77916
18.353054,69.786102
18.3872180000001,69.794434
18.3994410000001,69.7911070000001
18.4819410000001,69.7608180000001
18.6344409999999,69.763321
18.646385,69.726379
18.648888,69.7213750000001
18.6561090000001,69.7113800000001
18.670555,69.703323
18.709721,69.684158
18.721664,69.681107
18.7394410000001,69.6802670000001
18.7513890000001,69.6827700000001
18.7602770000001,69.6869350000001
18.766388,69.765549
18.7533300000001,69.801102
18.734165,69.8083189999999
18.6883320000001,69.8272090000001
18.6836090000001,69.831665
18.6619420000001,69.861099
18.6594430000001,69.8663790000001
18.6641650000001,69.872772
18.671944,69.877777
18.693054,69.88443
18.804443,69.8827670000001
18.821388,69.8805540000001
18.8336110000001,69.877487
18.9958310000001,69.824997
19.0149990000001,69.817764
19.0436100000001,69.801102
19.057777,69.7872160000001
19.06472,69.7716520000001
19.06472,69.7660980000001
19.0597189999999,69.75943
19.0441670000001,69.7497100000001
19.018055,69.7363740000001
18.933609,69.7041630000001
18.912498,69.6974950000001
18.889999,69.69194
