"V1","V2"
-78.4122159999999,69.3797000000001
-78.3963929999999,69.377762
-78.338608,69.3808140000001
-78.305832,69.377762
-78.291382,69.3749850000001
-78.279724,69.370255
-78.270844,69.364151
-78.2113949999999,69.299988
-78.210831,69.2944340000001
-78.214447,69.2883150000001
-78.318344,69.238312
-78.396118,69.2105410000001
-78.472504,69.19136
-78.551392,69.0891570000001
-78.5566559999999,69.0836030000001
-78.5722349999999,69.073318
-78.6019439999999,69.066086
-78.627777,69.0585939999999
-78.70723,69.0147090000001
-78.7150119999999,69.0097200000001
-78.718063,69.0036010000001
-78.71666,68.9966430000001
-78.712784,68.9849850000001
-78.71611,68.9791560000001
-78.725281,68.968872
-78.735001,68.9636080000001
-78.8302919999999,68.9130400000001
-78.8402859999999,68.9086000000001
-78.867493,68.9005430000001
-78.934433,68.8885960000001
-78.978882,68.8824770000001
-79.033615,68.877197
-79.095276,68.872757
-79.1852719999999,68.8533170000001
-79.194153,68.849426
-79.1972199999999,68.8391570000001
-79.204727,68.8338780000001
-79.216949,68.8299870000001
-79.238892,68.8274840000001
-79.287216,68.831375
-79.353333,68.844147
-79.3661039999999,68.847763
-79.386948,68.856094
-79.3925019999999,68.8605350000001
-79.3963929999999,68.8649900000001
-79.400284,68.8719180000001
-79.4022219999999,68.923599
-79.3794399999999,68.9316560000001
-79.353882,68.9438630000001
-79.330566,68.958328
-79.309433,68.9736020000001
-79.3038789999999,68.9783170000001
-79.29277,68.995819
-79.283066,69.012772
-79.238892,69.066376
-79.227219,69.0763850000001
-79.216949,69.0811000000001
-79.1461179999999,69.0935970000001
-79.049438,69.102203
-78.985825,69.099991
-78.974442,69.1002660000001
-78.960281,69.102478
-78.864166,69.141098
-78.855835,69.145538
-78.7491609999999,69.261108
-78.721939,69.310532
-78.7266689999999,69.318604
-78.7247159999999,69.3311
-78.722778,69.3361050000001
-78.71611,69.340271
-78.606949,69.3713680000001
-78.577499,69.3771970000001
-78.568619,69.37886
-78.48999,69.3910980000001
-78.47084,69.3922120000001
-78.4586179999999,69.3899840000001
-78.4122159999999,69.3797000000001
