"V1","V2"
-95.33139,-72.671951
-95.387222,-72.673065
-95.4383389999999,-72.672226
-95.476959,-72.665848
-95.494736,-72.661957
-95.510284,-72.657227
-95.518341,-72.649445
-95.516113,-72.642792
-95.504181,-72.6363979999999
-95.474457,-72.623337
-95.446671,-72.612503
-95.363892,-72.588348
-95.334732,-72.5800019999999
-95.3022309999999,-72.5716709999999
-95.247787,-72.558334
-95.2258449999999,-72.5533449999999
-95.19278,-72.546112
-94.976395,-72.5027919999999
-94.9333339999999,-72.496399
-94.90834,-72.4969479999999
-94.8880619999999,-72.4986109999999
-94.8519589999999,-72.506668
-94.837784,-72.513336
-94.827789,-72.519455
-94.819168,-72.528336
-94.740845,-72.585846
-94.696762,-72.6141969999999
-94.7047269999999,-72.617508
-94.730835,-72.621124
-94.7536159999999,-72.624176
-94.833344,-72.632507
-94.886673,-72.637512
-95.162231,-72.659729
-95.273056,-72.668625
-95.33139,-72.671951
