"V1","V2"
-129.086395,53.4460979999999
-129.157501,53.392769
-129.167786,53.5938800000001
-129.165833,53.6108250000001
-129.163055,53.62249
-129.160828,53.6286010000001
-129.153076,53.638603
-129.147247,53.6424940000001
-129.140839,53.645546
-129.05249,53.681107
-129.038605,53.686378
-129.008057,53.693321
-128.983307,53.696655
-128.875549,53.7094349999999
-128.832764,53.7124940000001
-128.823883,53.713051
-128.818878,53.7091600000001
-128.821106,53.703049
-128.823608,53.7005460000001
-128.872223,53.6611020000001
-128.979706,53.583878
-128.986389,53.5808260000001
-128.992218,53.576942
-129.075562,53.5147170000001
-129.085541,53.5049970000001
-129.089996,53.4994350000001
-129.093597,53.4927670000001
-129.094147,53.4872130000001
-129.093323,53.4819340000001
-129.088898,53.472488
-129.085266,53.468048
-129.083069,53.4633260000001
-129.082214,53.4583280000001
-129.082764,53.452492
-129.086395,53.4460979999999
