"V1","V2"
-148.511688,-76.907791
-148.442505,-76.9197239999999
-148.281952,-76.950287
-148.224731,-76.965561
-148.206696,-76.978058
-148.223358,-76.984726
-148.305573,-76.999451
-148.393341,-77.0014039999999
-148.503357,-77.007782
-148.675018,-77.018616
-148.770844,-77.020004
-148.843903,-77.0172269999999
-148.883057,-77.014725
-149.143066,-76.9886169999999
-149.161957,-76.9833369999999
-149.187805,-76.964447
-149.194733,-76.9505619999999
-149.18808,-76.9422299999999
-149.181122,-76.936951
-149.161407,-76.931671
-149.118896,-76.921951
-149.096405,-76.917786
-149.020569,-76.9086149999999
-148.989746,-76.907791
-148.95639,-76.908066
-148.847229,-76.9152829999999
-148.813629,-76.915558
-148.724182,-76.911957
-148.696411,-76.910004
-148.550568,-76.905289
-148.511688,-76.907791
