"V1","V2"
-96.9588929999999,71.7044370000001
-96.998886,71.7010960000001
-97.0363919999999,71.701385
-97.0502779999999,71.704163
-97.0497279999999,71.7099910000001
-97.040283,71.7202610000001
-97.02417,71.731094
-96.998886,71.7413639999999
-96.9916689999999,71.7430420000001
-96.990829,71.743866
-96.969452,71.748596
-96.963898,71.752213
-96.924164,71.755554
-96.886398,71.755264
-96.866943,71.7536010000001
-96.8505549999999,71.74942
-96.844452,71.744141
-96.8511049999999,71.7388759999999
-96.8686069999999,71.7285920000001
-96.8813779999999,71.7233120000001
-96.8969569999999,71.7183230000001
-96.915833,71.7136080000001
-96.9588929999999,71.7044370000001
