"V1","V2"
-74.215561,68.1177519999999
-74.164719,68.0655360000001
-73.974716,68.0410920000001
-73.736389,68.013611
-73.655472,68.007706
-73.6433409999999,68.012207
-73.619995,68.0149989999999
-73.6088869999999,68.015549
-73.578064,68.014435
-73.567505,68.013046
-73.5438839999999,68.008331
-73.439987,67.9855350000001
-73.428329,67.982208
-73.418884,67.978867
-73.411667,67.9749910000001
-73.4097289999999,67.970535
-73.348618,67.828049
-73.361664,67.8102570000001
-73.3777769999999,67.793869
-73.3833309999999,67.789429
-73.404175,67.7749940000001
-73.4113919999999,67.770538
-73.4186099999999,67.766388
-73.429443,67.7627719999999
-73.4494319999999,67.7624970000001
-73.664169,67.7747040000001
-73.9322199999999,67.7863770000001
-73.993057,67.78804
-74.0383299999999,67.788589
-74.0838929999999,67.7883150000001
-74.113327,67.7872010000001
-74.1680599999999,67.7827610000001
-74.2288819999999,67.7752689999999
-74.2519529999999,67.7724910000001
-74.263062,67.771652
-74.305832,67.7686
-74.320282,67.7688750000001
-74.388611,67.7752689999999
-74.400833,67.7766570000001
-74.4811099999999,67.789429
-74.535278,67.8047030000001
-74.564163,67.814423
-74.58168,67.821381
-74.597229,67.8285980000001
-74.640839,67.8522030000001
-74.6597289999999,67.8647000000001
-74.684433,67.8819270000001
-74.758896,67.950272
-74.772232,67.9633180000001
-74.7755579999999,67.9691470000001
-74.777222,67.9738770000001
-74.7780609999999,68.0061040000001
-74.777496,68.0177610000001
-74.773056,68.0299840000001
-74.76001,68.054428
-74.754181,68.0605320000001
-74.7486109999999,68.0655360000001
-74.7319489999999,68.0708310000001
-74.718613,68.0722200000001
-74.62999,68.0785980000001
-74.61528,68.0783230000001
-74.436661,68.097488
-74.363892,68.166382
-74.355835,68.17276
-74.3469539999999,68.176376
-74.339447,68.1772
-74.3225099999999,68.1730350000001
-74.26889,68.154984
-74.239441,68.1449890000001
-74.2316739999999,68.141937
-74.2164,68.134155
-74.212509,68.1305389999999
-74.210831,68.124985
-74.215561,68.1177519999999
