"V1","V2"
138.873566,-8.41472199999998
138.866913,-8.41472199999998
138.846924,-8.41388899999998
138.795532,-8.41055699999998
138.73996,-8.40444600000001
138.580261,-8.376665
138.574982,-8.37527699999993
138.560516,-8.36916500000001
138.553589,-8.36249899999996
138.545532,-8.34999799999997
138.544128,-8.34472299999999
138.544708,-8.333055
138.548035,-8.32305499999995
138.550812,-8.31888999999995
138.707184,-8.18333200000001
138.80304,-8.15611100000001
138.808594,-8.15472199999999
138.814148,-8.15472199999999
138.818848,-8.15694400000001
138.821625,-8.16083299999997
138.823029,-8.17305599999986
138.834686,-8.20916599999987
138.896362,-8.34333199999992
138.904419,-8.35555499999998
138.9086,-8.36500000000001
138.910522,-8.376665
138.910522,-8.38333299999999
138.909424,-8.38888899999989
138.905243,-8.39833499999986
138.899139,-8.40583400000003
138.894989,-8.40861100000001
138.885254,-8.41250000000002
138.873566,-8.41472199999998
