"V1","V2"
105.193039,-6.68444399999987
105.187759,-6.68444399999987
105.182747,-6.68249999999995
105.120529,-6.63
105.114433,-6.622499
105.113037,-6.61694399999993
105.113037,-6.61166700000001
105.115807,-6.60749999999996
105.164429,-6.56666699999994
105.186371,-6.55444399999999
105.247208,-6.52777799999996
105.253601,-6.52722299999994
105.258331,-6.53000100000003
105.261108,-6.53326199999992
105.263611,-6.54472299999992
105.261658,-6.60944499999994
105.261108,-6.61555600000003
105.253601,-6.63555599999995
105.247208,-6.64277799999996
105.198029,-6.68249999999995
105.193039,-6.68444399999987
