"V1","V2"
123.669434,12.3469430000001
123.805252,12.2427750000001
123.806931,12.2427750000001
123.878311,12.216942
123.910812,12.1891650000001
124.044708,11.9788860000001
124.073318,11.8544430000001
124.074432,11.8463859999999
124.080276,11.734997
124.079437,11.7233310000001
124.076393,11.71833
124.065262,11.716108
124.006653,11.7933310000001
123.976089,11.823608
123.919708,11.863609
123.862488,11.896944
123.837769,11.908888
123.805252,11.9186099999999
123.796654,11.919998
123.614693,12.09222
123.603302,12.1158310000001
123.584152,12.146666
123.543587,12.202221
123.530273,12.2086090000001
123.481087,12.2094420000001
123.470543,12.209164
123.449142,12.2036090000001
123.44165,12.2013870000001
123.438309,12.198887
123.433868,12.1936089999999
123.351639,12.0883310000001
123.254173,11.973331
123.248871,11.9674969999999
123.233047,11.953886
123.173309,11.905832
123.164703,11.9041650000001
123.161652,11.9044440000001
123.157761,11.9086090000001
123.14415,11.933332
123.14415,11.9363860000001
123.209702,12.066942
123.245819,12.135832
123.301651,12.2447200000001
123.26915,12.3388859999999
123.234421,12.5847210000001
123.239967,12.6044429999999
123.241653,12.6069410000001
123.244141,12.608053
123.257217,12.6036090000001
123.325821,12.576109
123.464157,12.5155540000001
123.467209,12.513887
123.542763,12.45083
123.669434,12.3469430000001
