"V1","V2"
-5.61666699999995,56.268883
-5.62277799999993,56.2672200000001
-5.63083399999999,56.2680510000001
-5.63555600000001,56.269997
-5.64805599999994,56.293053
-5.64555599999994,56.3011090000001
-5.64333299999998,56.304443
-5.63083399999999,56.316109
-5.62194499999993,56.3208310000001
-5.61444499999993,56.321106
-5.58972299999999,56.321388
-5.58388899999994,56.319717
-5.58361100000002,56.3155520000001
-5.58527900000001,56.3113860000001
-5.60305599999998,56.27916
-5.60861199999994,56.273331
-5.61666699999995,56.268883
