"V1","V2"
-66.623322,66.2808230000001
-66.6419529999999,66.279434
-66.6569519999999,66.280273
-66.667496,66.282761
-66.678879,66.286926
-66.701401,66.29776
-66.7419429999999,66.3163760000001
-66.843063,66.362488
-66.9058379999999,66.376648
-66.916107,66.3799740000001
-66.944717,66.3949890000001
-66.956116,66.401932
-66.9586179999999,66.4063720000001
-66.958344,66.4119260000001
-66.955276,66.4136050000001
-66.9444429999999,66.413879
-66.8519439999999,66.402206
-66.829727,66.398331
-66.823059,66.3927610000001
-66.820847,66.3880460000001
-66.801102,66.3755340000001
-66.782227,66.3691410000001
-66.726944,66.3549800000001
-66.705566,66.3497159999999
-66.678329,66.345535
-66.662216,66.3435970000001
-66.6502839999999,66.343048
-66.639725,66.3405460000001
-66.623886,66.335266
-66.584442,66.3205410000001
-66.575012,66.3138730000001
-66.573624,66.310806
-66.591675,66.293594
-66.60527,66.2866520000001
-66.623322,66.2808230000001
