"V1","V2"
32.3663860000001,80.0944370000001
32.315269,80.089432
32.2874980000001,80.088043
32.216934,80.090546
32.1513820000001,80.09137
32.091103,80.090271
31.739716,80.0805510000001
31.684719,80.077774
31.582497,80.0694430000001
31.554718,80.0702670000001
31.44944,80.0858150000001
31.476662,80.1058200000001
31.4936070000001,80.1108090000001
31.7919430000001,80.1280360000001
32.1216580000001,80.145264
32.330826,80.1605380000001
32.591103,80.179977
32.751106,80.190536
32.8933260000001,80.196365
33.0308230000001,80.2144320000001
33.261108,80.240265
33.2866590000001,80.2424770000001
33.317215,80.2430420000001
33.3863830000001,80.241089
33.4244380000001,80.2388760000001
33.52388,80.2310940000001
33.602219,80.2213750000001
33.6249920000001,80.2177579999999
33.6374970000001,80.2133180000001
33.6244350000001,80.2069400000001
33.603607,80.2030490000001
33.5805510000001,80.199997
33.508888,80.191925
33.274437,80.174423
32.93943,80.1480410000001
32.896385,80.1413730000001
32.825554,80.1330409999999
32.6958240000001,80.122208
32.529434,80.114151
32.5041660000001,80.112198
32.479156,80.1099850000001
32.3663860000001,80.0944370000001
