"V1","V2"
90.662201,22.9563830000001
90.6660920000001,22.946663
90.6611020000001,22.946663
90.632751,22.949162
90.6552580000001,22.933605
90.657211,22.9308280000001
90.663879,22.918884
90.6636050000001,22.914719
90.6611020000001,22.912495
90.656097,22.9122160000001
90.5174870000001,22.948883
90.5091550000001,22.951107
90.505264,22.95583
90.5041660000001,22.963608
90.5083310000001,22.978329
90.5124970000001,22.9836040000001
90.542755,23.019997
90.548035,23.0249980000001
90.566086,23.0394400000001
90.5708310000001,23.0402759999999
90.5747069999999,23.039719
90.5819400000001,23.036942
90.5874939999999,23.0338860000001
90.5927580000001,23.02972
90.6586,22.9619410000001
90.662201,22.9563830000001
