"V1","V2"
98.4983220000001,11.5661090000001
98.4291530000001,11.5588870000001
98.4255370000001,11.5624980000001
98.4122010000001,11.598608
98.411652,11.6047190000001
98.4133150000001,11.6108720000001
98.37915,11.667498
98.374985,11.677221
98.373032,11.6888870000001
98.369141,11.781387
98.371368,11.78611
98.381363,11.7899990000001
98.445526,11.8019429999999
98.5280460000001,11.8024980000001
98.5399780000001,11.8002760000001
98.5433200000001,11.7966650000001
98.548874,11.788332
98.5527650000001,11.7786100000001
98.5527650000001,11.771666
98.550812,11.704998
98.54776,11.6169410000001
98.5469360000001,11.610554
98.5447080000001,11.6058310000001
98.5266570000001,11.581942
98.4983220000001,11.5661090000001
