"V1","V2"
-98.8030699999999,-71.8866729999999
-98.778336,-71.8886259999999
-98.751404,-71.8883359999999
-98.725281,-71.886398
-98.702515,-71.883621
-98.6636199999999,-71.876404
-98.644455,-71.871948
-98.589737,-71.852234
-98.5680689999999,-71.840012
-98.545288,-71.830841
-98.529175,-71.826401
-98.5063929999999,-71.8236239999999
-98.4794459999999,-71.8236239999999
-98.463348,-71.826675
-98.448898,-71.832504
-98.434448,-71.84584
-98.44278,-71.853622
-98.449722,-71.858612
-98.490845,-71.874176
-98.5172269999999,-71.883621
-98.5327909999999,-71.896393
-98.5383449999999,-71.904175
-98.526947,-71.910004
-98.503616,-71.90834
-98.465012,-71.900284
-98.416397,-71.888062
-98.397781,-71.882507
-98.36528,-71.874725
-98.316391,-71.869736
-98.297501,-71.871948
-98.287857,-71.877991
-98.299454,-71.9166719999999
-98.301956,-71.924179
-98.317505,-71.936951
-98.32695,-71.94278
-98.3519589999999,-71.954178
-98.381393,-71.962784
-98.4172359999999,-71.97084
-98.462509,-71.977234
-98.478897,-71.980835
-98.491959,-71.9858399999999
-98.501114,-72.0002899999999
-98.561111,-72.122787
-98.560562,-72.131119
-98.5566709999999,-72.140289
-98.547501,-72.147232
-98.5280609999999,-72.150284
-98.5014039999999,-72.148346
-98.4786219999999,-72.145569
-98.4425049999999,-72.137512
-98.432785,-72.131393
-98.406952,-72.121124
-98.374176,-72.1125029999999
-98.354736,-72.108902
-98.305557,-72.103897
-98.278061,-72.103897
-98.2341769999999,-72.107513
-98.220001,-72.111679
-98.208344,-72.117783
-98.2044529999999,-72.126953
-98.206955,-72.134445
-98.213623,-72.140289
-98.219177,-72.147781
-98.2400049999999,-72.176682
-98.2397309999999,-72.1841739999999
-98.233063,-72.19223
-98.218903,-72.197235
-98.196671,-72.199173
-98.176682,-72.195557
-98.1283419999999,-72.181396
-98.0439,-72.152786
-98.018341,-72.1422269999999
-97.993622,-72.122513
-98.001678,-72.1052859999999
-98.010834,-72.098068
-98.01918,-72.0927889999999
-98.048889,-72.081116
-98.065567,-72.0772249999999
-98.1200099999999,-72.057236
-98.129456,-72.050003
-98.136124,-72.0419459999999
-98.136398,-72.0336149999999
-98.1313929999999,-72.025009
-98.119446,-72.011398
-98.098068,-71.984451
-98.095566,-71.9769589999999
-98.0972289999999,-71.959167
-98.118622,-71.924728
-98.1383359999999,-71.900558
-98.1363069999999,-71.892899
-98.1130679999999,-71.8900149999999
-98.086945,-71.888062
-98.030563,-71.8866729999999
-97.9575039999999,-71.888901
-97.814453,-71.9069519999999
-97.805557,-71.913071
-97.712509,-72.010559
-97.7691799999999,-72.0633389999999
-97.849731,-72.0855559999999
-97.862228,-72.091675
-97.8716739999999,-72.097778
-97.871399,-72.1052859999999
-97.864456,-72.113342
-97.779449,-72.165558
-97.767227,-72.172501
-97.752792,-72.1775049999999
-97.7138979999999,-72.182236
-97.686401,-72.181946
-97.660278,-72.179733
-97.617508,-72.1733399999999
-97.601395,-72.1689
-97.585556,-72.1633449999999
-97.560013,-72.1530609999999
-97.468903,-72.1086119999999
-97.446945,-72.097504
-97.415558,-72.081116
-97.3919529999999,-72.061401
-97.383621,-72.046951
-97.35556,-71.980286
-97.337234,-71.9189
-97.3388979999999,-71.903061
-97.350006,-71.8858339999999
-97.3572239999999,-71.877792
-97.361206,-71.868057
-97.349457,-71.862503
-97.317505,-71.8544459999999
-97.275558,-71.8477779999999
-97.2238919999999,-71.8436129999999
-97.196945,-71.843063
-97.148346,-71.844452
-97.126114,-71.8472289999999
-97.1119539999999,-71.85112
-97.097229,-71.856949
-97.0855559999999,-71.861954
-97.063904,-71.8758389999999
-97.054459,-71.883057
-97.042786,-71.888062
-97.0252839999999,-71.8927919999999
-97.008896,-71.895844
-96.9869539999999,-71.897507
-96.962784,-71.898056
-96.9397279999999,-71.896118
-96.920288,-71.892227
-96.904724,-71.887787
-96.847504,-71.8766779999999
-96.821945,-71.8733369999999
-96.7700039999999,-71.8688959999999
-96.716675,-71.8683469999999
-96.69223,-71.8688959999999
-96.6505579999999,-71.8733369999999
-96.597229,-71.883621
-96.5091709999999,-71.902512
-96.4405669999999,-71.9177859999999
-96.423065,-71.922501
-96.3966669999999,-71.9322359999999
-96.372787,-71.943344
-96.3630679999999,-71.950287
-96.3555599999999,-71.958344
-96.34584,-71.976395
-96.342789,-71.993347
-96.342636,-72.002197
-96.350006,-72.007507
-96.381668,-72.016678
-96.400558,-72.020569
-96.448624,-72.0277859999999
-96.497513,-72.0319519999999
-96.527237,-72.0336149999999
-96.578064,-72.03418
-96.630844,-72.032227
-96.669174,-72.028625
-96.697235,-72.027237
-96.718338,-72.027237
-96.747787,-72.028625
-96.756958,-72.0347289999999
-96.749451,-72.042786
-96.72084,-72.06279
-96.7027889999999,-72.079727
-96.70723,-72.095001
-96.7127839999999,-72.101669
-96.7222289999999,-72.1069489999999
-96.7505649999999,-72.1166689999999
-96.7691799999999,-72.1213989999999
-96.788895,-72.125
-96.898895,-72.141678
-96.918625,-72.144455
-96.9422299999999,-72.146667
-96.987228,-72.1533359999999
-97.130844,-72.176956
-97.166397,-72.185287
-97.214737,-72.1986239999999
-97.233063,-72.204178
-97.2591709999999,-72.2138979999999
-97.258057,-72.2222289999999
-97.245834,-72.228058
-97.208344,-72.23584
-96.925842,-72.2616729999999
-96.9039,-72.262512
-96.850845,-72.258057
-96.828339,-72.254181
-96.8066709999999,-72.242783
-96.777237,-72.2169489999999
-96.759171,-72.205002
-96.7336119999999,-72.195282
-96.7152859999999,-72.189728
-96.695847,-72.1858369999999
-96.626114,-72.178894
-96.539169,-72.176392
-96.4925079999999,-72.1775049999999
-96.466675,-72.1800079999999
-96.3505709999999,-72.185562
-96.291397,-72.1825099999999
-96.265015,-72.1800079999999
-96.24501,-72.177231
-96.225845,-72.1733399999999
-96.190567,-72.1650089999999
-96.085007,-72.124725
-96.045563,-72.107788
-96.039734,-72.101669
-96.029175,-72.088058
-96.020569,-72.081955
-95.995148,-72.0800019999999
-95.967514,-72.089447
-95.9555659999999,-72.0944519999999
-95.849731,-72.151672
-95.8300019999999,-72.1644589999999
-95.82251,-72.172501
-95.820557,-72.180847
-95.8216709999999,-72.189453
-95.8388979999999,-72.202515
-95.863342,-72.213348
-95.876114,-72.217789
-95.9427799999999,-72.235291
-96.0008389999999,-72.246674
-96.0236209999999,-72.25
-96.053345,-72.251404
-96.125565,-72.248611
-96.148056,-72.246948
-96.187225,-72.242508
-96.340012,-72.249451
-96.486115,-72.2633359999999
-96.561676,-72.270844
-96.578064,-72.274445
-96.590286,-72.280838
-96.596115,-72.2866669999999
-96.5914,-72.2958369999999
-96.573624,-72.300568
-96.553894,-72.302231
-96.529175,-72.3030699999999
-96.421951,-72.302231
-96.313904,-72.3025049999999
-96.291946,-72.3030699999999
-96.2469479999999,-72.306396
-96.2294459999999,-72.310287
-96.214172,-72.3161159999999
-96.2089919999999,-72.32325
-96.208893,-72.3305659999999
-96.067505,-72.340286
-95.945557,-72.327225
-95.8022309999999,-72.318619
-95.74884,-72.320724
-95.732513,-72.32251
-95.714737,-72.326126
-95.700012,-72.330002
-95.6880649999999,-72.335007
-95.67778,-72.352234
-95.675842,-72.360565
-95.680557,-72.368347
-95.694458,-72.381393
-95.715561,-72.3927919999999
-95.759171,-72.40834
-95.795288,-72.415848
-95.8152919999999,-72.418625
-95.841675,-72.4211119999999
-95.901398,-72.425003
-95.952515,-72.4277799999999
-96.041122,-72.430557
-96.0941769999999,-72.435287
-96.1941679999999,-72.445007
-96.240005,-72.4522249999999
-96.259171,-72.4566799999999
-96.272507,-72.460281
-96.285492,-72.466766
-96.2900089999999,-72.4733429999999
-96.289169,-72.480835
-96.2838899999999,-72.4900049999999
-96.2730559999999,-72.497787
-96.260284,-72.50473
-96.248062,-72.509445
-96.222778,-72.5213929999999
-96.20723,-72.537506
-96.2091669999999,-72.5450129999999
-96.221115,-72.551392
-96.2380679999999,-72.5550079999999
-96.265015,-72.557236
-96.382233,-72.559448
-96.5461119999999,-72.561951
-96.703064,-72.560287
-96.7261199999999,-72.558624
-96.805008,-72.5566709999999
-96.882782,-72.5566709999999
-96.9664,-72.557785
-97.073624,-72.5675049999999
-97.157227,-72.568619
-97.288895,-72.56723
-97.3422239999999,-72.5658419999999
-97.393066,-72.564453
-97.416122,-72.561676
-97.6305689999999,-72.530014
-97.642792,-72.52417
-97.649445,-72.5169529999999
-97.6539,-72.507782
-97.641953,-72.4941709999999
-97.6397249999999,-72.4858399999999
-97.6400149999999,-72.478348
-97.647232,-72.4702909999999
-97.6566769999999,-72.4630579999999
-97.6716769999999,-72.458069
-97.6889039999999,-72.454178
-97.7169489999999,-72.453613
-97.736954,-72.45723
-97.75,-72.462509
-97.755844,-72.469452
-97.761124,-72.484451
-97.759735,-72.5002899999999
-97.7650149999999,-72.508896
-97.7844539999999,-72.520004
-97.824448,-72.527237
-97.8719479999999,-72.532227
-97.929459,-72.535568
-98.013336,-72.5352779999999
-98.0633389999999,-72.534454
-98.094177,-72.5347289999999
-98.124451,-72.536118
-98.2902829999999,-72.547501
-98.3172299999999,-72.549454
-98.445282,-72.562225
-98.5300139999999,-72.56723
-98.55751,-72.568344
-98.616119,-72.5688929999999
-98.6636199999999,-72.566956
-98.685837,-72.5658419999999
-98.7483369999999,-72.55806
-98.805283,-72.548065
-98.822784,-72.5430599999999
-98.8344569999999,-72.536957
-98.841125,-72.5289
-98.841125,-72.5213929999999
-98.828339,-72.5069579999999
-98.819458,-72.499176
-98.802505,-72.4875029999999
-98.808624,-72.4802859999999
-98.837784,-72.469452
-98.9005579999999,-72.459457
-98.969727,-72.4563899999999
-99.28334,-72.451126
-99.341675,-72.451401
-99.39917,-72.454178
-99.4669489999999,-72.462234
-99.521118,-72.4658359999999
-99.549179,-72.4650119999999
-99.593903,-72.461121
-99.613892,-72.456955
-99.638901,-72.447784
-99.645004,-72.439453
-99.638901,-72.4308469999999
-99.631393,-72.426117
-99.584457,-72.411392
-99.547501,-72.403625
-99.527237,-72.4002839999999
-99.450012,-72.39389
-99.419724,-72.3927919999999
-99.335556,-72.386948
-99.295288,-72.380844
-99.2780609999999,-72.3775019999999
-99.268341,-72.370834
-99.265015,-72.364182
-99.268341,-72.3550109999999
-99.285568,-72.350006
-99.3022309999999,-72.3466799999999
-99.343903,-72.341675
-99.399445,-72.340836
-99.476959,-72.3463899999999
-99.5302889999999,-72.35112
-99.718903,-72.363892
-100.026947,-72.3675079999999
-100.05751,-72.3675079999999
-100.08223,-72.366394
-100.135834,-72.362503
-100.174454,-72.3572239999999
-100.210007,-72.3508449999999
-100.224167,-72.34584
-100.240837,-72.341675
-100.313057,-72.326401
-100.351669,-72.320847
-100.395569,-72.316681
-100.420288,-72.3155669999999
-100.527512,-72.314178
-100.574448,-72.310837
-100.626678,-72.300293
-100.662514,-72.292236
-100.676392,-72.286957
-100.72612,-72.274445
-100.74501,-72.271393
-100.792236,-72.2672269999999
-100.893623,-72.2633359999999
-101.13945,-72.254181
-101.39418,-72.256958
-101.435287,-72.2505649999999
-101.49501,-72.243057
-101.547234,-72.2405699999999
-101.795013,-72.232513
-102.008904,-72.22612
-102.087784,-72.224167
-102.199448,-72.2136229999999
-102.307793,-72.20195
-102.345901,-72.196732
-102.367508,-72.193069
-102.46167,-72.175568
-102.51973,-72.158066
-102.546112,-72.147507
-102.561111,-72.133057
-102.56279,-72.124725
-102.558327,-72.117233
-102.54306,-72.103897
-102.531952,-72.098068
-102.503891,-72.088348
-102.472778,-72.0802919999999
-102.411957,-72.0688929999999
-102.047501,-72.020844
-101.881119,-72.002228
-101.831123,-71.9983369999999
-101.770569,-71.9886169999999
-101.753616,-71.984451
-101.722778,-71.975281
-101.648064,-71.951401
-101.631393,-71.9472349999999
-101.594177,-71.940842
-101.570847,-71.938339
-101.544167,-71.93779
-101.51973,-71.940002
-101.503891,-71.9430689999999
-101.49057,-71.949448
-101.482788,-71.9566799999999
-101.458618,-71.968063
-101.445282,-71.9733429999999
-101.429169,-71.9775089999999
-101.388901,-71.982788
-101.361954,-71.983063
-101.341667,-71.979736
-101.305283,-71.9713899999999
-101.274437,-71.9633479999999
-101.223892,-71.950836
-101.204178,-71.946671
-101.160843,-71.940842
-101.134743,-71.938339
-101.108063,-71.9375
-100.973343,-71.938614
-100.925003,-71.940842
-100.932243,-71.946671
-100.955292,-71.949173
-101.015007,-71.960007
-101.048889,-71.9675139999999
-101.065567,-71.9716799999999
-101.092789,-71.9816739999999
-101.103058,-71.9875029999999
-101.110573,-71.993347
-101.114182,-72.001678
-101.114731,-72.01001
-101.093613,-72.021393
-101.055557,-72.0289
-101.028343,-72.0289
-100.975281,-72.025558
-100.884743,-72.006393
-100.818069,-71.988892
-100.770844,-71.976395
-100.53418,-71.90918
-100.520569,-71.905014
-100.48056,-71.8900149999999
-100.463898,-71.8858339999999
-100.440842,-71.883347
-100.414459,-71.8813929999999
-100.33667,-71.882782
-100.311951,-71.884735
-100.253067,-71.892227
-100.196404,-71.901672
-100.160843,-71.90889
-100.109451,-71.920288
-100.076683,-71.928345
-100.061661,-71.935135
-100.063057,-71.94278
-100.079178,-71.9480589999999
-100.09584,-71.9522249999999
-100.141953,-71.9575039999999
-100.250839,-71.963623
-100.300568,-71.966949
-100.343903,-71.971954
-100.386398,-71.978897
-100.460007,-71.993347
-100.479172,-71.9983369999999
-100.503067,-72.008347
-100.510559,-72.0236209999999
-100.502228,-72.030563
-100.48584,-72.0347289999999
-100.464172,-72.036957
-100.440002,-72.037231
-100.353058,-72.0363919999999
-100.303337,-72.033066
-100.279716,-72.030289
-100.196671,-72.017502
-100.173889,-72.015015
-100.147232,-72.013336
-100.117783,-72.012222
-100.079727,-72.017502
-100.068336,-72.024445
-100.0625,-72.032791
-100.073059,-72.0461119999999
-100.096123,-72.05806
-100.143066,-72.0800019999999
-100.156403,-72.085007
-100.173073,-72.089172
-100.200287,-72.0983429999999
-100.237228,-72.114456
-100.246948,-72.121124
-100.251106,-72.127792
-100.235001,-72.130844
-100.211121,-72.1294559999999
-100.045013,-72.1111149999999
-99.9622339999999,-72.097229
-99.9319459999999,-72.088898
-99.901947,-72.079453
-99.875839,-72.068344
-99.8652799999999,-72.0633389999999
-99.845291,-72.051682
-99.838348,-72.045837
-99.815567,-72.025558
-99.808899,-72.01889
-99.805283,-72.012222
-99.798889,-72.0044559999999
-99.768616,-71.979446
-99.759171,-71.972504
-99.7489009999999,-71.967789
-99.7261199999999,-71.964172
-99.698898,-71.964172
-99.655563,-71.968063
-99.639725,-71.9702909999999
-99.625565,-71.976395
-99.613892,-71.9833369999999
-99.608063,-71.9916689999999
-99.6050109999999,-71.999725
-99.608337,-72.015839
-99.611389,-72.02417
-99.6216739999999,-72.045837
-99.631119,-72.069458
-99.6341709999999,-72.103058
-99.634445,-72.109451
-99.6341709999999,-72.118896
-99.631393,-72.126953
-99.622223,-72.1350099999999
-99.611115,-72.141113
-99.584457,-72.13945
-99.568344,-72.133347
-99.541397,-72.116394
-99.5016779999999,-72.0844569999999
-99.495285,-72.077789
-99.4755709999999,-72.0658419999999
-99.4655609999999,-72.060013
-99.450012,-72.053894
-99.436111,-72.0505679999999
-99.406403,-72.049454
-99.364731,-72.055557
-99.3486179999999,-72.058624
-99.315567,-72.066681
-98.895844,-72.1264039999999
-98.857788,-72.1305689999999
-98.833069,-72.131393
-98.820007,-72.1264039999999
-98.8172299999999,-72.118896
-98.8175049999999,-72.110565
-98.825012,-72.092224
-98.858063,-72.06279
-98.89418,-72.03334
-98.916397,-72.022232
-98.930557,-72.017227
-98.98584,-72.007233
-99.026947,-72.002228
-99.051682,-72.0002899999999
-99.1089019999999,-71.992233
-99.147507,-71.986115
-99.279175,-71.964172
-99.295837,-71.959167
-99.304169,-71.9530639999999
-99.3075099999999,-71.9438929999999
-99.301117,-71.9297329999999
-99.2950129999999,-71.921951
-99.092514,-71.780563
-99.063065,-71.771957
-99.021118,-71.7650149999999
-98.995285,-71.7630619999999
-98.939178,-71.7616729999999
-98.886124,-71.7616729999999
-98.8619539999999,-71.762512
-98.8216709999999,-71.766403
-98.801956,-71.770279
-98.785568,-71.774445
-98.773895,-71.781403
-98.765015,-71.7883449999999
-98.753067,-71.803894
-98.755844,-71.811401
-98.768616,-71.8238979999999
-98.791122,-71.835007
-98.8355559999999,-71.8572239999999
-98.845001,-71.864182
-98.844452,-71.872513
-98.8355559999999,-71.879456
-98.819458,-71.883621
-98.8030699999999,-71.8866729999999
