"V1","V2"
-54.0469509999999,-61.269447
-54.0594479999999,-61.2711179999999
-54.176117,-61.258057
-54.191948,-61.2550049999999
-54.195557,-61.248611
-54.200562,-61.236115
-54.1966709999999,-61.2288889999999
-54.045563,-61.0886149999999
-54.032227,-61.088058
-54.016396,-61.0911179999999
-54.0075069999999,-61.096672
-54.0063929999999,-61.1030579999999
-54.006111,-61.176674
-54.0063929999999,-61.190002
-54.0113909999999,-61.20417
-54.029724,-61.246948
-54.037781,-61.261391
-54.0469509999999,-61.269447
