"V1","V2"
-108.059998,67.475266
-108.089722,67.4655460000001
-108.103333,67.4672090000001
-108.109444,67.471375
-108.113327,67.4760890000001
-108.14389,67.530548
-108.142776,67.541656
-108.133621,67.6280360000001
-108.132217,67.639435
-108.117767,67.6699829999999
-108.113617,67.675262
-108.101097,67.6766510000001
-108.087219,67.674988
-108.014183,67.662491
-108.003616,67.6591490000001
-107.995537,67.655258
-107.989441,67.651093
-107.983322,67.6447140000001
-107.928329,67.561646
-107.92305,67.551651
-107.921387,67.546646
-107.922234,67.540817
-107.92749,67.5344240000001
-108.059998,67.475266
