"V1","V2"
-2.91833400000002,58.731941
-2.93944499999998,58.729996
-2.94805599999995,58.7305530000001
-2.95777800000002,58.7347180000001
-2.97055599999999,58.741943
-2.97999999999996,58.750275
-3.036945,58.8180540000001
-3.03361100000001,58.820831
-3.02888899999994,58.823051
-3.00999999999999,58.831665
-3.00444499999998,58.8330540000001
-2.97472199999999,58.835274
-2.91611099999994,58.838882
-2.89916699999998,58.838333
-2.89416699999998,58.836937
-2.88638900000001,58.8319400000001
-2.87777799999992,58.824165
-2.87666699999994,58.8202740000001
-2.91388899999993,58.7338870000001
-2.91833400000002,58.731941
