"V1","V2"
123.810806,-5.59916699999991
123.806091,-5.601111
123.801376,-5.59916699999991
123.797211,-5.59638899999999
123.7836,-5.58277800000002
123.705261,-5.50277799999986
123.694427,-5.48638799999998
123.688309,-5.47222199999993
123.712196,-5.47277700000001
123.72998,-5.47638899999993
123.734993,-5.47833300000002
123.743042,-5.48388899999998
123.802757,-5.53361099999995
123.812187,-5.54444399999994
123.814423,-5.54916700000001
123.814987,-5.55527799999999
123.812187,-5.59500000000003
123.810806,-5.59916699999991
