"V1","V2"
20.612499,38.394165
20.680553,38.277496
20.811665,38.121384
20.8133320000001,38.1183320000001
20.81361,38.114441
20.8119430000001,38.105553
20.7966650000001,38.0666660000001
20.7925000000001,38.060272
20.788055,38.059441
20.734997,38.0608290000001
20.557777,38.0905530000001
20.5172200000001,38.102493
20.512775,38.103882
20.377777,38.156662
20.3444440000001,38.1749950000001
20.3413889999999,38.177216
20.339996,38.184441
20.340832,38.196938
20.3422199999999,38.2008290000001
20.3561100000001,38.231941
20.398609,38.3255540000001
20.44083,38.328049
20.4427760000001,38.3249970000001
20.4736100000001,38.3091660000001
20.478611,38.3080520000001
20.4836080000001,38.3083270000001
20.487221,38.309715
20.500553,38.3172150000001
20.507221,38.321106
20.516388,38.327774
20.5363879999999,38.3447190000001
20.5447200000001,38.357498
20.5466650000001,38.361107
20.547497,38.364716
20.550552,38.387772
20.5477750000001,38.394165
20.539719,38.4094390000001
20.5344430000001,38.432777
20.5338860000001,38.436661
20.5369420000001,38.4677730000001
20.539165,38.4705510000001
20.543053,38.471939
20.548332,38.471939
20.5622220000001,38.4711070000001
20.57111,38.4680480000001
20.612499,38.394165
