"V1","V2"
116.118317,-4.03611100000001
116.086113,-4.04555499999998
116.057213,-4.04305599999998
116.053307,-4.04166699999996
116.051086,-4.03000100000003
116.051086,-4.01638899999995
116.054428,-3.98555599999992
116.059982,-3.9636109999999
116.065536,-3.95527800000002
116.077209,-3.91111100000001
116.075821,-3.82888899999995
116.074432,-3.80972199999991
116.073036,-3.80444399999999
116.06694,-3.79000000000002
116.046371,-3.771389
116.042213,-3.768889
116.032494,-3.75777799999992
116.029984,-3.75361199999992
116.021652,-3.73472199999998
116.011932,-3.70999999999998
116.007217,-3.6875
116.006653,-3.67444499999993
116.007217,-3.66138899999999
116.008614,-3.64916699999992
116.012772,-3.63277799999997
116.072487,-3.44472199999996
116.114151,-3.33583299999992
116.118317,-3.32638899999995
116.258041,-3.22583300000002
116.262207,-3.22305499999993
116.267761,-3.22305499999993
116.272491,-3.22500000000002
116.275818,-3.22833300000002
116.276657,-3.23472199999998
116.276657,-3.24833299999995
116.271057,-3.28525300000001
116.258041,-3.36249999999995
116.256104,-3.38111099999992
116.271652,-3.53500000000003
116.293053,-3.621666
116.301376,-3.66138899999999
116.319153,-3.76611100000002
116.308029,-3.90138899999994
116.306641,-3.90694400000001
116.303307,-3.91027800000001
116.159988,-4.01638899999995
116.147774,-4.02444500000001
116.143051,-4.02638899999999
116.118317,-4.03611100000001
