"V1","V2"
102.972763,79.331375
103.00444,79.328049
103.108597,79.329163
103.140266,79.325821
103.161102,79.3216550000001
103.160812,79.314987
103.155258,79.307755
103.141373,79.3008120000001
103.090553,79.2836
103.044144,79.2758180000001
103.008331,79.2758180000001
102.96138,79.2805480000001
102.904427,79.264999
102.877197,79.2513890000001
102.825546,79.223038
102.75444,79.169983
102.746094,79.163605
102.740807,79.156372
102.691093,79.0858150000001
102.703323,79.048599
102.693039,79.0341490000001
102.628593,78.988037
102.575546,78.9605410000001
102.542763,78.9488680000001
102.476929,78.908035
102.402771,78.8563689999999
102.397774,78.849152
102.393333,78.8285980000001
102.405548,78.824707
102.462196,78.8285980000001
102.52887,78.8405460000001
102.567207,78.850266
102.586647,78.8552549999999
102.660538,78.8824770000001
102.79866,78.9515990000001
102.808868,78.9594270000001
102.860527,79.005264
102.876083,79.0269320000001
102.876373,79.0336000000001
102.881653,79.040817
102.894989,79.04776
102.914703,79.0524750000001
102.940536,79.0555419999999
102.969437,79.0574800000001
103.039703,79.0574800000001
103.118874,79.054428
103.170532,79.060257
103.247757,79.0780490000001
103.294144,79.0991519999999
103.45166,79.104706
103.474701,79.108597
103.494713,79.1133120000001
103.508614,79.120255
103.51944,79.1280360000001
103.519707,79.13472
103.639709,79.156937
103.94693,79.133331
103.992752,79.1249850000001
104.008041,79.1199800000001
104.017761,79.114426
104.021103,79.0952610000001
104.020264,79.0885930000001
104.014427,79.0813750000001
104.020264,79.0452580000001
104.071114,78.997482
104.095543,78.996094
104.127472,78.9969330000001
104.156372,78.9988710000001
104.191093,78.998596
104.231934,78.9966430000001
104.303307,78.9910890000001
104.333878,78.988037
104.384163,78.98027
104.423866,78.971375
104.438583,78.9663850000001
104.486366,78.938873
104.499153,78.920532
104.52388,78.877197
104.646942,78.8327639999999
104.656372,78.827209
104.660263,78.8211060000001
104.659416,78.8144230000001
104.647217,78.799988
104.641098,78.792755
104.629967,78.7849880000001
104.609993,78.780273
104.601646,78.771378
104.681664,78.7788700000001
104.704437,78.782486
104.724426,78.787491
104.738586,78.794144
104.74971,78.801926
104.755829,78.8091430000001
104.756943,78.8158110000001
104.752777,78.8219300000001
104.738312,78.8269350000001
104.728867,78.8324890000001
104.724991,78.8385929999999
104.744713,78.843323
104.767761,78.8472140000001
104.917213,78.854156
104.971916,78.8469390000001
105.021378,78.8391570000001
105.070831,78.831375
105.148613,78.813599
105.168053,78.8091430000001
105.195534,78.79248
105.221649,78.76915
105.234421,78.757492
105.408043,78.583603
105.415817,78.571381
105.414429,78.5646970000001
105.373596,78.5077670000001
105.356644,78.5019380000001
105.317207,78.4924770000001
105.252777,78.4799800000001
105.23027,78.4763790000001
105.18692,78.466934
105.100273,78.4388730000001
105.083328,78.4330440000001
104.99971,78.4038700000001
104.952477,78.3855440000001
104.902771,78.3680420000001
104.855263,78.3522030000001
104.819153,78.34137
104.780548,78.3319400000001
104.758614,78.328049
104.727478,78.329712
104.708603,78.3341520000001
104.694702,78.339432
104.685532,78.344986
104.681664,78.351089
104.647491,78.353867
104.424423,78.3410949999999
104.369431,78.3372040000001
104.267487,78.326935
104.16832,78.3155360000001
104.102768,78.303864
104.018051,78.2874909999999
103.996368,78.2836000000001
103.931091,78.2719270000001
103.881927,78.2660980000001
103.829712,78.261383
103.739151,78.2586060000001
103.667213,78.260818
103.575821,78.260818
103.315262,78.2483220000001
103.195251,78.23526
103.164993,78.2344210000001
103.058594,78.2483220000001
103.027481,78.25
102.994431,78.25
102.972763,78.2460940000001
102.935806,78.236374
102.883041,78.2205350000001
102.883041,78.20694
102.892487,78.2013850000001
102.876923,78.1955259999999
102.818878,78.181656
102.718048,78.1599880000001
102.689972,78.160538
102.661102,78.1636050000001
102.661102,78.170532
102.680267,78.1863710000001
102.685257,78.193588
102.684982,78.200272
102.680267,78.206375
102.670532,78.211929
102.646378,78.2158200000001
102.617203,78.2188720000001
102.54248,78.2219240000001
102.482208,78.2199859999999
102.458038,78.216934
102.130539,78.2013850000001
101.996643,78.2061
101.971367,78.2058260000001
101.821381,78.2005460000001
101.761383,78.198318
101.713318,78.1922000000001
101.653587,78.1899720000001
101.49498,78.187485
101.458878,78.188309
101.381088,78.1922000000001
101.309143,78.193863
101.276382,78.193588
101.174698,78.183319
101.133041,78.175262
101.118317,78.1691440000001
101.094711,78.1552580000001
101.068047,78.142212
101.032494,78.132202
100.994141,78.123032
100.911102,78.1066440000001
100.543869,78.043869
100.344711,78.011932
100.123306,77.976379
100.015823,77.9577640000001
99.966385,77.9524840000001
99.9399720000001,77.9502720000001
99.9105380000001,77.9488680000001
99.8783110000001,77.9485930000001
99.7891540000001,77.95166
99.7722170000001,77.9549870000001
99.761658,77.9602660000001
99.7369229999999,77.963882
99.6474910000001,77.9627690000001
99.6180420000001,77.9613800000001
99.598038,77.957214
99.5702670000001,77.945251
99.5530400000001,77.939972
99.5208280000001,77.9396970000001
99.491653,77.9424740000001
99.4308170000001,77.9544370000001
99.34137,78.019989
99.353592,78.053589
99.390823,78.0627590000001
99.408035,78.068054
99.4360960000001,78.0802760000001
99.4611050000001,78.093323
99.5269319999999,78.135544
99.533051,78.1419370000001
99.5208280000001,78.1544340000001
99.51944,78.1611020000001
99.522491,78.1683200000001
99.784149,78.2666630000001
99.9063720000001,78.309708
99.9944310000001,78.3352659999999
100.003883,78.3680420000001
100.073608,78.430817
100.088318,78.43692
100.152481,78.474152
100.151093,78.48082
100.133041,78.499146
100.253601,78.658325
100.366379,78.7383120000001
100.378311,78.745255
100.393333,78.7510990000001
100.411652,78.7561040000001
100.551376,78.785812
100.594437,78.794144
100.632202,78.7933200000001
100.896652,78.767159
100.915154,78.7653270000001
100.927483,78.762817
100.936989,78.7598269999999
100.939583,78.7571560000001
101.021927,78.7424770000001
101.030273,78.738876
101.135818,78.7491460000001
101.142784,78.7500000000001
101.160812,78.752213
101.168053,78.758331
101.136658,78.7680510000001
101.095261,78.776657
100.995926,78.796265
100.974434,78.797768
100.904259,78.8012620000001
100.885765,78.803093
100.873268,78.805595
100.869766,78.809265
100.781937,78.8572080000001
100.779984,78.870529
100.778053,78.8838810000001
100.786102,78.8986049999999
100.881653,78.969711
100.893883,78.976654
100.9897,79.0138850000001
101.003601,79.018326
101.037773,79.025269
101.063026,79.02832
101.081383,79.0291600000001
101.164146,79.025543
101.200546,79.023041
101.288879,79.013611
101.372208,79.0033260000001
101.434982,78.9905400000001
101.518051,78.98027
101.549149,78.9772030000001
101.587196,78.9763790000001
101.61554,78.9783170000001
101.62442,78.9822080000001
101.598602,78.985809
101.536652,78.991928
101.459152,78.996094
101.42804,78.9991460000001
101.381088,79.006943
101.233871,79.036652
101.207764,79.0402680000001
101.176651,79.04332
101.057213,79.049149
101.026093,79.0522
100.99971,79.055817
100.988876,79.0610960000001
100.988037,79.0677640000001
101.018883,79.116089
101.02832,79.1238710000001
101.197197,79.205826
101.242203,79.224701
101.287201,79.2324830000001
101.346367,79.237488
101.378593,79.2385860000001
101.449707,79.2388760000001
101.481934,79.2399750000001
101.511108,79.241928
101.536926,79.2449800000001
101.553307,79.2508239999999
101.555542,79.284424
101.527771,79.301376
101.527206,79.308029
101.537773,79.34137
101.550812,79.3483279999999
101.570541,79.3533170000001
101.626083,79.358322
101.776382,79.367477
101.808868,79.368317
101.841087,79.3588710000001
101.944702,79.303864
101.961113,79.2924800000001
101.96666,79.2863770000001
101.966927,79.2797090000001
101.95694,79.271927
101.957764,79.258606
101.984154,79.25499
102.207764,79.2391510000001
102.243317,79.2391510000001
102.263046,79.2441410000001
102.262772,79.2508239999999
102.220261,79.265823
102.172493,79.2805480000001
102.155823,79.3052520000001
102.14415,79.3305510000001
102.137772,79.356369
102.142761,79.363602
102.172493,79.389435
102.18248,79.3972170000001
102.196091,79.4041600000001
102.212769,79.409988
102.232758,79.4149930000001
102.27916,79.42276
102.305542,79.4255370000001
102.3647,79.429703
102.39888,79.4280400000001
102.425537,79.4244229999999
102.533867,79.411102
102.67804,79.3980410000001
102.809982,79.386108
102.841927,79.3830410000001
102.894707,79.375534
102.910263,79.3708189999999
102.920822,79.3585970000001
102.920532,79.3452610000001
102.936096,79.340546
102.972763,79.331375
