"V1","V2"
104.666893,1.02382699999998
104.645523,0.989722000000029
104.623581,0.908889000000045
104.599701,0.829999999999927
104.597748,0.825278000000026
104.594131,0.82194400000003
104.589417,0.81972200000007
104.583313,0.819166999999993
104.560516,0.824444000000142
104.535248,0.833611000000133
104.525803,0.837500000000034
104.482468,0.856110999999999
104.488022,0.919167000000073
104.423019,0.974722000000042
104.371628,1.01444400000003
104.316071,1.00000000000006
104.303574,0.998611000000096
104.296921,0.998611000000096
104.278313,1.00055600000007
104.254433,1.00416700000005
104.249397,1.00611099999998
104.241913,1.01222200000007
104.239143,1.01638900000006
104.237183,1.02111100000013
104.230263,1.07749999999999
104.230263,1.08416700000004
104.232468,1.08916599999998
104.242737,1.09916600000014
104.333038,1.17388899999992
104.337189,1.17666600000001
104.401077,1.19666599999999
104.407204,1.19722199999995
104.4133,1.19666599999999
104.534698,1.17666600000001
104.640259,1.10555500000009
104.644127,1.10277700000012
104.649696,1.09444400000007
104.662193,1.06583300000011
104.667473,1.05055500000003
104.669693,1.03916600000008
104.669693,1.03222199999999
104.666893,1.02382699999998
