"V1","V2"
-67.8477779999999,68.851929
-67.863892,68.849426
-67.883057,68.849991
-67.897232,68.8530430000001
-67.908051,68.8572080000001
-67.9563899999999,68.915268
-67.9605559999999,68.922485
-67.9605559999999,68.9299770000001
-67.9547269999999,68.9358060000001
-67.946655,68.940811
-67.938049,68.944427
-67.923889,68.9485930000001
-67.892227,68.95166
-67.876389,68.9494170000001
-67.869446,68.9441380000001
-67.839447,68.9119260000001
-67.83139,68.8758090000001
-67.8330689999999,68.861374
-67.837509,68.856369
-67.8477779999999,68.851929
