"V1","V2"
124.604431,73.728592
124.699707,73.7049870000001
124.721649,73.705261
124.741928,73.707764
124.836929,73.6999970000001
124.922493,73.6658170000001
124.985527,73.626083
124.993591,73.621643
125.02887,73.6324770000001
125.053307,73.6466520000001
125.061096,73.6533200000001
125.060532,73.659424
125.046097,73.6772
125.059143,73.6830439999999
125.101379,73.6858060000001
125.136002,73.684357
125.154984,73.6741490000001
125.159714,73.6683200000001
125.186371,73.6238710000001
125.172493,73.5744320000001
125.16832,73.5627590000001
125.168869,73.556641
125.181931,73.5513760000001
125.22998,73.5405430000001
125.251389,73.535812
125.288879,73.533051
125.310532,73.5333250000001
125.407211,73.5505370000001
125.425262,73.555252
125.575272,73.5433200000001
125.592484,73.538315
125.621643,73.5288700000001
125.635818,73.5160980000001
125.630829,73.4985960000001
125.628494,73.494759
125.618149,73.491096
125.607147,73.4880980000001
125.584991,73.4794310000001
125.545822,73.473038
125.527771,73.4683230000001
125.519707,73.4616550000001
125.516098,73.4549870000001
125.516388,73.4488680000001
125.520538,73.4380340000001
125.560257,73.4030460000001
125.57222,73.4019320000001
125.591087,73.4055480000001
125.609154,73.410263
125.625526,73.4177550000001
125.633331,73.4305420000001
125.628593,73.4363710000001
125.684982,73.4591520000001
125.870529,73.4985960000001
125.972763,73.502213
126.017212,73.507492
126.243042,73.5519259999999
126.26416,73.5530400000001
126.287773,73.550812
126.308868,73.5458220000001
126.325821,73.5405430000001
126.402206,73.507767
126.352043,73.4667130000001
126.349701,73.462875
126.344704,73.458702
126.337372,73.4545360000001
126.317375,73.4478760000001
126.198868,73.454163
126.157494,73.3797
126.156647,73.3744199999999
126.243591,73.374695
126.264427,73.3760830000001
126.2836,73.3797
126.320877,73.3883210000001
126.352211,73.399147
126.363205,73.401985
126.375214,73.403488
126.414993,73.4086
126.431931,73.40332
126.530273,73.356934
126.547211,73.345261
126.589432,73.304153
126.589432,73.2919310000001
126.588593,73.2866520000001
126.57222,73.2733150000001
126.555542,73.2660979999999
126.556091,73.2349849999999
126.569443,73.2252660000001
126.602768,73.208603
126.619431,73.203323
126.639977,73.1922
126.677467,73.156937
126.681664,73.150818
126.714996,73.090546
126.714996,73.0844269999999
126.710823,73.078049
126.702766,73.071106
126.682213,73.0574800000001
126.582489,72.991928
126.565536,72.9858090000001
126.490257,72.971375
126.435532,72.9580380000001
126.363876,72.9388730000001
126.329987,72.926926
126.317757,72.919983
126.293869,72.8997190000001
126.278053,72.8799740000001
126.27832,72.8674770000001
126.286652,72.8555450000001
126.303307,72.8441470000001
126.328049,72.8330540000001
126.356644,72.816086
126.373306,72.804703
126.381653,72.798874
126.385818,72.7927549999999
126.385818,72.786652
126.378036,72.773605
126.361923,72.7602690000001
126.342209,72.7463680000001
126.293053,72.6658170000001
126.248032,72.531662
126.244431,72.518875
126.244713,72.506378
126.253052,72.4944310000001
126.265266,72.4824830000001
126.281662,72.4711
126.334152,72.436646
126.348328,72.3799739999999
126.21138,72.319992
126.165817,72.301926
126.125526,72.300537
126.111923,72.3022
126.051933,72.3172150000001
126.019707,72.327774
126.011658,72.333603
125.979431,72.344147
125.931374,72.3535920000001
125.908333,72.3572080000001
125.863602,72.3616490000001
125.842758,72.3616490000001
125.804703,72.356644
125.784149,72.356644
125.748322,72.3605350000001
125.724152,72.3652650000001
125.572487,72.4144290000001
125.54776,72.4316559999999
125.482758,72.446365
125.436096,72.453323
125.414429,72.454163
125.367752,72.4611050000001
125.343323,72.4658200000001
125.323036,72.470825
125.306641,72.476089
125.294434,72.481369
125.281372,72.4933170000001
125.25943,72.5230410000001
125.242477,72.5347140000001
125.193039,72.550262
125.156097,72.560257
125.112198,72.5686040000001
124.971649,72.5880429999999
124.949707,72.5891570000001
124.900543,72.598328
124.863602,72.608322
124.834427,72.6188660000001
124.800537,72.635544
124.786652,72.65332
124.786102,72.659714
124.777481,72.665268
124.764999,72.670822
124.718323,72.676376
124.695534,72.678589
124.673599,72.6797030000001
124.652481,72.6794280000001
124.512207,72.669708
124.473312,72.6658170000001
124.451393,72.6666560000001
124.382751,72.6733090000001
124.361923,72.67804
124.324432,72.688034
124.286102,72.7044370000001
124.251099,72.726929
124.166931,72.7524870000001
124.121094,72.761932
123.955261,72.787766
123.931374,72.791092
123.909149,72.792206
123.843872,72.793869
123.800812,72.7944340000001
123.758614,72.793869
123.736649,72.7947080000001
123.670258,72.797485
123.646378,72.8008120000001
123.531937,72.8202670000001
123.456383,72.833603
123.435257,72.8383180000001
123.358871,72.858032
123.328598,72.8683170000001
123.187187,72.888046
123.102478,72.8869320000001
123.036926,72.888321
122.970261,72.8908230000001
122.923866,72.894989
122.584991,72.937195
122.535263,72.9447020000001
122.513611,72.949417
122.478867,72.9594270000001
122.436661,72.9724269999999
122.42804,72.981934
122.465271,73.012772
122.521652,73.022217
122.584427,73.0244290000001
122.606644,73.023605
122.630257,73.021652
122.70166,73.0144350000001
122.822769,72.9997099999999
122.847214,72.996368
122.864433,72.991364
122.866928,72.978867
122.864151,72.972488
122.865257,72.9660950000001
122.870529,72.960266
122.891937,72.955551
123.088043,72.913605
123.11026,72.9127660000001
123.131363,72.91304
123.171654,72.9160920000001
123.190811,72.918594
123.208878,72.9224850000001
123.226089,72.9277650000001
123.256378,72.942474
123.315811,72.973312
123.333878,72.997482
123.319717,73.0088810000001
123.309418,73.0208280000001
123.373306,73.1594240000001
123.380539,73.1663820000001
123.39888,73.1702579999999
123.493042,73.1869199999999
123.532761,73.191086
123.544708,73.1899720000001
123.52916,73.1827549999999
123.518051,73.1755370000001
123.514709,73.169144
123.515823,73.162766
123.536377,73.1594240000001
123.580276,73.1585690000001
123.60054,73.160263
123.658867,73.168045
123.666382,73.1999969999999
123.665543,73.2063750000001
123.639977,73.210541
123.617477,73.211655
123.575546,73.209991
123.554977,73.2083280000001
123.533333,73.2130430000001
123.379967,73.2969360000001
123.224426,73.39888
123.219147,73.404709
123.240807,73.5513760000001
123.312477,73.585266
123.371918,73.6183169999999
123.369713,73.6558230000001
123.376923,73.6624910000001
123.394707,73.6674800000001
123.413597,73.6713710000001
123.546944,73.6969300000001
123.588593,73.6497190000001
123.601929,73.609421
123.621918,73.6069340000001
123.685532,73.6002660000001
123.9561,73.6180420000001
123.974991,73.621918
123.990807,73.6291500000001
123.998322,73.6361080000001
123.988037,73.6477659999999
123.944427,73.657486
123.908867,73.6674800000001
123.878593,73.759155
123.877472,73.7652740000001
123.891373,73.7699890000001
123.911377,73.772491
123.934708,73.771652
123.95665,73.766937
123.974426,73.7619320000001
124.054703,73.718048
124.055542,73.7116550000001
124.043869,73.7047120000001
124.025818,73.699707
124.004707,73.698318
123.988876,73.6960910000001
123.992477,73.689423
124.010269,73.6844179999999
124.035263,73.681091
124.057213,73.681366
124.077209,73.6838680000001
124.095261,73.6888729999999
124.166656,73.7197110000001
124.221367,73.7447050000001
124.224701,73.751099
124.240807,73.7583310000001
124.338593,73.8010860000001
124.358597,73.803589
124.381927,73.802765
124.399429,73.79776
124.505257,73.762207
124.527771,73.751099
124.604431,73.728592
