"V1","V2"
129.554688,-0.213611000000014
129.536377,-0.222500000000025
129.486908,-0.162221999999986
129.367737,-0.0436109999999985
129.294983,0.027499999999975
129.288879,0.0352780000001189
129.2883,0.041388999999981
129.291656,0.0447220000000925
129.297211,0.0461110000001099
129.303314,0.0455559999999764
129.308868,0.0441670000000158
129.338287,0.0227780000000735
129.357452,0.0077780000000871
129.540527,-0.138889000000006
129.545807,-0.147221999999999
129.565796,-0.182777999999985
129.569122,-0.193055999999956
129.569122,-0.199999999999989
129.5672,-0.204721999999947
129.554688,-0.213611000000014
