"V1","V2"
107.462769,20.9030490000001
107.40387,20.892773
107.399719,20.8930510000001
107.396652,20.8941610000001
107.394989,20.8966640000001
107.395264,20.8986049999999
107.448944,20.9261950000001
107.476723,20.9469830000001
107.48423,20.9731880000001
107.502403,21.012671
107.52388,21.0252760000001
107.550812,21.037777
107.554428,21.0380520000001
107.559563,21.033844
107.518333,20.926662
107.514427,20.922497
107.506378,20.918053
107.494713,20.913052
107.469711,20.9044420000001
107.462769,20.9030490000001
