"V1","V2"
99.8732910000001,6.41611000000006
99.89386,6.40194300000013
99.911636,6.39194400000002
99.915802,6.38916600000005
99.9171910000001,6.38361099999997
99.923019,6.336388
99.923019,6.33083199999999
99.87413,6.28916500000003
99.8691250000001,6.2872210000001
99.839142,6.27749900000003
99.843857,6.27666600000003
99.844421,6.27055499999994
99.8357700000001,6.25883499999998
99.8371890000001,6.19333200000005
99.8371890000001,6.18777699999998
99.8299710000001,6.17416600000001
99.821915,6.16110999999995
99.818588,6.15777700000007
99.8130190000001,6.15666599999997
99.808014,6.15888799999999
99.7930300000001,6.17138800000004
99.7863619999999,6.17860999999999
99.780807,6.1869430000001
99.7788540000001,6.19194300000009
99.7758030000001,6.20222200000006
99.776642,6.20833299999993
99.8060760000001,6.25555500000002
99.828583,6.27416599999998
99.742752,6.249166
99.736374,6.24861000000004
99.6569370000001,6.36083200000013
99.6522059999999,6.36971999999992
99.646942,6.38499900000005
99.6419370000001,6.4072220000001
99.6408230000001,6.4197210000001
99.6436,6.424443
99.7033230000001,6.42611000000005
99.7166600000001,6.42499899999996
99.7274780000001,6.42222099999998
99.7322080000001,6.41305399999999
99.7494199999999,6.40777700000001
99.7913510000001,6.41111000000006
99.796921,6.41222099999999
99.852951,6.46415300000007
99.8591310000001,6.43638700000002
99.8657990000001,6.42249900000007
99.8732910000001,6.41611000000006
