"V1","V2"
122.981087,-8.14944500000001
123.029709,-8.294445
123.031097,-8.29999900000001
123.031662,-8.31277799999998
123.027771,-8.32222199999995
123.016663,-8.33194400000002
122.989967,-8.35277699999989
122.98526,-8.35499999999996
122.979156,-8.35555499999998
122.973602,-8.35416599999996
122.896942,-8.38555699999989
122.804977,-8.43083399999995
122.801651,-8.43416599999995
122.797493,-8.44361099999992
122.796097,-8.44916699999999
122.794708,-8.46138999999999
122.796654,-8.47277599999995
122.800812,-8.48222199999992
122.806374,-8.49055499999992
122.819992,-8.50472299999996
122.835274,-8.52361100000002
122.840553,-8.53166799999997
122.847488,-8.54527899999994
122.853043,-8.56694399999992
122.852203,-8.57305500000001
122.848038,-8.58944299999996
122.844711,-8.59361100000001
122.837776,-8.59818199999995
122.832489,-8.60166500000003
122.823608,-8.60638799999992
122.803589,-8.61388799999997
122.787201,-8.61777699999999
122.739151,-8.6191649999999
122.681664,-8.63416699999993
122.570541,-8.66666600000002
122.562477,-8.67194599999993
122.552757,-8.68027899999998
122.549423,-8.68361099999998
122.537773,-8.69916699999987
122.527481,-8.70944400000002
122.514999,-8.71749899999992
122.510269,-8.71944400000001
122.469147,-8.73305499999998
122.463608,-8.734444
122.392487,-8.75194499999992
122.380814,-8.75416799999999
122.373871,-8.75416799999999
122.25943,-8.75055700000001
122.222488,-8.74666599999995
122.178589,-8.73583199999996
121.905823,-8.82638900000001
121.805817,-8.87722200000002
121.792213,-8.88472399999995
121.782494,-8.88888899999995
121.765549,-8.89222299999994
121.758614,-8.89222299999994
121.753052,-8.89083499999987
121.624977,-8.84333199999998
121.574997,-8.81833299999994
121.564697,-8.81500099999994
121.558594,-8.81416699999994
121.396103,-8.79861099999999
121.389977,-8.79805599999997
121.383881,-8.79861099999999
121.375526,-8.80416700000001
121.372208,-8.80750099999989
121.368042,-8.81694399999998
121.367203,-8.82305500000001
121.366653,-8.83611100000002
121.369431,-8.84694499999995
121.374687,-8.86166600000001
121.376923,-8.873333
121.376083,-8.879166
121.374153,-8.88416699999999
121.368591,-8.89277800000002
121.361923,-8.89972299999994
121.354431,-8.90583400000003
121.341927,-8.91388899999998
121.323608,-8.922777
121.313026,-8.92611099999999
121.301651,-8.92666599999995
121.287201,-8.92055499999998
121.269989,-8.91055699999998
121.260536,-8.90638899999999
121.250267,-8.90305499999994
121.217209,-8.89472399999994
121.198593,-8.89277800000002
121.186371,-8.89416699999987
121.169144,-8.89750099999992
121.135536,-8.90500100000003
121.117203,-8.91388899999998
121.08638,-8.93083399999995
121.041931,-8.94777899999991
121.023323,-8.94972200000001
121.016388,-8.94972200000001
121.004173,-8.94833399999999
120.920532,-8.92611099999999
120.916382,-8.92333399999995
120.861649,-8.87527699999998
120.856087,-8.86722200000003
120.76915,-8.86638800000003
120.762207,-8.873333
120.757492,-8.87527699999998
120.751389,-8.875832
120.744431,-8.875832
120.738876,-8.87444299999999
120.725807,-8.87055400000003
120.65332,-8.84749999999997
120.6436,-8.84333199999998
120.630539,-8.83611100000002
120.618874,-8.827223
120.61554,-8.82388900000001
120.607208,-8.81166599999989
120.60054,-8.80472199999997
120.592209,-8.79944399999999
120.582764,-8.79527899999999
120.577209,-8.79388999999992
120.53804,-8.79333300000002
120.435257,-8.79388999999992
120.381927,-8.80083300000001
120.350273,-8.81027799999998
120.345543,-8.81222199999996
120.333878,-8.82111199999986
120.324432,-8.83194400000002
120.320267,-8.834723
120.314697,-8.83611100000002
120.255829,-8.83194400000002
120.24971,-8.83111200000002
120.205833,-8.80610999999999
120.197479,-8.79999900000001
120.089157,-8.79666700000001
120.068878,-8.80361199999999
119.939148,-8.85027699999995
119.893883,-8.85027699999995
119.833603,-8.79805599999997
119.813026,-8.77916699999997
119.809708,-8.77166699999998
119.801376,-8.74583199999995
119.796234,-8.72034299999996
119.804153,-8.68638800000002
119.804977,-8.68027899999998
119.804977,-8.66666600000002
119.803589,-8.63694600000002
119.8022,-8.62472199999996
119.798027,-8.60166500000003
119.797493,-8.58194399999996
119.803589,-8.56777799999992
119.818604,-8.54861099999994
119.909714,-8.46416699999997
120.006943,-8.41666600000002
120.083878,-8.39611199999996
120.192749,-8.30888899999997
120.199707,-8.30194499999999
120.258614,-8.272223
120.272217,-8.268057
120.522491,-8.25722300000001
120.660263,-8.28111299999995
120.753326,-8.333889
120.854713,-8.34055499999999
120.921921,-8.34611100000001
121.013611,-8.38611199999997
121.02388,-8.39611199999996
121.032211,-8.40166699999986
121.046654,-8.40777800000001
121.102768,-8.42527799999999
121.166656,-8.43972200000002
121.17804,-8.44166799999994
121.198029,-8.44111099999992
121.208878,-8.44361099999992
121.277481,-8.47083299999997
121.286377,-8.47555499999987
121.300262,-8.48916600000001
121.305542,-8.49722099999991
121.311653,-8.51139099999995
121.317207,-8.51972199999994
121.319992,-8.52361100000002
121.330276,-8.53388999999999
121.341927,-8.54333299999996
121.3797,-8.57388900000001
121.391937,-8.58194399999996
121.400818,-8.58666599999998
121.411926,-8.58944299999996
121.511108,-8.607777
121.516098,-8.60555499999992
121.565262,-8.57305500000001
121.57222,-8.56638900000002
121.593597,-8.54277799999988
121.600273,-8.52777900000001
121.637207,-8.47500000000002
121.773041,-8.48861099999999
121.87442,-8.49444399999999
121.892761,-8.49388899999991
121.909416,-8.48972099999992
122.039429,-8.44361099999992
122.107483,-8.53305599999999
122.234711,-8.63083299999994
122.238876,-8.63361199999991
122.253326,-8.63944400000003
122.270538,-8.643057
122.288307,-8.64444500000002
122.340271,-8.62111099999998
122.363037,-8.61638799999997
122.426086,-8.604445
122.432213,-8.603611
122.488312,-8.52111200000002
122.484154,-8.51833299999993
122.479431,-8.50944500000003
122.478043,-8.50416799999988
122.478867,-8.49805499999991
122.48082,-8.49305500000003
122.486366,-8.48499900000002
122.4897,-8.48166700000002
122.602203,-8.39416699999998
122.606087,-8.39166799999998
122.628311,-8.38611199999997
122.669983,-8.38416699999999
122.681664,-8.38611199999997
122.688583,-8.38611199999997
122.693863,-8.38472399999989
122.7686,-8.35694299999989
122.773323,-8.35499999999996
122.881653,-8.29250000000002
122.889977,-8.28722199999993
122.896103,-8.27972199999988
122.950821,-8.21194500000001
122.950272,-8.20694399999996
122.94693,-8.20361099999997
122.938026,-8.19888899999995
122.903053,-8.18611099999998
122.891937,-8.18333200000001
122.885269,-8.18333200000001
122.8797,-8.18472300000002
122.828873,-8.20222299999995
122.813309,-8.21388799999994
122.806374,-8.22055399999994
122.800262,-8.22805599999998
122.796097,-8.2308329999999
122.791367,-8.232777
122.785812,-8.2341649999999
122.752777,-8.2341649999999
122.746094,-8.2341649999999
122.741364,-8.23222199999998
122.737198,-8.229445
122.737198,-8.22388799999999
122.741364,-8.21444500000001
122.800262,-8.11083200000002
122.853043,-8.07472200000001
122.863312,-8.07138800000001
122.875526,-8.06999999999999
122.880257,-8.07194499999991
122.961929,-8.12777699999998
122.978317,-8.14527900000002
122.981087,-8.14944500000001
