"V1","V2"
-65.642227,68.159424
-65.566391,68.152206
-65.512787,68.152771
-65.502792,68.1510930000001
-65.4977719999999,68.147766
-65.4944459999999,68.142487
-65.495544,68.128311
-65.500839,68.1219180000001
-65.516953,68.1130370000001
-65.525284,68.1097110000001
-65.675552,68.0961000000001
-65.686935,68.0958250000001
-65.6961059999999,68.098877
-65.709732,68.1060940000001
-65.713898,68.1127620000001
-65.721939,68.164429
-65.716949,68.1758120000001
-65.71167,68.1802670000001
-65.701401,68.1813660000001
-65.675827,68.1799770000001
-65.6566619999999,68.175262
-65.6483459999999,68.168594
-65.6466669999999,68.1636050000001
-65.642227,68.159424
