"V1","V2"
138.435242,38.0474930000001
138.441345,38.044441
138.447754,38.0455470000001
138.51944,38.0666660000001
138.525269,38.068604
138.529694,38.0724950000001
138.5336,38.0774920000001
138.539429,38.0794369999999
138.546082,38.0799940000001
138.561646,38.0772170000001
138.569977,38.074715
138.57608,38.0716630000001
138.579956,38.067772
138.581085,38.057213
138.578583,38.0452730000001
138.563293,38.0133290000001
138.512207,37.918053
138.508881,37.9124910000001
138.483307,37.8863830000001
138.478577,37.88221
138.473572,37.8791580000001
138.375519,37.823608
138.36441,37.81916
138.358582,37.817215
138.27887,37.798882
138.254425,37.793884
138.247742,37.7936100000001
138.232727,37.795273
138.224396,37.7977750000001
138.218292,37.8008270000001
138.210785,37.8094330000001
138.209137,37.8144380000001
138.209686,37.8199920000001
138.213287,37.8258290000001
138.236084,37.8336030000001
138.256378,37.8347170000001
138.268585,37.8372120000001
138.274139,37.8394320000001
138.282196,37.848877
138.33136,37.9424900000001
138.334137,37.9491580000001
138.337189,37.9666600000001
138.333862,37.9763790000001
138.33136,37.9808200000001
138.316376,37.9913790000001
138.310242,37.994713
138.30304,37.997215
138.295258,37.9986039999999
138.289154,37.99749
138.283325,37.9952699999999
138.27832,37.992218
138.273865,37.9883270000001
138.266937,37.976936
138.258881,37.9672090000001
138.252197,37.966934
138.244415,37.9683230000001
138.23941,37.971931
138.237732,37.9766539999999
138.233307,38.0177690000001
138.233856,38.0508270000001
138.234406,38.0563810000001
138.236084,38.062492
138.242462,38.0749970000001
138.308014,38.166939
138.448303,38.293884
138.466919,38.3086010000001
138.477173,38.314713
138.49411,38.321106
138.507751,38.322495
138.516388,38.3202740000001
138.520264,38.316383
138.51944,38.3105469999999
138.511108,38.281105
138.507751,38.2413790000001
138.5,38.211105
138.491333,38.1913760000001
138.471069,38.1563800000001
138.453857,38.128044
138.447479,38.115547
138.44165,38.102493
138.429962,38.0674970000001
138.429413,38.061661
138.429962,38.0563810000001
138.435242,38.0474930000001
