"V1","V2"
-73.8441769999999,-44.464447
-73.878342,-44.468056
-73.886948,-44.466949
-73.893616,-44.464447
-73.8988949999999,-44.461395
-73.902237,-44.456947
-73.906403,-44.440285
-73.9091799999999,-44.403618
-73.910004,-44.385002
-73.90834,-44.378891
-73.904175,-44.3749999999999
-73.8988949999999,-44.371674
-73.8919529999999,-44.3700029999999
-73.883347,-44.369728
-73.869171,-44.3741679999999
-73.8527829999999,-44.383339
-73.7919459999999,-44.418335
-73.78862,-44.422501
-73.781403,-44.4375
-73.780289,-44.443062
-73.781677,-44.4491729999999
-73.78418,-44.454445
-73.7902829999999,-44.456947
-73.828613,-44.4625019999999
-73.8441769999999,-44.464447
