"V1","V2"
122.411377,29.9330520000001
122.396652,29.8291630000001
122.390823,29.829441
122.372482,29.834995
122.367477,29.8380510000001
122.364151,29.8419420000001
122.356369,29.8552740000001
122.318863,29.9316370000001
122.318047,29.9352720000001
122.318604,29.941662
122.320541,29.947773
122.323883,29.9522170000001
122.333878,29.95694
122.340553,29.9574970000001
122.393051,29.9508289999999
122.399429,29.9497180000001
122.404427,29.946941
122.407761,29.942772
122.409988,29.938328
122.411377,29.9330520000001
