"V1","V2"
26.020828,37.514435
25.984161,37.5069430000001
25.980827,37.508881
25.9769440000001,37.5149920000001
25.975552,37.5186
25.9747160000001,37.526932
25.9747160000001,37.53138
25.981937,37.544167
25.984161,37.5469440000001
26.0469440000001,37.6163790000001
26.0644419999999,37.62999
26.06805,37.631943
26.08083,37.635544
26.312492,37.679993
26.351383,37.686378
26.3611110000001,37.6866610000001
26.3616640000001,37.683327
26.360554,37.6794360000001
26.356937,37.6724930000001
26.3233300000001,37.6347200000001
26.308331,37.6188890000001
26.302498,37.6144410000001
26.2674940000001,37.591103
26.214993,37.558884
26.020828,37.514435
