"V1","V2"
15.026388,68.3549960000001
14.842499,68.2791600000001
14.813055,68.269165
14.781944,68.2602690000001
14.7713869999999,68.2574920000001
14.532499,68.200546
14.5080550000001,68.1966550000001
14.3927760000001,68.183319
14.2408330000001,68.1558230000001
14.2058319999999,68.149155
14.19972,68.1522220000001
14.2019440000001,68.2002720000001
14.2066649999999,68.2061
14.3047220000001,68.304993
14.3172210000001,68.315277
14.3263870000001,68.3188780000001
14.341665,68.3191530000001
14.355555,68.31694
14.3652760000001,68.3135990000001
14.370554,68.3088840000001
14.373888,68.3038790000001
14.41361,68.2927700000001
14.4830550000001,68.2958220000001
14.4952770000001,68.297775
14.501665,68.3030550000001
14.502777,68.309158
14.4752770000001,68.3374940000001
14.469166,68.34082
14.43111,68.3558200000001
14.4852770000001,68.381378
14.542221,68.400833
14.6055550000001,68.4180450000001
14.6274990000001,68.423599
14.6397210000001,68.425552
14.758888,68.4286040000001
14.775,68.426941
14.785276,68.4247130000001
14.8047220000001,68.41777
14.8030550000001,68.399712
14.806221,68.3970490000001
14.808222,68.3940430000001
14.808722,68.390549
14.8080540000001,68.3868790000001
14.798554,68.381714
14.7760539999999,68.373215
14.766555,68.367882
14.752222,68.3516540000001
14.753332,68.345825
14.7909980000001,68.362762
14.7983320000001,68.3639370000001
14.856999,68.378769
14.861332,68.3804320000001
14.862,68.3842700000001
14.854666,68.3964390000001
14.855331,68.4001010000001
14.8958319999999,68.4288790000001
14.9183330000001,68.4322200000001
15.1447220000001,68.4513850000001
15.1586090000001,68.4524990000001
15.1688880000001,68.4505460000001
15.1561110000001,68.4402769999999
15.114166,68.4111020000001
15.034443,68.359436
15.026388,68.3549960000001
