"V1","V2"
-146.710846,-76.9791719999999
-146.835022,-76.989182
-146.863617,-76.988068
-146.882782,-76.9819489999999
-146.972504,-76.904724
-146.979187,-76.898056
-146.986694,-76.884445
-146.991669,-76.851395
-146.977783,-76.8322299999999
-146.967529,-76.825836
-146.945862,-76.820282
-146.914185,-76.816116
-146.883057,-76.813339
-146.853058,-76.811676
-146.795013,-76.8111109999999
-146.737793,-76.811951
-146.681396,-76.814178
-146.626953,-76.818619
-146.362518,-76.854446
-146.282806,-76.86528
-146.258057,-76.871399
-146.238617,-76.877228
-146.226135,-76.8841709999999
-146.223358,-76.897507
-146.231964,-76.9102779999999
-146.241974,-76.916672
-146.289185,-76.934723
-146.310577,-76.940567
-146.337799,-76.946121
-146.400848,-76.953339
-146.710846,-76.9791719999999
