"V1","V2"
-57.324722,54.498878
-57.3424989999999,54.4986040000001
-57.351669,54.5002750000001
-57.356667,54.5022200000001
-57.362778,54.5061040000001
-57.365005,54.511665
-57.365555,54.5163879999999
-57.3625029999999,54.5274890000001
-57.359444,54.5333329999999
-57.333328,54.565544
-57.327782,54.5708310000001
-57.321114,54.5749970000001
-57.26722,54.5855480000001
-57.265556,54.580551
-57.269722,54.5749970000001
-57.272728,54.5724950000001
-57.239441,54.522217
-57.24028,54.517769
-57.2550049999999,54.513329
-57.2930599999999,54.5036090000001
-57.307777,54.500549
-57.324722,54.498878
