"V1","V2"
-111.710281,68.2205349999999
-111.725563,68.220261
-111.742218,68.2211
-111.755836,68.223602
-111.765007,68.2272030000001
-111.771942,68.231369
-111.776398,68.236099
-111.778877,68.2410890000001
-111.779167,68.2469330000001
-111.777222,68.2530520000001
-111.771667,68.258881
-111.715012,68.2969360000001
-111.703888,68.2994229999999
-111.528877,68.3108060000001
-111.513634,68.3110960000001
-111.499443,68.2969360000001
-111.504463,68.2924800000001
-111.52861,68.2905430000001
-111.55777,68.2894290000001
-111.582779,68.286102
-111.60527,68.2810969999999
-111.613617,68.2766570000001
-111.627777,68.2666630000001
-111.633331,68.260818
-111.633057,68.24971
-111.630547,68.244431
-111.632492,68.238312
-111.63945,68.2333219999999
-111.649437,68.22998
-111.671661,68.224701
-111.696663,68.221375
-111.710281,68.2205349999999
