"V1","V2"
36.061661,65.1902620000001
36.0780490000001,65.187485
36.182495,65.1930389999999
36.2813800000001,65.2016600000001
36.3008270000001,65.2010960000001
36.2941589999999,65.1944270000001
36.2836070000001,65.1894230000001
36.2533419999999,65.1841890000001
36.250275,65.1813660000001
36.2222140000001,65.1758120000001
36.190269,65.171371
36.0677720000001,65.1633150000001
36.049995,65.162766
35.9758220000001,65.168045
35.9569400000001,65.1699830000001
35.9477689999999,65.1752620000001
35.943321,65.1819310000001
35.9494320000001,65.1997070000001
35.9561,65.2066499999999
35.96666,65.211655
36.0288770000001,65.2088780000001
36.0402760000001,65.204437
36.0477750000001,65.200272
36.054993,65.1960910000001
36.061661,65.1902620000001
