"V1","V2"
128.334961,-3.625833
128.282196,-3.68805600000002
128.234955,-3.72972199999998
128.133606,-3.772222
128.117737,-3.77694499999996
128.099121,-3.77916699999997
128.093842,-3.77777799999996
128.093842,-3.772222
128.097198,-3.768889
128.139709,-3.73055599999998
128.200806,-3.67499999999995
128.210236,-3.66416599999997
128.21579,-3.65583299999997
128.21579,-3.65055599999999
128.213013,-3.646389
128.208862,-3.64361100000002
128.204132,-3.64166699999993
128.198029,-3.64083299999993
128.193024,-3.643055
128.083588,-3.71138899999994
128.001373,-3.76611100000002
127.988312,-3.7736109999999
127.982758,-3.77499999999998
127.964432,-3.77694499999996
127.957489,-3.77694499999996
127.951927,-3.77555599999999
127.942467,-3.771389
127.929977,-3.76333399999999
127.923866,-3.75583399999994
127.91832,-3.74083299999995
127.915543,-3.72972199999998
127.914146,-3.70388899999995
127.916382,-3.69222200000002
127.924423,-3.68000000000001
127.93692,-3.66472199999998
127.949997,-3.65055599999999
127.964432,-3.63749999999993
127.971916,-3.63138899999996
128.0047,-3.60944499999999
128.030823,-3.59444399999995
128.036377,-3.59305499999988
128.084137,-3.58611099999996
128.187744,-3.56416699999994
128.198578,-3.55472199999997
128.206085,-3.54861099999999
128.221893,-3.536945
128.234406,-3.52888899999994
128.239136,-3.52666699999992
128.273315,-3.51222199999995
128.27887,-3.51083399999999
128.298035,-3.5097219999999
128.333038,-3.51583299999999
128.337738,-3.51777799999996
128.341064,-3.52111100000002
128.346069,-3.52999999999992
128.347473,-3.53555599999999
128.339691,-3.61694399999999
128.334961,-3.625833
