"V1","V2"
123.382477,12.6919419999999
123.369141,12.691387
123.317207,12.742775
123.219994,12.832499
123.034988,12.9949970000001
123.027771,12.9963859999999
122.989967,13.0049990000001
122.985527,13.0063880000001
122.95166,13.0291649999999
122.948868,13.033054
122.930542,13.1083320000001
122.931931,13.109997
122.993317,13.1491660000001
123.004707,13.147778
123.041931,13.138611
123.048599,13.1347220000001
123.059418,13.115553
123.147491,12.9849970000001
123.224152,12.9083330000001
123.281662,12.8380530000001
123.376083,12.7169420000001
123.383331,12.6986080000001
123.384987,12.6933310000001
123.382477,12.6919419999999
