"V1","V2"
23.5130540000001,37.691666
23.486111,37.6772160000001
23.4763870000001,37.6791610000001
23.4647220000001,37.6886059999999
23.4316640000001,37.7333300000001
23.423885,37.7563860000001
23.4236110000001,37.7599949999999
23.425552,37.7624970000001
23.428886,37.764442
23.464996,37.768051
23.508053,37.770271
23.5416640000001,37.7708280000001
23.5572200000001,37.76722
23.563889,37.762772
23.56472,37.759438
23.5633320000001,37.7563860000001
23.558887,37.7500000000001
23.523609,37.7036060000001
23.5130540000001,37.691666
