"V1","V2"
-138.955261,-9.74305500000003
-138.89032,-9.75722299999995
-138.850586,-9.75611099999998
-138.840271,-9.752501
-138.83197,-9.74722300000002
-138.825317,-9.74027599999994
-138.815002,-9.73694599999993
-138.810028,-9.73889000000003
-138.809479,-9.74499900000001
-138.810028,-9.75111399999997
-138.812256,-9.75611099999998
-138.818909,-9.76277899999997
-138.83197,-9.77083599999992
-138.849152,-9.781115
-138.893097,-9.80555499999997
-138.898621,-9.80694599999993
-138.910858,-9.80833599999994
-138.979431,-9.81500099999994
-139,-9.81500099999994
-139.010834,-9.81249999999994
-139.015564,-9.81027799999993
-139.026672,-9.80750099999995
-139.032806,-9.80694599999993
-139.045868,-9.80750099999995
-139.051392,-9.80889100000002
-139.056122,-9.81111299999992
-139.06308,-9.81777799999992
-139.06308,-9.82333399999999
-139.054749,-9.85999900000002
-139.108917,-9.84694499999995
-139.119141,-9.84361299999995
-139.128906,-9.83888999999994
-139.141113,-9.83083299999998
-139.151428,-9.82055500000001
-139.167816,-9.79611399999999
-139.169769,-9.79139099999998
-139.172546,-9.780281
-139.172546,-9.77361300000001
-139.171967,-9.76889199999994
-139.167267,-9.75999999999999
-139.049164,-9.69611400000002
-139.039734,-9.69472299999995
-139.00473,-9.69694700000002
-138.979431,-9.705557
-138.971924,-9.71166599999992
-138.967773,-9.72138999999999
-138.969757,-9.72333499999996
-138.958893,-9.73972300000003
-138.955261,-9.74305500000003
