"V1","V2"
-50.901672,-0.0474999999999568
-50.9194489999999,-0.0474999999999568
-50.9277799999999,-0.0447219999999788
-50.9344479999999,-0.0363889999999856
-50.935837,-0.0288889999999924
-50.93306,-0.019999999999925
-50.9236149999999,-0.0119440000000282
-50.90834,0
-50.900284,0.00944400000008727
-50.869446,0.0347220000001016
-50.8386149999999,0.0575000000000614
-50.829727,0.0608329999999455
-50.806396,0.066944000000035
-50.798889,0.0677779999999188
-50.765839,0.0663890000001288
-50.73584,0.0566670000000613
-50.711113,0.0375000000000796
-50.703613,0.031389000000047
-50.6975019999999,0.0238889999999401
-50.6983339999999,0.0155560000000605
-50.702782,0.0080560000000105
-50.711945,0.00472200000001521
-50.734615,0
-50.823616,-0.0297219999999925
-50.8419489999999,-0.0358329999999683
-50.860001,-0.0399999999999636
-50.886116,-0.0452779999999393
-50.901672,-0.0474999999999568
