"V1","V2"
141.25943,45.0980450000001
141.244415,45.096939
141.236633,45.0974879999999
141.218292,45.102493
141.165802,45.128044
141.149719,45.138885
141.137482,45.150826
141.130524,45.159431
141.127441,45.168884
141.132446,45.207771
141.134705,45.2138820000001
141.160248,45.232765
141.170532,45.2402730000001
141.175873,45.24234
141.194122,45.249161
141.200531,45.251389
141.208313,45.2505490000001
141.214417,45.2483290000001
141.271912,45.2199860000001
141.282471,45.212769
141.308319,45.1888810000001
141.320526,45.176941
141.327454,45.1686020000001
141.333038,45.159714
141.334686,45.1547090000001
141.332458,45.1488800000001
141.328308,45.1433260000001
141.310791,45.123878
141.285797,45.1041640000001
141.279968,45.101387
141.25943,45.0980450000001
