"V1","V2"
-74.0458369999999,-51.3791729999999
-74.053894,-51.3808359999999
-74.0780789999999,-51.37764
-74.090286,-51.372223
-74.1005709999999,-51.364723
-74.1033479999999,-51.359726
-74.119736,-51.298058
-74.1200099999999,-51.291946
-74.1188959999999,-51.285004
-74.1089019999999,-51.240005
-74.106949,-51.233894
-74.103058,-51.229172
-74.0972289999999,-51.225838
-74.089172,-51.224167
-74.070007,-51.223061
-74.001404,-51.230003
-73.991669,-51.2311169999999
-73.976959,-51.2361149999999
-73.9719539999999,-51.239723
-73.968063,-51.244171
-73.965012,-51.25528
-73.952515,-51.306396
-73.954178,-51.326393
-73.955841,-51.332504
-74.0458369999999,-51.3791729999999
