"V1","V2"
-51.10778,-0.539999999999964
-51.115562,-0.544166999999959
-51.131393,-0.543610999999942
-51.140839,-0.540832999999964
-51.1497269999999,-0.534721999999988
-51.1511149999999,-0.527221999999995
-51.150284,-0.518889000000001
-51.13195,-0.403055999999935
-51.128334,-0.395555999999942
-51.046951,-0.284443999999951
-51.043335,-0.281110999999953
-51.0347289999999,-0.283055999999931
-51.02639,-0.288055999999926
-50.949722,-0.338055999999995
-50.946114,-0.346110999999951
-50.946671,-0.353888999999981
-50.950279,-0.361943999999937
-50.959167,-0.368056000000024
-50.966667,-0.370833000000005
-50.987228,-0.37305600000002
-51.013893,-0.379722000000015
-51.023613,-0.383332999999993
-51.047501,-0.39888899999994
-51.061951,-0.424443999999994
-51.065559,-0.432499999999948
-51.081116,-0.481110999999999
-51.090836,-0.508055999999954
-51.097778,-0.523611000000017
-51.10778,-0.539999999999964
