"V1","V2"
-74.4113919999999,-48.530006
-74.4200129999999,-48.530838
-74.42807,-48.529167
-74.434616,-48.525566
-74.454727,-48.492226
-74.497787,-48.440002
-74.5050049999999,-48.4313959999999
-74.5100099999999,-48.421394
-74.5116729999999,-48.410835
-74.497787,-48.39917
-74.49028,-48.397507
-74.4822239999999,-48.398056
-74.4738919999999,-48.3997269999999
-74.45195,-48.40667
-74.377228,-48.4350049999999
-74.32695,-48.457779
-74.309448,-48.467224
-74.301956,-48.475838
-74.3008419999999,-48.481392
-74.301392,-48.4869459999999
-74.304169,-48.4924999999999
-74.316391,-48.498062
-74.3361209999999,-48.50528
-74.3905639999999,-48.523613
-74.4113919999999,-48.530006
