"V1","V2"
-50.2375029999999,0.350833000000023
-50.254173,0.341944000000126
-50.286118,0.346667000000082
-50.294449,0.348056000000099
-50.301949,0.35194400000006
-50.306946,0.361111000000051
-50.31028,0.378056000000015
-50.313057,0.395277999999962
-50.317223,0.428889000000083
-50.3177799999999,0.463055999999995
-50.3177799999999,0.472778000000062
-50.316391,0.48166700000013
-50.314445,0.489167000000009
-50.30806,0.506389000000013
-50.2552799999999,0.569444000000033
-50.2333369999999,0.591111000000069
-50.0805589999999,0.650833000000034
-50.071671,0.650278000000071
-50.063614,0.646111000000133
-50.0561139999999,0.640000000000043
-50.027229,0.603054999999927
-50.024445,0.595278000000064
-50.022507,0.576111000000083
-50.0216669999999,0.558332999999948
-50.023056,0.541944000000001
-50.148056,0.413888999999926
-50.2375029999999,0.350833000000023
