"V1","V2"
-73.891113,-73.425003
-73.9144589999999,-73.428894
-73.936401,-73.42334
-73.9586179999999,-73.416397
-73.9836119999999,-73.4030609999999
-74.033066,-73.369736
-74.0411219999999,-73.363068
-74.055847,-73.343063
-74.064178,-73.3255619999999
-74.05307,-73.3125
-74.0427859999999,-73.306122
-74.013336,-73.293625
-73.975006,-73.280838
-73.932236,-73.268341
-73.90834,-73.262222
-73.889175,-73.256119
-73.81279,-73.230835
-73.79834,-73.224457
-73.788345,-73.218063
-73.777237,-73.205292
-73.7763979999999,-73.198624
-73.758453,-73.172272
-73.753342,-73.166397
-73.743347,-73.160004
-73.724457,-73.153625
-73.701126,-73.148621
-73.678345,-73.1450039999999
-73.58667,-73.1355589999999
-73.5416719999999,-73.136124
-73.5197299999999,-73.140289
-73.506958,-73.146957
-73.4989009999999,-73.153625
-73.4971919999999,-73.156784
-73.491669,-73.1666719999999
-73.493622,-73.179733
-73.502792,-73.1972349999999
-73.508057,-73.2039029999999
-73.5458369999999,-73.249176
-73.5722349999999,-73.275009
-73.6033479999999,-73.3005679999999
-73.628616,-73.320007
-73.658615,-73.339172
-73.718338,-73.371124
-73.747513,-73.383896
-73.785843,-73.396393
-73.891113,-73.425003
