"V1","V2"
-74.017792,-45.43306
-73.999451,-45.434723
-73.981674,-45.4341739999999
-73.9719539999999,-45.434723
-73.9652859999999,-45.437225
-73.954178,-45.4433359999999
-73.945007,-45.450836
-73.917786,-45.460007
-73.906403,-45.4661179999999
-73.902237,-45.4697269999999
-73.895279,-45.4722289999999
-73.886673,-45.473335
-73.87973,-45.471672
-73.873337,-45.46917
-73.852234,-45.456673
-73.839737,-45.451668
-73.8313899999999,-45.452782
-73.824722,-45.4552839999999
-73.820007,-45.458893
-73.8175049999999,-45.46389
-73.8158419999999,-45.475838
-73.8216709999999,-45.49334
-73.824448,-45.498894
-73.833893,-45.5133359999999
-73.839172,-45.52417
-73.8425139999999,-45.528893
-73.8469539999999,-45.532784
-73.850281,-45.537506
-73.854736,-45.541389
-73.858063,-45.5458369999999
-73.8608399999999,-45.551392
-73.863342,-45.5644449999999
-73.865845,-45.569725
-73.8739009999999,-45.570557
-73.881668,-45.568893
-73.898056,-45.559723
-73.908066,-45.559174
-73.9233399999999,-45.555557
-73.9325099999999,-45.548058
-73.934723,-45.54306
-73.9383389999999,-45.538895
-73.943893,-45.535835
-73.961395,-45.53334
-73.980835,-45.532501
-73.9963989999999,-45.528618
-74.0016779999999,-45.525558
-74.009445,-45.523895
-74.016113,-45.521393
-74.041397,-45.517227
-74.0500029999999,-45.5175019999999
-74.056396,-45.51973
-74.0722349999999,-45.529167
-74.094452,-45.533615
-74.1050109999999,-45.540001
-74.109451,-45.543892
-74.112793,-45.54834
-74.12056,-45.5644449999999
-74.127792,-45.573891
-74.1319579999999,-45.577782
-74.139175,-45.579445
-74.14473,-45.5763929999999
-74.1441799999999,-45.56945
-74.142227,-45.563339
-74.14389,-45.559723
-74.142227,-45.5536119999999
-74.13945,-45.54834
-74.138062,-45.534729
-74.134445,-45.522224
-74.1319579999999,-45.516945
-74.1275019999999,-45.513062
-74.121399,-45.5105589999999
-74.114182,-45.508896
-74.1089019999999,-45.505836
-74.108337,-45.500282
-74.111115,-45.489174
-74.110291,-45.4836119999999
-74.107788,-45.47834
-74.1008449999999,-45.4688949999999
-74.0919489999999,-45.461113
-74.088623,-45.456673
-74.084167,-45.452782
-74.077225,-45.4427799999999
-74.071945,-45.431946
-74.063339,-45.4241709999999
-74.0569459999999,-45.421669
-74.049179,-45.4208369999999
-74.042236,-45.421951
-74.031403,-45.428062
-74.017792,-45.43306
