"V1","V2"
160.299408,-9.05805600000002
160.289154,-9.10888899999998
160.284973,-9.11833199999995
160.278046,-9.12499999999994
160.264435,-9.13194299999992
160.229401,-9.102777
160.22467,-9.09999800000003
160.195801,-9.08916699999992
160.191925,-9.08777800000001
160.149994,-9.08999999999992
160.14386,-9.09055499999994
160.136383,-9.09666600000003
160.130798,-9.09805499999993
160.120514,-9.09611100000001
160.111084,-9.09194400000001
160.107452,-9.08861200000001
160.07608,-9.04666699999996
160.078033,-9.04194499999994
160.163025,-9.00666799999993
160.187744,-8.99722099999997
160.192474,-8.996666
160.240509,-9.00388899999996
160.245789,-9.00528000000003
160.290527,-9.03972199999998
160.296082,-9.04805599999992
160.299408,-9.05805600000002
