"V1","V2"
5.1852770000001,60.506104
5.17250000000001,60.505829
5.10166600000014,60.5330510000001
5.07722200000001,60.5416640000001
5.02972199999999,60.546661
4.98722200000003,60.5611040000001
4.92805499999997,60.600555
4.92694400000011,60.60527
5.01083299999999,60.600555
5.02194400000002,60.599159
5.10361100000011,60.583328
5.11333300000001,60.581108
5.12166600000006,60.578049
5.16361000000006,60.557495
5.18388800000008,60.5469440000001
5.189166,60.5427700000001
5.19694399999997,60.5327760000001
5.19916599999999,60.5272220000001
5.19833299999999,60.5136109999999
5.19388900000001,60.5088880000001
5.1852770000001,60.506104
