"V1","V2"
176.848297,-2.669445
176.842743,-2.67083399999996
176.838013,-2.66888899999998
176.830536,-2.66250000000002
176.824402,-2.65499999999992
176.81665,-2.64833399999992
176.814148,-2.64472199999994
176.796356,-2.628333
176.792206,-2.62555600000002
176.776367,-2.620833
176.771637,-2.61194499999993
176.774139,-2.60777799999994
176.780548,-2.60722299999992
176.790802,-2.60777799999994
176.801636,-2.61055599999992
176.809967,-2.61611099999993
176.812744,-2.62
176.817474,-2.62222200000002
176.825806,-2.62777799999998
176.833313,-2.63388899999995
176.842743,-2.64472199999994
176.847473,-2.65361100000001
176.85025,-2.66472199999998
176.848297,-2.669445
