"V1","V2"
-36.9955519999999,65.5844270000001
-37.0072249999999,65.5838780000001
-37.0238879999999,65.585541
-37.092773,65.603592
-37.105278,65.6069340000001
-37.114166,65.6119230000001
-37.2072219999999,65.669983
-37.2138899999999,65.6794280000001
-37.2125019999999,65.6844180000001
-37.2013929999999,65.6885830000001
-37.090836,65.7260890000001
-37.0797269999999,65.729431
-37.067505,65.726929
-36.992226,65.701096
-36.937775,65.6735990000001
-36.909439,65.646378
-36.910828,65.641663
-36.9955519999999,65.5844270000001
