"V1","V2"
-55.9019389999999,47.602493
-55.9230579999999,47.5994340000001
-55.94722,47.6019360000001
-56.013336,47.611664
-56.097778,47.627487
-56.1055599999999,47.630821
-56.109169,47.6349950000001
-56.113617,47.644714
-56.112221,47.6497190000001
-56.106667,47.6547090000001
-56.1002809999999,47.657211
-56.005836,47.680275
-55.941109,47.6891560000001
-55.933884,47.688324
-55.9286119999999,47.684433
-55.927498,47.676659
-55.9344409999999,47.6588820000001
-55.9344409999999,47.653877
-55.932503,47.643883
-55.93,47.639435
-55.926392,47.635269
-55.914162,47.628326
-55.889442,47.6188810000001
-55.876389,47.611664
-55.8824999999999,47.6077730000001
-55.9019389999999,47.602493
