"V1","V2"
97.61499,80.1655430000001
97.7035980000001,80.1558230000001
97.826935,80.124695
98.034424,80.06749
97.9711000000001,80.0066530000001
97.828598,79.9260859999999
97.6486049999999,79.8338780000001
97.632111,79.8018419999999
97.6299740000001,79.782761
97.623871,79.7763820000001
97.538315,79.758881
97.4491420000001,79.7422030000001
97.397491,79.7358090000001
97.290268,79.7236020000001
97.2608180000001,79.721375
97.234985,79.7180480000001
97.2130430000001,79.713882
97.1947020000001,79.708603
97.193039,79.702209
97.2063749999999,79.69693
97.2394260000001,79.6983180000001
97.5491490000001,79.737488
97.6494290000001,79.751389
97.719986,79.7630460000001
97.7211,79.7686
97.7158200000001,79.781662
97.723602,79.8033140000001
97.7422030000001,79.8083190000001
97.821106,79.8277740000001
97.866379,79.836105
97.8933260000001,79.862762
97.877472,79.8746950000001
97.8749850000001,79.881088
97.881363,79.8874970000001
97.8966520000001,79.8933260000001
97.941925,79.901657
97.9719240000001,79.90387
98.0430450000001,79.9058230000001
98.077209,79.903046
98.1766510000001,79.8877720000001
98.2238770000001,79.8797000000001
98.2419280000001,79.8749850000001
98.288879,79.867203
98.3174900000001,79.8638760000001
98.35498,79.864151
98.3849950000001,79.866379
98.4005430000001,79.8724819999999
98.439697,79.892212
98.580826,79.9716490000001
98.5785980000001,79.9783170000001
98.542206,79.987488
98.5186,79.991653
98.4605410000001,79.9983220000001
98.4422000000001,80.0027770000001
98.434708,80.0088809999999
98.4702610000001,80.037491
98.482208,80.0444340000001
98.505554,80.048599
98.5285950000001,80.052475
98.5702670000001,80.0519260000001
98.604706,80.0494230000001
98.633606,80.045822
98.670258,80.036652
98.693863,80.0327610000001
98.7283170000001,80.029984
98.7697140000001,80.029434
98.803864,80.030548
98.906097,80.0385890000001
99.0230410000001,80.046646
99.0616460000001,80.04776
99.148331,80.045822
99.1880340000001,80.0435940000001
99.2169339999999,80.040268
99.240265,80.0361020000001
99.3735960000001,79.997482
99.445251,79.974701
99.4969330000001,79.9469300000001
99.5041660000001,79.9410860000001
99.5502620000001,79.9330439999999
99.589706,79.9308170000001
99.6611020000001,79.932205
99.6841430000001,79.92804
99.801086,79.9010930000001
100.015266,79.824158
100.069443,79.780548
100.076103,79.774704
100.063309,79.767761
100.043587,79.762772
99.965271,79.7430420000001
99.8983310000001,79.74054
99.7760930000001,79.6349950000001
99.7255400000001,79.5749970000001
99.6847080000001,79.466934
99.6922000000001,79.3897090000001
99.7005460000001,79.3769230000001
99.712204,79.3716430000001
99.7341460000001,79.367477
99.7460940000001,79.362198
99.6833189999999,79.309708
99.6591490000001,79.295822
99.601379,79.291367
99.5944369999999,79.276932
99.578873,79.2708280000001
99.4558260000001,79.2469330000001
99.3883210000001,79.261658
99.3205410000001,79.2808229999999
99.281372,79.289429
99.214996,79.301651
99.1877590000001,79.3052520000001
99.15387,79.3063660000001
99.118042,79.306091
99.089432,79.303864
99.063873,79.3008120000001
99.0419310000001,79.296646
99.0352629999999,79.290268
99.042206,79.284424
99.059418,79.2797090000001
99.4169309999999,79.194138
99.438583,79.1899720000001
99.487488,79.18248
99.5144349999999,79.179153
99.5849909999999,79.1672060000001
99.6016540000001,79.162491
99.608322,79.156647
99.5930480000001,79.150543
99.5744320000001,79.145538
99.5105440000001,79.1430510000001
99.4885860000001,79.138885
99.4852600000001,79.1316530000001
99.501938,79.126923
99.5288700000001,79.1233060000001
99.560532,79.1205290000001
99.7027740000001,79.1110990000001
99.7344210000001,79.108032
99.8146970000001,79.0974880000001
99.8477630000001,79.0880430000001
99.8591460000001,79.0827640000001
99.9460910000001,78.9680480000001
99.9388730000001,78.9533230000001
99.930267,78.945526
99.9149930000001,78.939423
99.8966520000001,78.934418
99.874985,78.9302670000001
99.8502660000001,78.9272
99.785263,78.914993
99.723877,78.9016570000001
99.687485,78.8916630000001
99.656647,78.8788600000001
99.644989,78.8719180000001
99.6366580000001,78.8638760000001
99.518051,78.83638
99.4752660000001,78.8280489999999
99.426086,78.8219300000001
99.3949890000001,78.8205410000001
99.360535,78.8202669999999
99.288315,78.824707
99.209717,78.8269350000001
99.178589,78.8255460000001
99.1505429999999,78.823318
99.0183260000001,78.810257
98.856094,78.8138730000001
98.653046,78.8105320000001
98.591095,78.8080290000001
98.5666660000001,78.8047030000001
98.5572050000001,78.799423
98.5999909999999,78.7910920000001
98.602203,78.7844240000001
98.5844270000001,78.779434
98.559982,78.776093
98.3424840000001,78.7791599999999
98.304977,78.7797090000001
98.288315,78.7844240000001
98.281372,78.790268
98.257492,78.8010860000001
98.2213750000001,78.8033140000001
98.1835940000001,78.8038640000001
98.016388,78.806366
97.8705290000001,78.8088680000001
97.743317,78.818329
97.646553,78.8302690000001
97.6010890000001,78.8394320000001
97.5841520000001,78.8441470000001
97.555817,78.845825
97.411377,78.845825
97.3047030000001,78.8452610000001
97.2730410000001,78.848038
97.246368,78.8513790000001
97.119705,78.8816530000001
97.033325,78.904984
96.956375,78.9294280000001
96.8672030000001,78.9649959999999
96.6927490000001,78.991653
96.5285950000001,78.9902650000001
96.3477630000001,78.9891509999999
96.306091,78.9902650000001
96.282211,78.992477
96.30304,78.9969330000001
96.3513790000001,79.0036010000001
96.368317,79.008881
96.36998,79.0160980000001
96.3474880000001,79.0199890000001
96.310532,79.0219270000001
96.272217,79.0222170000001
96.2060999999999,79.0202639999999
96.181931,79.016937
96.161102,79.012497
96.084717,79.0024870000001
96.0016630000001,78.99498
95.9705350000001,78.993591
95.9358060000001,78.992752
95.695251,78.9972080000001
95.666656,78.9988710000001
95.6535950000001,79.0041660000001
95.649994,79.010818
95.642212,79.0452580000001
95.648041,79.053314
95.6674800000001,79.067215
95.569153,79.0961
95.5330510000001,79.1052550000001
95.495529,79.107208
95.4641570000001,79.1055450000001
95.4085999999999,79.1005400000001
95.3847200000001,79.096939
95.364151,79.0927580000001
95.347214,79.0874940000001
95.3341520000001,79.0813750000001
95.2836,79.065536
95.150818,79.042206
95.123032,79.039703
95.0883180000001,79.0388790000001
95.007767,79.0402680000001
94.9847110000001,79.0441440000001
94.7772059999999,79.084427
94.6999970000001,79.109146
94.6494289999999,79.1663820000001
94.649994,79.173599
94.6461030000001,79.180267
94.641937,79.18692
94.6330410000001,79.192749
94.614426,79.1972050000001
94.5677640000001,79.2049870000001
94.5066530000001,79.210541
94.450272,79.2166600000001
94.4266509999999,79.2205350000001
94.3660889999999,79.2333220000001
94.333603,79.243042
94.3244320000001,79.248871
94.3202670000001,79.2552640000001
94.3110960000001,79.344711
94.3199920000001,79.3963780000001
94.3385930000001,79.410263
94.3533170000001,79.4255370000001
94.3588710000001,79.4333190000001
94.3558200000001,79.454437
94.346649,79.460266
94.3324890000001,79.4655460000001
94.2944340000001,79.4744260000001
94.270538,79.478317
94.2355350000001,79.4791560000001
94.095535,79.4749910000001
94.06749,79.472214
94.049988,79.466385
94.054428,79.4597170000001
94.0824890000001,79.4422
94.073318,79.434982
94.0527650000001,79.430542
93.988876,79.4272
93.9491420000001,79.4272
93.9155430000001,79.429703
93.886658,79.4327549999999
93.7094270000001,79.4519350000001
93.698868,79.4561000000001
93.7233120000001,79.4597170000001
93.807755,79.467484
93.9360960000001,79.4744260000001
93.9605410000001,79.4780430000001
93.9902650000001,79.489426
93.9808200000001,79.495255
93.908325,79.4991459999999
93.826096,79.5091550000001
93.6888730000001,79.5369260000001
93.687195,79.5410920000001
93.719437,79.5427550000001
93.747757,79.545532
93.772217,79.5488740000001
93.789154,79.554153
93.8538670000001,79.5849910000001
93.8799740000001,79.5974880000001
93.878036,79.6013790000001
93.799988,79.604706
93.771378,79.6022030000001
93.746933,79.598602
93.726089,79.594147
93.709152,79.5891570000001
93.5280460000001,79.5355379999999
93.4616550000001,79.514435
93.4488680000001,79.508331
93.4399720000001,79.5010990000001
93.4447020000001,79.494705
93.4638820000001,79.4758150000001
93.357208,79.4530490000001
93.3330540000001,79.4494170000001
93.2524870000001,79.440536
93.224426,79.4377590000001
93.193588,79.4377590000001
93.1647030000001,79.440536
93.1499940000001,79.445816
93.1258090000001,79.45665
93.116089,79.462769
93.124695,79.4697110000001
93.141098,79.4749910000001
93.213608,79.485535
93.2458189999999,79.4874880000001
93.3019260000001,79.4927520000001
93.318604,79.498032
93.2844240000001,79.514709
93.2699890000001,79.519989
93.235809,79.522217
93.156097,79.522217
93.0447080000001,79.5285950000001
92.850815,79.5538639999999
92.8594210000001,79.561096
92.923874,79.5646970000001
92.9630430000001,79.563034
93.0216520000001,79.557205
93.0705410000001,79.5497130000001
93.0899810000001,79.545258
93.1144260000001,79.541656
93.1486049999999,79.539429
93.188583,79.539429
93.256943,79.5419310000001
93.2813720000001,79.545532
93.630264,79.6116490000001
93.6461029999999,79.6152650000001
93.7794340000001,79.6688690000001
93.7899780000001,79.684708
93.7991490000001,79.6916500000001
93.850266,79.707489
94.0791630000001,79.7652739999999
94.104156,79.7686
94.281937,79.7833250000001
94.3477629999999,79.7866520000001
94.413605,79.7899780000001
94.512772,79.7949830000001
94.6160890000001,79.81192
94.631653,79.8266600000001
94.5383150000001,79.842484
94.424698,79.8555450000001
94.345825,79.866089
94.2222140000001,79.8977659999999
94.2255400000001,79.902481
94.3599850000001,79.949142
94.4322050000001,79.9660950000001
94.4736020000001,79.9658200000001
94.613312,79.980545
94.6388850000001,79.9838710000001
94.751663,80.00444
94.773315,80.0088809999999
94.9230350000001,80.052475
94.93692,80.058594
94.9433140000001,80.066666
94.938873,80.073044
94.9108120000001,80.090546
94.910538,80.0961
94.9366460000001,80.0994260000001
94.970535,80.101089
95.006943,80.1002660000001
95.089981,80.0758210000001
95.104431,80.070831
95.108597,80.064148
95.1063690000001,80.0499879999999
95.2333220000001,80.017212
95.2694400000001,80.0163880000001
95.2994230000001,80.0188749999999
95.3252720000001,80.0222170000001
95.3433230000001,80.027206
95.3535920000001,80.0344240000001
95.357483,80.055817
95.3533170000001,80.0621950000001
95.3547059999999,80.0694430000001
95.3649900000001,80.076385
95.3936,80.0885930000001
95.4380340000001,80.097214
95.490265,80.103867
95.580276,80.1113740000001
95.9683230000001,80.106094
96.098328,80.094711
96.101929,80.0883180000001
96.138321,80.0874940000001
96.1763760000001,80.088043
96.36998,80.095535
96.4380340000001,80.0986020000001
96.7283170000001,80.113876
96.914154,80.1271970000001
97.051086,80.1522060000001
97.0699920000001,80.157486
97.0852659999999,80.163315
97.111923,80.166656
97.1424870000001,80.168869
97.1844180000001,80.168594
97.3163759999999,80.1638790000001
97.4922030000001,80.1699829999999
97.5341490000001,80.1697080000001
97.61499,80.1655430000001
