"V1","V2"
-46.443886,82.832489
-46.532776,82.8305510000001
-46.633057,82.8311
-46.675003,82.832214
-46.7266619999999,82.834717
-46.75695,82.8363800000001
-46.799995,82.839981
-46.864723,82.8547059999999
-46.988892,82.87915
-47.1261059999999,82.9033200000001
-47.1883319999999,82.911377
-47.251945,82.9246980000001
-47.2625049999999,82.930817
-47.253059,82.9324800000001
-47.220833,82.9341430000001
-47.188606,82.9333190000001
-47.0336149999999,82.9255370000001
-46.901939,82.917755
-46.8686069999999,82.9147030000001
-46.8186109999999,82.906097
-46.7563929999999,82.8899840000001
-46.680283,82.869705
-46.569168,82.8555450000001
-46.4283369999999,82.839706
-46.415276,82.8377690000001
-46.407501,82.8361050000001
-46.410278,82.834717
-46.443886,82.832489
