"V1","V2"
85.534424,74.1274720000001
85.5030520000001,74.1274720000001
85.4844210000001,74.130814
85.4844210000001,74.1410980000001
85.4999999999999,74.1452639999999
85.5188750000001,74.14888
85.562759,74.15387
85.5783230000001,74.158325
85.568878,74.1641540000001
85.52832,74.1702580000001
85.487488,74.1760860000001
85.4655460000001,74.178864
85.4402620000001,74.1805419999999
85.4213710000001,74.183868
85.408875,74.189697
85.424698,74.1924740000001
85.5313720000001,74.1871949999999
85.5563660000001,74.185532
85.5785980000001,74.1830440000001
85.60054,74.1802670000001
85.619141,74.1769260000001
85.6410980000001,74.1744230000001
85.7327880000001,74.168625
85.7258150000001,74.160538
85.7005460000001,74.141937
85.681656,74.138596
85.6597140000001,74.135818
85.534424,74.1274720000001
