"V1","V2"
5.84055500000011,62.239998
5.82722200000001,62.2397159999999
5.85110999999995,62.274437
5.85166600000014,62.27861
5.83694400000007,62.327774
5.83444400000002,62.333328
5.80944400000004,62.3344420000001
5.80083300000007,62.337494
5.79999900000001,62.3436050000001
5.80305500000009,62.360832
5.80499900000001,62.366943
5.82805500000001,62.3913880000001
5.84277700000007,62.405548
5.84916600000008,62.4094390000001
5.86472099999992,62.4161070000001
5.89222099999995,62.423882
5.91361000000012,62.427498
5.92694400000005,62.4280550000001
5.93722200000013,62.4269410000001
5.95777699999996,62.4224930000001
5.97194400000012,62.4152760000001
5.97750000000013,62.4111100000001
6.02666699999997,62.3527760000001
6.023889,62.3272170000001
5.94222200000013,62.282219
5.92833300000007,62.2747190000001
5.90027700000002,62.260277
5.87083200000001,62.2463840000001
5.86166600000013,62.2438890000001
5.84055500000011,62.239998
