"V1","V2"
-115.173889,28.0274960000001
-115.179459,28.024719
-115.263344,28.072498
-115.310013,28.100277
-115.326683,28.1383320000001
-115.321953,28.141109
-115.306122,28.1544420000001
-115.298889,28.161663
-115.263344,28.2061079999999
-115.254463,28.218887
-115.249733,28.2283330000001
-115.249451,28.2352750000001
-115.250839,28.2405550000001
-115.264717,28.2691649999999
-115.278343,28.3041650000001
-115.280006,28.309719
-115.280563,28.3158300000001
-115.278633,28.3283310000001
-115.266113,28.351944
-115.256668,28.3638880000001
-115.251678,28.366665
-115.240837,28.3705520000001
-115.22612,28.3694420000001
-115.220573,28.3672220000001
-115.216949,28.3638880000001
-115.210854,28.355553
-115.178886,28.3088870000001
-115.146118,28.178886
-115.143066,28.1547199999999
-115.168327,28.0361100000001
-115.170013,28.0308300000001
-115.173889,28.0274960000001
