"V1","V2"
127.296371,73.5172120000001
127.464996,73.4802700000001
127.594437,73.482483
127.726929,73.4794310000001
127.784714,73.4774780000001
127.976646,73.4702610000001
128.073853,73.4060970000001
128.073578,73.3997190000001
128.060516,73.3930510000001
128.082733,73.3580320000001
128.191925,73.356369
128.344696,73.3572080000001
128.365234,73.3522030000001
128.356354,73.3455350000001
128.343292,73.338593
128.330261,73.33194
128.313019,73.324707
128.299988,73.317764
128.258606,73.2736050000001
128.256653,73.2624970000001
128.390259,73.248322
128.506927,73.254166
128.526367,73.257492
128.568024,73.25972
128.632721,73.2591550000001
128.655243,73.2577670000001
128.726898,73.245255
128.892761,73.211105
128.972198,73.1780400000001
128.971344,73.1716460000001
128.966644,73.1652680000001
128.956909,73.1524810000001
128.948029,73.1458280000001
128.865234,73.119431
128.784973,73.082214
128.776093,73.075546
128.775269,73.0691530000001
128.787201,73.0635990000001
128.864136,73.0774840000001
128.899994,73.089157
128.917206,73.0961
128.930267,73.103043
128.947479,73.1099850000001
128.965515,73.1158140000001
129.003601,73.1238710000001
129.022766,73.1271970000001
129.042755,73.129425
129.083588,73.132477
129.097473,73.130814
129.105225,73.124985
129.118835,73.100815
129.118286,73.094711
129.083588,73.043594
129.078857,73.0369260000001
129.052765,73.0233150000001
129.022491,73.00943
129.005249,73.002487
128.987183,72.996643
128.950256,72.987488
128.642212,72.934982
128.622467,72.932755
128.501373,72.9227600000001
128.418579,72.919708
128.376068,72.920258
128.336639,72.915543
128.299133,72.907486
128.24884,72.8861080000001
128.219116,72.872208
128.21051,72.86554
128.210236,72.859421
128.233582,72.841934
128.245239,72.8363800000001
128.24884,72.8302760000001
128.244415,72.8238830000001
128.231079,72.8180540000001
128.174133,72.8077550000001
128.134979,72.8030400000001
128.075256,72.797485
127.974152,72.790817
127.934982,72.786102
127.896652,72.780273
127.821114,72.7663880000001
127.784988,72.756943
127.7686,72.74971
127.756104,72.742752
127.738876,72.736923
127.683868,72.7238770000001
127.646378,72.7169340000001
127.563026,72.7160950000001
127.51944,72.718597
127.496094,72.7222140000001
127.452477,72.724701
127.431664,72.724991
127.391937,72.721375
127.335823,72.710815
127.317757,72.7058260000001
127.093597,72.631927
126.958038,72.5838780000001
126.924149,72.5719300000001
126.868591,72.561096
126.766663,72.5513760000001
126.746643,72.550262
126.663307,72.550262
126.643883,72.54776
126.589432,72.535812
126.52887,72.514435
126.494141,72.4736020000001
126.494431,72.4611050000001
126.514427,72.4497070000001
126.526657,72.4441380000001
126.558594,72.4335940000001
126.578598,72.428589
126.586647,72.42276
126.586647,72.416656
126.58194,72.411377
126.564423,72.4063720000001
126.546097,72.4027710000001
126.526932,72.4005429999999
126.496628,72.4021450000001
126.483871,72.405823
126.427757,72.427475
126.367477,72.454987
126.339157,72.472214
126.322769,72.483597
126.306641,72.495255
126.302467,72.5010990000001
126.3022,72.507492
126.342484,72.6913600000001
126.441933,72.7785950000001
126.449997,72.785538
126.449707,72.791656
126.44165,72.803589
126.420822,72.821106
126.404427,72.8327640000001
126.367477,72.8491519999999
126.346939,72.8605350000001
126.334427,72.872208
126.330276,72.8783110000001
126.329987,72.890549
126.333878,72.897217
126.349991,72.9105380000001
126.361923,72.91748
126.397774,72.9272000000001
126.453049,72.9391479999999
126.50943,72.950272
126.617203,72.978867
126.652206,72.9897
126.665268,72.995529
126.681664,73.0088810000001
126.681664,73.015274
126.734993,73.0555420000001
126.771927,73.076385
126.775818,73.095535
126.766663,73.167755
126.762772,73.173599
126.737762,73.190811
126.613037,73.245819
126.604713,73.251663
126.60054,73.257492
126.612488,73.3266600000001
126.626083,73.3777620000001
126.659416,73.416931
126.688583,73.4371950000001
126.7061,73.4433140000001
126.726929,73.444427
126.761383,73.4297030000001
126.769707,73.4238740000001
126.769707,73.4177550000001
126.774147,73.4055480000001
126.786652,73.387772
126.794983,73.3819270000001
126.815811,73.3769230000001
126.827477,73.3788600000001
126.835823,73.385544
126.905548,73.4508210000001
126.922493,73.489151
126.92276,73.495255
126.914146,73.501099
126.897491,73.506378
126.872208,73.511108
126.828598,73.5172120000001
126.833603,73.5224910000001
126.853043,73.526093
126.913597,73.5333250000001
126.955833,73.5355380000001
127.041656,73.537766
127.063599,73.537766
127.192467,73.5349880000001
127.237762,73.5324859999999
127.296371,73.5172120000001
