"V1","V2"
-50.243057,0.229444000000115
-50.252785,0.229444000000115
-50.262222,0.231389000000092
-50.2705609999999,0.240277999999989
-50.271118,0.248056000000133
-50.2677839999999,0.256943999999976
-50.261673,0.267222000000004
-50.2519449999999,0.274722000000111
-50.1841739999999,0.324167000000045
-50.1669459999999,0.328055999999947
-50.127228,0.333611000000019
-50.112228,0.335000000000036
-50.090279,0.328055999999947
-50.083618,0.32000000000005
-50.0880579999999,0.3125
-50.105835,0.298611000000108
-50.228058,0.23277800000011
-50.235558,0.230000000000075
-50.243057,0.229444000000115
