"V1","V2"
-3.12805599999996,-70.504181
-3.22166700000002,-70.507507
-3.27249999999998,-70.503891
-3.30777799999998,-70.498337
-3.32055599999995,-70.491959
-3.32972199999995,-70.483337
-3.32861100000002,-70.47612
-3.29944499999993,-70.4158479999999
-3.28277799999995,-70.382507
-3.26861100000002,-70.3630679999999
-3.25194499999998,-70.351395
-3.204722,-70.3300019999999
-3.17083399999996,-70.320847
-3.13694500000003,-70.311951
-3.11805600000002,-70.3075099999999
-3.05166699999995,-70.2966769999999
-3.02583399999992,-70.293335
-2.95055599999995,-70.285004
-2.87833399999994,-70.279175
-2.83861100000001,-70.2780609999999
-2.79888899999992,-70.280014
-2.78138899999999,-70.282791
-2.762429,-70.287186
-2.74777799999998,-70.289459
-2.71583399999997,-70.297226
-2.69666699999999,-70.306671
-2.68555600000002,-70.3141779999999
-2.64666699999992,-70.407501
-2.64416699999992,-70.415283
-2.65722199999999,-70.424728
-2.69222300000001,-70.440842
-2.71944499999995,-70.448059
-2.767222,-70.458069
-2.81111099999993,-70.4664
-2.88499999999999,-70.476395
-3.10388899999992,-70.5022279999999
-3.12805599999996,-70.504181
