"V1","V2"
117.689697,3.97416599999997
117.683319,3.97361000000001
117.6772,3.97416599999997
117.672493,3.97638799999999
117.659988,3.98444400000005
117.611366,4.018055
117.605263,4.02555500000005
117.603317,4.03027700000013
117.599152,4.04666600000007
117.596367,4.06444400000004
117.594994,4.07694400000008
117.597763,4.08777700000007
117.60054,4.09194400000007
117.610786,4.10215099999994
117.612198,4.10610999999994
117.631363,4.12805500000007
117.641663,4.13833200000005
117.646378,4.14027700000003
117.658043,4.14249900000004
117.663597,4.14111000000003
117.66832,4.13888800000007
117.676651,4.13361100000009
117.74498,4.07749900000005
117.75,4.06860999999998
117.751389,4.06305400000014
117.750549,4.05027700000011
117.72998,4.00222200000002
117.727203,3.99833300000012
117.719711,3.99194399999993
117.689697,3.97416599999997
