"V1","V2"
8.26861000000014,63.158882
8.21749899999998,63.1561050000001
8.20888700000006,63.1591640000001
8.19360900000004,63.1852720000001
8.17833299999995,63.2113879999999
8.17944299999999,63.2169420000001
8.18472100000002,63.221664
8.19305400000013,63.2247159999999
8.20277600000003,63.2269440000001
8.21527699999996,63.2280500000001
8.230276,63.227493
8.23916600000001,63.224442
8.27805499999999,63.1947169999999
8.30472200000003,63.1727750000001
8.30833200000012,63.16777
8.309166,63.163055
8.26861000000014,63.158882
