"V1","V2"
96.3663790000001,76.3010860000001
96.6444400000001,76.262772
96.6458280000001,76.2591550000001
96.6494290000001,76.2488710000001
96.5966490000001,76.159424
96.592209,76.152771
96.569153,76.150269
96.5466460000001,76.153595
96.5361020000001,76.159149
96.5219269999999,76.1860960000001
96.5233150000001,76.193588
96.5344240000001,76.2102660000001
96.5513760000001,76.224701
96.5399780000001,76.2344210000001
96.4641570000001,76.2652740000001
96.4494170000001,76.2699890000001
96.4255370000001,76.2719270000001
96.399429,76.270264
96.3763730000001,76.267761
96.362198,76.262207
96.350815,76.2558290000001
96.309708,76.1930390000001
96.3844300000001,76.176651
96.405823,76.1658169999999
96.39444,76.1433259999999
96.367477,76.1019290000001
96.35054,76.097488
96.333878,76.098877
96.3191530000001,76.103867
96.250275,76.128311
96.199707,76.1488800000001
96.176926,76.152206
96.145264,76.152481
96.0102690000001,76.1463780000001
95.9785920000001,76.146652
95.8380429999999,76.154434
95.811371,76.1569369999999
95.716385,76.169708
95.700546,76.17276
95.6710970000001,76.182205
95.6641540000001,76.1883090000001
95.633781,76.194801
95.564987,76.2002720000001
95.531204,76.200829
95.479431,76.199707
95.401932,76.1949770000001
95.370255,76.1949770000001
95.3355410000001,76.196091
95.3124850000001,76.199417
95.2935940000001,76.2035980000001
95.263611,76.213043
95.3119200000001,76.2763820000001
95.319717,76.283875
95.345825,76.285538
95.3777620000001,76.285263
95.478592,76.2810969999999
95.4935910000001,76.2763820000001
95.533325,76.2538760000001
95.568489,76.2540970000001
95.6999970000001,76.275818
95.7172090000001,76.280548
95.785263,76.298325
95.810257,76.298325
96.0435940000001,76.2774810000001
96.223877,76.291092
96.261108,76.299149
96.3074800000001,76.304153
96.339432,76.303864
96.3663790000001,76.3010860000001
