"V1","V2"
-73.85556,-43.765839
-73.789734,-43.821671
-73.76973,-43.8669509999999
-73.7636259999999,-43.882507
-73.762512,-43.888062
-73.765015,-43.893333
-73.853897,-43.89473
-73.867226,-43.885727
-73.8838959999999,-43.880562
-73.8923949999999,-43.874397
-73.8913959999999,-43.870728
-73.888229,-43.868729
-73.8840639999999,-43.867725
-73.8780669999999,-43.862228
-73.8702849999999,-43.861389
-73.8652799999999,-43.8583369999999
-73.8619539999999,-43.853615
-73.8652799999999,-43.849167
-73.879181,-43.845001
-73.905838,-43.8422239999999
-73.9569549999999,-43.849449
-73.9638979999999,-43.851395
-73.968338,-43.855003
-73.97139,-43.8674999999999
-73.9711149999999,-43.873611
-73.968903,-43.878616
-73.958069,-43.884727
-73.954346,-43.896004
-73.9408419999999,-43.89917
-73.933174,-43.902172
-73.92984,-43.904003
-73.9273449999999,-43.90617
-73.927177,-43.909836
-73.9586179999999,-43.933617
-73.964737,-43.935837
-73.978348,-43.939171
-73.992783,-43.940002
-74.0191799999999,-43.9177779999999
-74.09584,-43.900841
-74.103897,-43.899727
-74.1188959999999,-43.8961179999999
-74.162506,-43.884445
-74.1680599999999,-43.881393
-74.172501,-43.877785
-74.1736149999999,-43.872223
-74.1569519999999,-43.8263929999999
-74.1544489999999,-43.821114
-74.1502839999999,-43.816948
-74.1400149999999,-43.810837
-74.128067,-43.80584
-74.1200099999999,-43.8049999999999
-74.063614,-43.8111109999999
-74.047501,-43.814171
-73.9175109999999,-43.801674
-73.9133449999999,-43.7977829999999
-73.868347,-43.762222
-73.8608399999999,-43.762779
-73.85556,-43.765839
