"V1","V2"
121.251389,19.0119439999999
121.248322,19.0099980000001
121.2397,19.017776
121.219437,19.039719
121.208878,19.0536080000001
121.201927,19.0652730000001
121.200821,19.0813870000001
121.199417,19.114998
121.216927,19.166664
121.220261,19.1727710000001
121.223602,19.172497
121.232483,19.1655500000001
121.234993,19.161663
121.251663,19.1099970000001
121.256378,19.081665
121.256653,19.0741650000001
121.256653,19.035831
121.256378,19.0266650000001
121.25444,19.016666
121.251389,19.0119439999999
