"V1","V2"
82.1058200000001,75.4122010000001
82.1330410000001,75.4108120000001
82.19664,75.4108120000001
82.214432,75.4066470000001
82.222214,75.3999940000001
82.287201,75.3383180000001
82.2919310000001,75.330551
82.2794340000001,75.325272
82.253052,75.323318
82.226089,75.324707
82.208603,75.328873
82.197479,75.3347170000001
82.1799770000001,75.3385930000001
82.1594240000001,75.341934
82.0555420000001,75.343048
82.0391540000001,75.3402710000001
82.0441440000001,75.3149870000001
82.048325,75.293045
82.045258,75.2583309999999
82.0119320000001,75.1722110000001
81.995529,75.171097
81.974991,75.1744230000001
81.9577639999999,75.178314
81.943588,75.183319
81.9324799999999,75.188873
81.9102630000001,75.200546
81.8910980000001,75.213043
81.889435,75.2216490000001
81.8910980000001,75.2291560000001
81.896378,75.2360990000001
81.896942,75.2663880000001
81.895264,75.274994
81.8716430000001,75.3094180000001
81.857208,75.3141480000001
81.839706,75.318329
81.815811,75.320541
81.799988,75.316086
81.801651,75.3074800000001
81.8097080000001,75.300812
81.811646,75.29248
81.7183230000001,75.275269
81.69136,75.2763820000001
81.6499940000001,75.282761
81.6361080000001,75.285812
81.621643,75.2908170000001
81.555817,75.31694
81.4980319999999,75.3508150000001
81.4930420000001,75.358322
81.501663,75.3644260000001
81.538315,75.3802640000001
81.6488800000001,75.4274750000001
81.6611020000001,75.43248
81.70166,75.4474790000001
81.7174840000001,75.451935
81.736923,75.4555510000001
81.779434,75.462204
81.7930449999999,75.4613800000001
81.7824860000001,75.4477540000001
81.773605,75.44165
81.7524870000001,75.4305420000001
81.7399750000001,75.425262
81.731369,75.4191440000001
81.7260890000001,75.4122010000001
81.7391510000001,75.381927
81.750549,75.3763730000001
81.7744290000001,75.374146
81.8783110000001,75.3908230000001
81.931656,75.425262
81.8988800000001,75.487488
81.907761,75.493317
81.9469300000001,75.500549
82.0463710000001,75.5102690000001
82.1394349999999,75.517487
82.166931,75.5160980000001
82.171371,75.5102690000001
82.150467,75.497589
82.12442,75.4547120000001
82.0258180000001,75.4433140000001
82.00972,75.438873
82.0177610000001,75.432205
82.02916,75.426376
82.08194,75.414429
82.1058200000001,75.4122010000001
