"V1","V2"
130.989136,-7.72333300000003
130.982178,-7.72333300000003
130.978027,-7.72055499999993
130.976074,-7.71583399999986
130.97525,-7.70972299999994
130.97525,-7.6825
130.976624,-7.67694499999993
130.980804,-7.66749999999996
130.984131,-7.66416599999997
130.989136,-7.66194400000001
131.008331,-7.66083299999997
131.013611,-7.65944500000001
131.092468,-7.63833299999993
131.122864,-7.62214499999999
131.128845,-7.626666
131.119965,-7.65722299999999
131.115234,-7.66611099999989
131.104126,-7.6825
131.093842,-7.692499
131.084961,-7.69749899999999
131.031647,-7.71777800000001
130.989136,-7.72333300000003
