"V1","V2"
-74.209732,-44.7844469999999
-74.263062,-44.807503
-74.281403,-44.805557
-74.308624,-44.798615
-74.3272249999999,-44.7905579999999
-74.337784,-44.7844469999999
-74.352234,-44.773895
-74.37001,-44.758896
-74.373337,-44.754723
-74.376678,-44.7502819999999
-74.41362,-44.692223
-74.414169,-44.679726
-74.412231,-44.6397249999999
-74.409729,-44.634445
-74.39917,-44.628334
-74.263062,-44.602501
-74.247513,-44.600563
-74.1864009999999,-44.600838
-74.1594539999999,-44.6011119999999
-74.005005,-44.6072239999999
-73.995285,-44.60778
-73.9664,-44.615562
-73.953339,-44.620285
-73.929169,-44.6313929999999
-73.919449,-44.638062
-73.9061129999999,-44.64917
-73.8947299999999,-44.661667
-73.880005,-44.678337
-73.873337,-44.686951
-73.8719479999999,-44.692505
-73.875565,-44.6972269999999
-74.015839,-44.721115
-74.185287,-44.774727
-74.209732,-44.7844469999999
