"V1","V2"
7.80972200000014,63.023331
7.77833300000003,63.0174940000001
7.75944399999997,63.0230480000001
7.70749999999998,63.0413820000001
7.69027699999992,63.0474930000001
7.68333199999995,63.051109
7.67944399999999,63.056107
7.70833299999998,63.0841600000001
7.71527799999996,63.088051
7.72611000000006,63.0897220000001
7.81999999999999,63.0941620000001
7.84611000000012,63.0952760000001
7.89861100000002,63.089996
7.90555500000005,63.0863880000001
7.91527699999995,63.079163
7.91416600000002,63.0736079999999
7.90222199999999,63.0566640000001
7.88861100000003,63.0488820000001
7.83833300000003,63.030548
7.80972200000014,63.023331
