"V1","V2"
90.4108120000001,21.899441
90.406937,21.8988840000001
90.402771,21.8997190000001
90.398041,21.9044420000001
90.3947140000001,21.9105529999999
90.393326,21.926941
90.40416,22.0202750000001
90.409149,22.029999
90.416382,22.036942
90.426376,22.041386
90.4302670000001,22.042221
90.433594,22.0408330000001
90.459717,22.0191649999999
90.464706,22.014442
90.4702610000001,22.0061070000001
90.4805450000001,21.983604
90.4847109999999,21.9697150000001
90.4849850000001,21.9649960000001
90.483322,21.9574970000001
90.474991,21.941662
90.433044,21.9055520000001
90.4108120000001,21.899441
