"V1","V2"
125.006653,-1.71888899999999
125.016388,-1.72305499999999
125.111649,-1.69638900000001
125.117752,-1.68861099999998
125.122482,-1.68666699999994
125.128593,-1.68611099999998
125.134163,-1.68722199999996
125.288307,-1.73055599999986
125.291931,-1.73388899999992
125.294434,-1.73805499999992
125.317757,-1.78749999999991
125.319153,-1.792778
125.323883,-1.88111099999998
125.323318,-1.88722200000001
125.319153,-1.88999999999993
125.313599,-1.891389
125.302757,-1.88194399999998
125.29332,-1.87777799999998
125.16304,-1.87499999999989
125.156097,-1.87499999999989
125.055252,-1.89083299999993
125.039703,-1.895555
125.031372,-1.90111100000001
125.024429,-1.90777799999989
125.022491,-1.91277799999995
125.024429,-1.93111099999993
125.023323,-1.936667
125.020264,-1.940833
125.016388,-1.94361099999998
125.011383,-1.9455549999999
125.005257,-1.94611099999997
124.993042,-1.94499999999999
124.987488,-1.94361099999998
124.967758,-1.93611099999998
124.92804,-1.92083299999996
124.864151,-1.89833299999992
124.853867,-1.89499999999992
124.835274,-1.89694500000002
124.793587,-1.90999999999997
124.77916,-1.91611099999994
124.722214,-1.9455549999999
124.709991,-1.95388899999995
124.696373,-1.96749999999992
124.686653,-1.97166700000002
124.573608,-2.00249999999994
124.523613,-2.01277800000003
124.409149,-2.01749999999998
124.403587,-2.01611099999991
124.399429,-2.01333399999999
124.329163,-1.88527800000003
124.327477,-1.87972199999996
124.326927,-1.82027799999992
124.367477,-1.69499999999994
124.374153,-1.68111099999999
124.3797,-1.67305499999998
124.383041,-1.66972199999992
124.391373,-1.66416700000002
124.400269,-1.65944400000001
124.405823,-1.65805599999993
124.424927,-1.65711800000003
124.530548,-1.63611099999997
124.608032,-1.63527799999997
124.635269,-1.63527799999997
124.648331,-1.63611099999997
124.665543,-1.63944399999997
124.952477,-1.70027800000003
124.958038,-1.70166699999993
125.006653,-1.71888899999999
