"V1","V2"
137.779968,54.366386
137.72467,54.3572160000001
137.715515,54.3622130000001
137.708313,54.3685990000001
137.709961,54.3752670000001
137.718018,54.380882
137.73053,54.3866580000001
137.741333,54.39222
137.762756,54.404434
137.784149,54.4180529999999
137.809692,54.4383240000001
137.816071,54.4449920000001
137.817749,54.4513850000001
137.816376,54.470825
137.836914,54.4974900000001
137.843567,54.5002750000001
137.865509,54.507217
137.913879,54.5077740000001
137.921356,54.494713
137.924133,54.4883270000001
137.930267,54.4624939999999
137.926361,54.4572140000001
137.831909,54.3924940000001
137.779968,54.366386
