"V1","V2"
127.879433,-1.42694399999993
128.110229,-1.56194399999998
128.141113,-1.58823999999998
128.152771,-1.60583299999996
128.156921,-1.61555600000003
128.158325,-1.62083299999995
128.159698,-1.63999999999999
128.158875,-1.64638899999989
128.154144,-1.66194400000001
128.148041,-1.67638899999997
128.145264,-1.68055599999997
128.138306,-1.68722199999996
128.126617,-1.69638900000001
128.122467,-1.69916699999993
128.099121,-1.70999999999998
128.089691,-1.71416699999997
128.078857,-1.7169439999999
128.058868,-1.71749999999997
128.003326,-1.711389
127.861649,-1.69638900000001
127.713608,-1.68805599999996
127.707489,-1.68861099999998
127.701927,-1.69027799999998
127.67804,-1.70027800000003
127.669708,-1.70583299999993
127.655823,-1.71972199999999
127.643051,-1.72722199999998
127.637497,-1.72861099999994
127.557213,-1.74138900000003
127.544144,-1.74222200000003
127.533333,-1.73944399999993
127.503883,-1.72777799999994
127.440811,-1.69499999999994
127.431931,-1.69027799999998
127.39415,-1.65944400000001
127.383331,-1.64277799999996
127.378311,-1.63388900000001
127.37915,-1.62083299999995
127.382477,-1.60722199999998
127.394669,-1.57336099999998
127.390823,-1.54750000000001
127.390823,-1.54083300000002
127.403053,-1.48611099999999
127.404427,-1.48055599999998
127.424988,-1.440833
127.4422,-1.42083299999996
127.460533,-1.43535799999995
127.555252,-1.37694499999998
127.586647,-1.35388899999992
127.612198,-1.33805599999999
127.625809,-1.33111099999991
127.631363,-1.329722
127.6436,-1.32833299999999
127.681374,-1.337222
127.718872,-1.34750000000003
127.723877,-1.34972199999993
127.879433,-1.42694399999993
