"V1","V2"
98.5152739999999,-0.632222000000013
98.5124970000001,-0.636389000000008
98.506378,-0.635832999999934
98.495255,-0.626110999999867
98.4899750000001,-0.617777999999987
98.4849850000001,-0.608888999999976
98.4858090000001,-0.602778000000001
98.489151,-0.599444000000005
98.494141,-0.597500000000025
98.500275,-0.596667000000025
98.505554,-0.598054999999931
98.5097200000001,-0.600833000000023
98.5152739999999,-0.608888999999976
98.5173949999999,-0.617194999999981
98.518051,-0.621388999999965
98.5174870000001,-0.627499999999941
98.5152739999999,-0.632222000000013
