"V1","V2"
27.069443,37.711937
27.0641590000001,37.7069400000001
27.060555,37.705269
27.039719,37.7027660000001
26.8955540000001,37.665276
26.8180500000001,37.636658
26.753883,37.691376
26.746384,37.6944430000001
26.7113880000001,37.7083210000001
26.7055550000001,37.7083210000001
26.6869390000001,37.7049870000001
26.649715,37.6983180000001
26.641106,37.696106
26.6233329999999,37.687218
26.6205480000001,37.6849980000001
26.613331,37.6802750000001
26.5972179999999,37.6749879999999
26.5936090000001,37.6769410000001
26.5816610000001,37.685822
26.5805550000001,37.6885990000001
26.5716630000001,37.730553
26.5727770000001,37.7341540000001
26.5958329999999,37.7572100000001
26.5988850000001,37.759438
26.66555,37.7905430000001
26.66972,37.791939
26.729717,37.8080440000001
26.7433320000001,37.8111040000001
26.748608,37.811378
26.9888880000001,37.781937
27.0286060000001,37.7716600000001
27.06694,37.727219
27.069443,37.711937
