"V1","V2"
-134.26059,68.733536
-134.232483,68.7061000000001
-134.227783,68.7013850000001
-134.227264,68.6964260000001
-134.235809,68.6949770000001
-134.267792,68.6958160000001
-134.356934,68.7030490000001
-134.388611,68.7072140000001
-134.436127,68.7136080000001
-134.457489,68.7191470000001
-134.461945,68.7238770000001
-134.495544,68.752213
-134.536407,68.7869260000001
-134.669464,68.8944400000001
-134.741669,68.935532
-134.755005,68.944427
-134.766968,68.9533230000001
-134.783066,68.965355
-134.825836,68.978867
-134.852783,68.976379
-134.892242,68.971924
-134.904724,68.969986
-134.914734,68.96666
-134.920288,68.9608150000001
-134.919739,68.9494170000001
-134.917236,68.9441380000001
-134.916412,68.9269260000001
-134.920288,68.914703
-134.925842,68.9086000000001
-134.933075,68.903595
-134.941376,68.8994290000001
-134.961121,68.892487
-134.975006,68.8916630000001
-135,68.8920820000001
-135.007507,68.892212
-135.126099,68.8994290000001
-135.141968,68.9013820000001
-135.167236,68.9072110000001
-135.170837,68.9111020000001
-135.17807,68.920822
-135.180847,68.926086
-135.20166,68.9327550000001
-135.233307,68.934708
-135.262787,68.933594
-135.361115,68.926651
-135.391968,68.926651
-135.421387,68.928864
-135.444458,68.9349819999999
-135.453888,68.938583
-135.460815,68.9427490000001
-135.769165,68.8963780000001
-135.808044,68.8952640000001
-135.843323,68.8972170000001
-135.882477,68.9052580000001
-135.905853,68.911377
-135.948059,68.9246980000001
-135.99527,68.9424740000001
-136.002502,68.94664
-136.00528,68.951935
-135.989166,69.0291600000001
-135.98526,69.035812
-135.978333,69.0408170000001
-135.968597,69.044434
-135.954437,69.0455320000001
-135.888611,69.026093
-135.850128,69.0074010000001
-135.833893,68.9983220000001
-135.828888,68.993591
-135.80249,68.989426
-135.77002,68.989151
-135.648895,68.9919280000001
-135.634735,68.9930420000001
-135.578613,69.0061040000001
-135.525574,69.021103
-135.517792,69.0238800000001
-135.529449,69.026932
-135.720825,69.0460970000001
-135.915833,69.0883180000001
-135.92749,69.09137
-135.934723,69.095535
-135.951385,69.1427610000001
-135.96582,69.1977540000001
-135.967224,69.2147060000001
-135.959442,69.2283170000001
-135.94696,69.239426
-135.926117,69.254715
-135.915009,69.2574920000001
-135.898621,69.255554
-135.891388,69.251389
-135.821381,69.2152710000001
-135.751404,69.1794280000001
-135.741943,69.1758120000001
-135.666107,69.146942
-135.656677,69.1436
-135.567505,69.1177520000001
-135.552795,69.1166529999999
-135.486938,69.1133120000001
-135.495819,69.124146
-135.607208,69.1452640000001
-135.630554,69.151382
-135.640015,69.1549840000001
-135.810822,69.242752
-135.839996,69.2594300000001
-135.852203,69.268051
-135.85498,69.2733150000001
-135.855835,69.2847140000001
-135.854156,69.290817
-135.848602,69.296936
-135.841675,69.3019260000001
-135.833313,69.3063660000001
-135.803894,69.3166660000001
-135.792511,69.3194429999999
-135.57193,69.3385930000001
-135.556122,69.338882
-135.485809,69.335266
-135.448608,69.332214
-135.41333,69.323044
-135.391968,69.309982
-135.387238,69.3052520000001
-135.379974,69.3010860000001
-135.37027,69.297485
-135.323334,69.285263
-135.257782,69.2713780000001
-135.243866,69.2686000000001
-135.229706,69.2660980000001
-135.185547,69.2588809999999
-135.170563,69.2577669999999
-135.162231,69.2619319999999
-135.158051,69.2686000000001
-135.158356,69.2744290000001
-135.165009,69.27916
-135.174438,69.2830510000001
-135.239716,69.3316650000001
-135.286957,69.413605
-135.287231,69.419144
-135.285278,69.4255370000001
-135.278076,69.430542
-135.268341,69.4341430000001
-135.160828,69.4736020000001
-135.150848,69.4769290000001
-135.137787,69.478592
-134.996643,69.484146
-134.915283,69.48526
-134.694733,69.481659
-134.67749,69.48082
-134.642517,69.477203
-134.628326,69.4744260000001
-134.608612,69.4685970000001
-134.570831,69.453873
-134.559174,69.4508210000001
-134.531128,69.4455260000001
-134.496094,69.441925
-134.481659,69.442749
-134.468597,69.4444270000001
-134.438324,69.454712
-134.420837,69.4630429999999
-134.413635,69.468323
-134.407776,69.474152
-134.405579,69.4802700000001
-134.408356,69.491364
-134.417786,69.5005490000001
-134.436676,69.508041
-134.448334,69.5111079999999
-134.468872,69.5427550000001
-134.401672,69.6383210000001
-134.402496,69.649719
-134.406677,69.654434
-134.44278,69.680817
-134.485809,69.7061
-134.49054,69.7108150000001
-134.493042,69.71582
-134.491089,69.722214
-134.476379,69.723038
-134.309723,69.71582
-134.203888,69.668869
-134.17749,69.6402740000001
-134.196381,69.621094
-134.203888,69.6160890000001
-134.240265,69.585815
-134.24472,69.579163
-134.24472,69.573318
-134.242218,69.5680540000001
-134.113312,69.538879
-134.098602,69.539978
-134.081116,69.548325
-134.061951,69.5558170000001
-134.037506,69.5602569999999
-134.02002,69.559418
-134.008362,69.556091
-134.001404,69.551926
-133.977783,69.528595
-133.961121,69.509155
-133.947235,69.5063780000001
-133.918335,69.5083310000001
-133.87915,69.5133210000001
-133.867493,69.515823
-133.86026,69.5208280000001
-133.82251,69.5552520000001
-133.823151,69.5600740000001
-133.819733,69.564987
-133.801941,69.5736080000001
-133.791687,69.576935
-133.778351,69.576385
-133.75058,69.5474850000001
-133.748322,69.542206
-133.798615,69.4810940000001
-133.818054,69.4641570000001
-133.850555,69.4458160000001
-133.876923,69.4330440000001
-133.920837,69.412201
-133.941376,69.405258
-133.964447,69.400269
-134.085541,69.340546
-134.211121,69.2760929999999
-134.218323,69.2711030000001
-134.275574,69.2260890000001
-134.279999,69.219437
-134.282227,69.213318
-134.281952,69.207489
-134.277222,69.202774
-134.274719,69.1977540000001
-134.274445,69.1860960000001
-134.280304,69.1802670000001
-134.287781,69.175262
-134.383636,69.118317
-134.397797,69.1174770000001
-134.448883,69.1197050000001
-134.477203,69.1180420000001
-134.531128,69.1127620000001
-134.568054,69.1066440000001
-134.585266,69.098038
-134.673615,69.017761
-134.675842,69.0113830000001
-134.675568,69.0058290000001
-134.669739,68.9727630000001
-134.671661,68.966385
-134.666656,68.9561
-134.652802,68.9477540000001
-134.606659,68.935257
-134.588318,68.9280400000001
-134.514191,68.887497
-134.507233,68.883041
-134.488586,68.870255
-134.474701,68.856094
-134.464172,68.8424840000001
-134.45694,68.826935
-134.44751,68.81192
-134.440277,68.801926
-134.431122,68.7927550000001
-134.417236,68.7844239999999
-134.398895,68.777206
-134.376099,68.770828
-134.351105,68.764999
-134.296661,68.7544400000001
-134.287506,68.7508240000001
-134.280579,68.746643
-134.26059,68.733536
