"V1","V2"
-19.3749999999999,79.126373
-19.395,79.125259
-19.416664,79.1288600000001
-19.439442,79.13443
-19.465553,79.150543
-19.479721,79.161926
-19.5,79.182755
-19.501114,79.1866460000001
-19.496666,79.1958160000001
-19.483887,79.2038730000001
-19.406387,79.2274780000001
-19.3725009999999,79.2347110000001
-19.352222,79.2358090000001
-19.3363879999999,79.234985
-19.314445,79.231369
-19.305836,79.213608
-19.306667,79.2083280000001
-19.309723,79.2024840000001
-19.3358349999999,79.156372
-19.366112,79.131363
-19.3749999999999,79.126373
