"V1","V2"
145.951355,-4.76444499999997
145.944427,-4.76444499999997
145.933594,-4.76194499999997
145.918579,-4.75639000000001
145.89859,-4.74194399999993
145.891663,-4.73527699999994
145.875244,-4.69694399999997
145.87384,-4.69138799999996
145.872467,-4.67250000000001
145.87384,-4.66694499999994
145.892487,-4.60944499999999
145.899414,-4.59583400000002
145.904694,-4.58777799999996
145.914978,-4.57749999999999
145.96637,-4.53305499999999
145.97052,-4.53027800000001
145.97525,-4.52833399999992
145.981628,-4.52749999999992
146.011658,-4.54944399999994
146.026917,-4.561666
146.053589,-4.59638899999993
146.055542,-4.60138899999993
146.054138,-4.66138899999993
146.040527,-4.70916699999992
146.03775,-4.71333399999992
146.027466,-4.72361100000001
146.019989,-4.72972199999998
145.994415,-4.74555500000002
145.961639,-4.76111099999997
145.951355,-4.76444499999997
