"V1","V2"
126.113037,9.74444199999999
126.031937,9.74249600000007
125.945534,9.83083200000004
125.968048,9.88777700000009
126.036926,10.025831
126.047493,10.0436100000001
126.051376,10.048887
126.056091,10.0524980000001
126.060257,10.0541650000001
126.070831,10.054443
126.073318,10.05361
126.077209,10.045553
126.09082,10.001944
126.119141,9.90333199999992
126.123032,9.87138599999992
126.145828,9.83833100000004
126.174149,9.80610799999999
126.175262,9.80416500000001
126.168587,9.78305399999994
126.156647,9.77444299999996
126.115257,9.74555199999998
126.113037,9.74444199999999
