"V1","V2"
79.9772030000001,80.9524840000001
80.0802760000001,80.9458159999999
80.1160889999999,80.943863
80.156372,80.942749
80.2460940000001,80.9422000000001
80.3719180000001,80.9399720000001
80.4074860000001,80.9377590000001
80.434143,80.9344180000001
80.4377590000001,80.9263760000001
80.4097140000001,80.8791500000001
80.3169400000001,80.8552550000001
80.2941440000001,80.851089
80.266098,80.847763
80.071381,80.8319400000001
79.889984,80.8202670000001
79.8130340000001,80.816086
79.35054,80.805817
79.1730350000001,80.8066410000001
79.133041,80.8074800000001
79.0930480000001,80.8085940000001
79.0574800000001,80.810532
79.030823,80.8138730000001
78.9863740000001,80.822769
78.9772030000001,80.829712
78.9727630000001,80.8374940000001
78.9741520000001,80.8516540000001
78.9866490000001,80.864426
79.0097200000001,80.8758090000001
79.0963750000001,80.9147030000001
79.1280360000001,80.9283140000001
79.217773,80.954681
79.2185969999999,80.9533230000001
79.389435,80.951096
79.4344180000001,80.950821
79.4733120000001,80.9527740000001
79.5399780000001,80.9583280000001
79.568054,80.961929
79.5855410000001,80.966934
79.630814,80.975266
79.6588750000001,80.9788670000001
79.708603,80.979431
79.744705,80.9777680000001
79.861099,80.9649960000001
79.9147030000001,80.957764
79.9772030000001,80.9524840000001
