"V1","V2"
100.462769,-3.13333299999999
100.458038,-3.13527800000003
100.430542,-3.14083299999993
100.424423,-3.14166699999993
100.418869,-3.14027800000002
100.409988,-3.13527800000003
100.404709,-3.13388899999995
100.399147,-3.13527800000003
100.382477,-3.14638899999994
100.37915,-3.149722
100.37915,-3.15527800000001
100.398331,-3.19361099999992
100.420258,-3.23333300000002
100.436653,-3.25777799999986
100.451927,-3.27027800000002
100.468872,-3.29416700000002
100.474426,-3.30222199999992
100.478043,-3.3125
100.478592,-3.31861099999998
100.478043,-3.32499999999999
100.470261,-3.33111100000002
100.459427,-3.33388899999994
100.444977,-3.32749999999987
100.437477,-3.32138899999995
100.427757,-3.31055500000002
100.368874,-3.24083300000001
100.335274,-3.20027799999997
100.338043,-3.17972200000003
100.34082,-3.13888899999995
100.34082,-3.13194399999998
100.337486,-3.121666
100.334717,-3.11750000000001
100.324432,-3.10722299999992
100.303864,-3.0869449999999
100.296371,-3.080556
100.246933,-3.0491669999999
100.202477,-2.99222200000003
100.19136,-2.97583299999997
100.186653,-2.96638899999999
100.185257,-2.96083399999992
100.173599,-2.81111099999993
100.174423,-2.80472200000003
100.176376,-2.80000000000001
100.183868,-2.79388899999998
100.197479,-2.78694499999989
100.211929,-2.78083299999997
100.217484,-2.77944400000001
100.229713,-2.77805599999999
100.23526,-2.77944400000001
100.243591,-2.78361100000001
100.255257,-2.79249999999996
100.351089,-2.88888900000001
100.371094,-2.91027799999995
100.464706,-3.01499999999999
100.469711,-3.02388899999994
100.473038,-3.03416700000002
100.476379,-3.10583400000002
100.475807,-3.11888900000002
100.473877,-3.12388899999991
100.466927,-3.13055599999996
100.462769,-3.13333299999999
