"V1","V2"
27.400272,36.372498
27.3955540000001,36.3716660000001
27.317776,36.4108280000001
27.2974970000001,36.4222110000001
27.29472,36.4244310000001
27.29583,36.4610980000001
27.297771,36.4644320000001
27.3030550000001,36.469162
27.3544430000001,36.476662
27.358887,36.4755480000001
27.362221,36.4736100000001
27.44305,36.41111
27.4458270000001,36.4086
27.4474950000001,36.4055400000001
27.4472200000001,36.4016650000001
27.438889,36.3913880000001
27.4175000000001,36.3766560000001
27.413326,36.3755419999999
27.400272,36.372498
