"V1","V2"
-64.284439,63.708603
-64.286392,63.7080460000001
-64.3111109999999,63.7099910000001
-64.329178,63.71666
-64.3363949999999,63.719986
-64.348618,63.728043
-64.356949,63.736938
-64.363617,63.746384
-64.381104,63.8074950000001
-64.359436,63.8038790000001
-64.3397219999999,63.796944
-64.331955,63.791664
-64.3027799999999,63.780548
-64.27861,63.7708280000001
-64.275009,63.7666630000001
-64.25528,63.7297130000001
-64.2550049999999,63.7252660000001
-64.2608339999999,63.719711
-64.284439,63.708603
