"V1","V2"
121.865807,29.9699940000001
121.859154,29.9694400000001
121.844147,29.9722180000001
121.84082,29.9763830000001
121.829712,29.9936070000001
121.828323,29.998882
121.828598,30.0049970000001
121.834122,30.0127330000001
121.833328,30.048885
121.833603,30.0552750000001
121.839706,30.07333
121.848328,30.0797200000001
121.861099,30.0816650000001
121.868874,30.0802760000001
121.874153,30.0774960000001
121.904427,30.048885
121.905823,30.04361
121.906647,30.0322190000001
121.903587,29.9916610000001
121.900818,29.986382
121.896942,29.982773
121.892212,29.9799960000001
121.876373,29.973885
121.865807,29.9699940000001
