"V1","V2"
-64.482773,47.91777
-64.501678,47.856384
-64.5036159999999,47.850273
-64.514725,47.832497
-64.523056,47.82222
-64.541107,47.803322
-64.604996,47.7483290000001
-64.61055,47.74527
-64.635834,47.7358250000001
-64.647507,47.733879
-64.690552,47.7530520000001
-64.6933289999999,47.758049
-64.7027889999999,47.823608
-64.697769,47.8361049999999
-64.685547,47.852219
-64.667496,47.8669360000001
-64.6622159999999,47.8708270000001
-64.624161,47.88472
-64.617767,47.8866580000001
-64.609161,47.88694
-64.5841669999999,47.884995
-64.508057,47.903877
-64.482773,47.91777
