"V1","V2"
-65.6952669999999,61.776657
-65.719452,61.754166
-65.8030549999999,61.7555540000001
-65.8272249999999,61.7580490000001
-65.891388,61.7663880000001
-65.903885,61.7683260000001
-65.931107,61.778328
-65.939163,61.782211
-65.944443,61.7858280000001
-65.9480439999999,61.7902760000001
-65.9474949999999,61.796104
-65.9438779999999,61.799721
-65.818344,61.860825
-65.809433,61.8633270000001
-65.789993,61.8655470000001
-65.7780609999999,61.8655470000001
-65.767502,61.86277
-65.718613,61.841103
-65.7147219999999,61.8369370000001
-65.713623,61.8241650000001
-65.6952669999999,61.776657
