"V1","V2"
71.046936,73.5000000000001
71.247482,73.454163
71.2630460000001,73.4485930000001
71.266098,73.4424740000001
71.264999,73.4363710000001
71.1422120000001,73.3883210000001
70.9991460000001,73.288879
71.0385890000001,73.2694400000001
71.210541,73.2680510000001
71.2760930000001,73.2830510000001
71.382477,73.3105320000001
71.401093,73.3163760000001
71.414993,73.3230440000001
71.420532,73.329437
71.423035,73.3416600000001
71.4327550000001,73.3483280000001
71.454987,73.3466490000001
71.4747010000001,73.3413700000001
71.4860989999999,73.3355410000001
71.6019289999999,73.2724910000001
71.6202549999999,73.2608180000001
71.6624910000001,73.2258150000001
71.676376,73.2138820000001
71.6791530000001,73.2077640000001
71.676651,73.1769260000001
71.6574860000001,73.172485
71.6138760000001,73.1702579999999
71.550812,73.168869
71.5066530000001,73.1722110000001
71.399429,73.173874
71.357483,73.1722110000001
71.338043,73.169144
71.3241580000001,73.162201
71.3049770000001,73.1491550000001
71.291367,73.1424870000001
71.272766,73.136932
71.2530520000001,73.1336059999999
71.192474,73.1271970000001
71.089981,73.119431
71.0694429999999,73.118591
71.005829,73.118317
70.937759,73.126648
70.9158170000001,73.1280360000001
70.8944400000001,73.1283110000001
70.734711,73.1080319999999
70.5785980000001,73.081375
70.5397030000001,73.074707
70.5033260000001,73.0633090000001
70.4505460000001,73.042206
70.431931,73.0377660000001
70.4116520000001,73.035538
70.3491520000001,73.034149
70.284988,73.0349879999999
70.241089,73.0377660000001
70.217758,73.0416560000001
70.1980290000001,73.046936
70.163315,73.063873
70.1527710000001,73.075821
70.1535950000001,73.0819400000001
70.1422119999999,73.0877690000001
70.1305390000001,73.0933230000001
70.1063690000001,73.0983279999999
70.0869290000001,73.094986
70.002213,73.063873
70.000549,73.051651
70.0160980000001,73.046097
70.037491,73.045822
70.060257,73.0430450000001
70.079987,73.0377660000001
70.095535,73.0324860000001
70.110535,73.0208280000001
70.1005400000001,73.015274
69.926926,73.0233150000001
69.904984,73.0247040000001
69.8822020000001,73.027481
69.8663790000001,73.0327610000001
69.868042,73.045258
69.8735050000001,73.050552
69.885818,73.0819400000001
69.916382,73.126648
69.9255370000001,73.1333310000001
69.952209,73.1469420000001
69.986923,73.160812
70.013611,73.1744229999999
70.031937,73.1877590000001
70.0522,73.2133180000001
70.0630340000001,73.2324830000001
70.0666660000001,73.257217
70.0633090000001,73.2633210000001
70.0205380000001,73.31694
70.0097200000001,73.3285980000001
69.9797060000001,73.3519289999999
69.968597,73.3638760000001
69.9577640000001,73.3758090000001
69.9552610000001,73.387772
69.9561,73.39415
69.9611050000001,73.4005430000001
69.9744260000001,73.4072110000001
69.989426,73.411652
70.2013850000001,73.458328
70.2408140000001,73.464996
70.4035950000001,73.4844209999999
70.485535,73.4930420000001
70.5069430000001,73.489426
70.720825,73.5024869999999
70.8655400000001,73.5158230000001
70.8869320000001,73.5166630000001
70.9305420000001,73.5160980000001
70.9760890000001,73.511932
71.046936,73.5000000000001
