"V1","V2"
134.176086,-1.94499999999999
134.170807,-1.94499999999999
134.167206,-1.94138900000002
134.162476,-1.91194399999989
134.159149,-1.86333300000001
134.159149,-1.851111
134.160522,-1.84555599999993
134.164429,-1.83611099999996
134.216644,-1.75111099999998
134.223572,-1.744167
134.233856,-1.74083300000001
134.243286,-1.745
134.247437,-1.75114999999994
134.251648,-1.75916699999999
134.252197,-1.76555599999995
134.251648,-1.77166699999992
134.24884,-1.78250000000003
134.223572,-1.86138899999992
134.21524,-1.88111099999998
134.185791,-1.93388900000002
134.180267,-1.94222200000002
134.176086,-1.94499999999999
