"V1","V2"
-153.208893,57.8124920000001
-153.212219,57.8074950000001
-153.223877,57.808044
-153.248871,57.8149950000001
-153.279449,57.824165
-153.295288,57.8294370000001
-153.453888,57.883881
-153.531677,57.924713
-153.535828,57.929436
-153.536407,57.9347149999999
-153.528076,57.9541630000001
-153.523346,57.9583280000001
-153.481934,57.9711000000001
-153.470551,57.9722140000001
-153.457214,57.969154
-153.353333,57.936378
-153.275299,57.9030460000001
-153.269745,57.8991620000001
-153.261139,57.889717
-153.232208,57.856384
-153.220551,57.84166
-153.214447,57.8308260000001
-153.208893,57.8124920000001
