"V1","V2"
-90.751114,0.547499999999957
-90.755005,0.546110999999996
-90.7608339999999,0.547499999999957
-90.7819519999999,0.553611000000046
-90.795563,0.560555000000136
-90.799728,0.563333000000114
-90.8005679999999,0.569444000000033
-90.804459,0.63444400000003
-90.803894,0.640833000000043
-90.799728,0.648333000000093
-90.7922359999999,0.651667000000089
-90.7819519999999,0.648333000000093
-90.7777859999999,0.645555000000115
-90.751114,0.617500000000007
-90.7469479999999,0.60777800000011
-90.741394,0.58583299999998
-90.741394,0.572222000000011
-90.7441709999999,0.561110999999926
-90.747513,0.550833000000068
-90.751114,0.547499999999957
