"V1","V2"
137.96109,71.503052
137.921082,71.4864810000001
137.805237,71.4394230000001
137.790527,71.434143
137.695801,71.4144290000001
137.67691,71.411652
137.596619,71.429153
137.567749,71.441086
137.541931,71.459427
137.537201,71.4655460000001
137.528595,71.471649
137.512207,71.476379
137.318573,71.4944310000001
137.279694,71.4938660000001
137.265259,71.4874880000001
137.27359,71.482758
137.334961,71.463882
137.35495,71.459152
137.374664,71.4583280000001
137.394135,71.458603
137.406372,71.453873
137.390259,71.4324800000001
137.371338,71.4272
137.351898,71.4269260000001
137.332458,71.4277650000001
137.312744,71.4299770000001
137.126892,71.4741519999999
137.106354,71.4802700000001
136.991333,71.515549
136.994415,71.5216520000001
137.008881,71.528046
137.027771,71.532211
137.232452,71.573608
137.270813,71.5791630000001
137.289978,71.5808260000001
137.426361,71.585266
137.730804,71.594147
137.750275,71.594437
137.829956,71.583054
137.849976,71.579712
137.890259,71.570267
137.902771,71.564148
137.911377,71.5580290000001
137.94635,71.5277710000001
137.9646,71.5079650000001
137.96109,71.503052
