"V1","V2"
24.5586090000001,36.7755510000001
24.5497210000001,36.7747190000001
24.544441,36.7752760000001
24.5380549999999,36.7797160000001
24.531666,36.7877730000001
24.5222210000001,36.8049930000001
24.5211110000001,36.8122180000001
24.5211110000001,36.823883
24.522778,36.8277740000001
24.559166,36.848328
24.562496,36.8486100000001
24.5919420000001,36.833885
24.599163,36.823883
24.5949970000001,36.807777
24.592499,36.798882
24.577774,36.781662
24.5747180000001,36.779442
24.5586090000001,36.7755510000001
