"V1","V2"
-109.321671,67.981094
-109.335564,67.9802700000001
-109.351936,67.9813690000001
-109.378052,67.986923
-109.432503,68.003052
-109.498047,68.0227660000001
-109.506668,68.0263820000001
-109.538887,68.0474850000001
-109.54306,68.0522000000001
-109.50473,68.0888820000001
-109.497498,68.0935970000001
-109.484734,68.0952609999999
-109.44722,68.092209
-109.410553,68.0719300000001
-109.321671,68.0399780000001
-109.315277,68.035812
-109.311661,68.025543
-109.311111,67.9977569999999
-109.311661,67.9919280000001
-109.314163,67.9858090000001
-109.321671,67.981094
