"V1","V2"
-51.239723,64.214706
-51.251114,64.2141570000001
-51.26445,64.214996
-51.289444,64.219437
-51.336662,64.2388760000001
-51.341667,64.2433169999999
-51.3430559999999,64.248322
-51.341942,64.2533260000001
-51.338608,64.258881
-51.330559,64.263885
-51.2575069999999,64.2910919999999
-51.2058329999999,64.3311
-51.139442,64.387207
-51.083885,64.4427490000001
-51.078613,64.4483180000001
-51.027779,64.514435
-51.03083,64.5291600000001
-51.034172,64.5336
-51.0336149999999,64.538315
-51.0302809999999,64.543594
-51.025002,64.549423
-51.0066679999999,64.556931
-50.996391,64.5591430000001
-50.985001,64.5594180000001
-50.972771,64.5591430000001
-50.8622209999999,64.551926
-50.824448,64.5460970000001
-50.8191679999999,64.541656
-50.8075029999999,64.5224910000001
-50.80722,64.516937
-50.8083339999999,64.501663
-50.809441,64.4963680000001
-50.814163,64.4858090000001
-50.817505,64.4805450000001
-50.824173,64.4749910000001
-50.842224,64.465271
-50.861115,64.4602659999999
-50.893616,64.454712
-50.911942,64.4488680000001
-50.9294429999999,64.4422
-50.938332,64.4380340000001
-50.971107,64.4177550000001
-51.026108,64.3769230000001
-51.1269449999999,64.299423
-51.133614,64.288589
-51.135834,64.278046
-51.133331,64.2730410000001
-51.134727,64.263046
-51.141388,64.2577670000001
-51.151108,64.253052
-51.230553,64.2163850000001
-51.239723,64.214706
