"V1","V2"
65.4524840000001,81.027771
65.4702610000001,80.92804
65.464432,80.9222110000001
65.444702,80.9158170000001
65.391937,80.902481
65.23526,80.8674770000001
65.046097,80.820541
65.0338750000001,80.8144230000001
65.0077670000001,80.8077550000001
64.978867,80.803314
64.917755,80.796371
64.786652,80.786377
64.6952509999999,80.776093
64.666382,80.7716520000001
64.615265,80.7583310000001
64.586655,80.7536010000001
64.30304,80.72998
64.237762,80.7263790000001
64.202484,80.7260890000001
64.1658170000001,80.726929
63.922768,80.721375
63.757774,80.713318
63.587494,80.713318
63.466385,80.7002720000001
63.373604,80.6919250000001
63.212494,80.6816560000001
63.141106,80.6819310000001
63.1027760000001,80.6838680000001
63.088512,80.6882170000001
63.086937,80.693588
63.0783310000001,80.6988680000001
63.0099950000001,80.718872
62.93277,80.7333219999999
62.728325,80.7705380000001
62.53833,80.8024750000001
62.5091630000001,80.8069310000001
62.504166,80.818329
62.508606,80.824158
62.519714,80.8305510000001
62.557465,80.844116
62.5758290000001,80.8461
62.9133220000001,80.9027710000001
62.9666600000001,80.914154
62.984993,80.9205319999999
63.007774,80.9330440000001
63.0372160000001,80.9458159999999
63.0874940000001,80.9591520000001
63.1161040000001,80.9638820000001
63.306099,80.98082
63.3402710000001,80.9822080000001
63.376099,80.9824830000001
63.6666640000001,80.9827579999999
63.8230510000001,80.9780430000001
63.901382,80.9741520000001
63.9391560000001,80.973602
63.9733200000001,80.974701
64.0655360000001,80.98526
64.094711,80.9897
64.1222079999999,80.995529
64.1480410000001,81.0022130000001
64.166931,81.0086060000001
64.1913600000001,81.0208280000001
64.196365,81.0266570000001
64.216095,81.0558170000001
64.1991420000001,81.066666
64.1280360000001,81.081375
64.1194310000001,81.0869290000001
64.1180420000001,81.0924840000001
64.233597,81.1535950000001
64.245819,81.1597140000001
64.265274,81.166092
64.2933200000001,81.1716460000001
64.4188690000001,81.185257
64.483597,81.191086
64.550262,81.1958160000001
64.6627660000001,81.1972050000001
64.7010960000001,81.196365
64.8208310000001,81.190536
64.863876,81.186371
65.0358120000001,81.1655430000001
65.07193,81.161102
65.1877590000001,81.142761
65.216934,81.1380460000001
65.238586,81.1330410000001
65.2686,81.1230320000001
65.269714,81.1172030000001
65.2785950000001,81.106369
65.294708,81.095535
65.3491520000001,81.0635990000001
65.4524840000001,81.027771
