"V1","V2"
102.859703,0.274444000000017
102.846916,0.273611000000017
102.841347,0.274999999999977
102.836639,0.276944000000071
102.833862,0.281111000000067
102.8358,0.285833000000139
102.848862,0.293610999999942
102.872742,0.303889000000026
102.906357,0.318332999999996
102.916077,0.322222000000068
102.922203,0.323055000000068
102.92691,0.322222000000068
102.928299,0.316943999999978
102.92691,0.311389000000077
102.923714,0.306736000000058
102.917473,0.298889000000031
102.9133,0.296111000000053
102.880249,0.281111000000067
102.859703,0.274444000000017
