"V1","V2"
-79.909164,53.0819400000001
-79.919724,53.0819400000001
-79.926102,53.084991
-79.929718,53.0894320000001
-79.93222,53.094437
-79.938599,53.1224900000001
-79.938599,53.134995
-79.934998,53.1477740000001
-79.930557,53.1524890000001
-79.906387,53.1727680000001
-79.897781,53.174438
-79.887512,53.174438
-79.877487,53.1730500000001
-79.866394,53.1694410000001
-79.8588869999999,53.166939
-79.8461149999999,53.160545
-79.7958369999999,53.116386
-79.789444,53.106941
-79.7872159999999,53.1019360000001
-79.789444,53.095825
-79.796951,53.093605
-79.835556,53.0838780000001
-79.843887,53.0822140000001
-79.909164,53.0819400000001
