"V1","V2"
122.225807,-0.278055999999935
122.220543,-0.279443999999955
122.197197,-0.27249999999998
122.144989,-0.247777999999926
122.138893,-0.240277999999876
122.138321,-0.234166999999957
122.140266,-0.229444000000001
122.1436,-0.225832999999909
122.161652,-0.209444000000019
122.169708,-0.203888999999947
122.183594,-0.197221999999954
122.188873,-0.197221999999954
122.19165,-0.201388999999949
122.18689,-0.210823000000005
122.232208,-0.260832999999991
122.234154,-0.265556000000004
122.232758,-0.271110999999962
122.22998,-0.275277999999958
122.225807,-0.278055999999935
