"V1","V2"
-81.477219,24.6363830000001
-81.48111,24.6363830000001
-81.5147249999999,24.661106
-81.517502,24.6686060000001
-81.518616,24.678051
-81.517776,24.684994
-81.516342,24.6851350000001
-81.507507,24.690273
-81.5014039999999,24.691383
-81.4902799999999,24.686939
-81.488892,24.686108
-81.478607,24.6777730000001
-81.475281,24.6716609999999
-81.471939,24.662495
-81.471115,24.6580510000001
-81.4705509999999,24.654995
-81.471664,24.6488840000001
-81.473053,24.6419410000001
-81.475555,24.6374970000001
-81.477219,24.6363830000001
