"V1","V2"
-64.061111,63.2705460000001
-64.070557,63.2683260000001
-64.0783389999999,63.268883
-64.181946,63.2969440000001
-64.251404,63.320831
-64.266953,63.326385
-64.349731,63.39222
-64.3538819999999,63.3958280000001
-64.421936,63.4716570000001
-64.4961089999999,63.6097180000001
-64.490555,63.6205440000001
-64.4791719999999,63.63694
-64.4736179999999,63.6405490000001
-64.386673,63.67527
-64.3772129999999,63.67749
-64.3672179999999,63.67527
-64.3630519999999,63.671936
-64.328888,63.6444400000001
-64.3255619999999,63.6374969999999
-64.3255619999999,63.5980450000001
-64.324448,63.588043
-64.321671,63.5774920000001
-64.316101,63.5624920000001
-64.262512,63.4211040000001
-64.232498,63.3883290000001
-64.2252809999999,63.384438
-64.2066649999999,63.384163
-64.166946,63.3694380000001
-64.1447299999999,63.355553
-64.0999909999999,63.3227690000001
-64.057495,63.278046
-64.057495,63.2738800000001
-64.061111,63.2705460000001
