"V1","V2"
-107.407784,67.083054
-107.490547,67.071381
-107.506393,67.0724950000001
-107.517502,67.074707
-107.527786,67.078049
-107.549728,67.0899810000001
-107.565002,67.1033170000001
-107.574448,67.1121980000001
-107.583893,67.121368
-107.59111,67.130814
-107.629173,67.183319
-107.630547,67.188583
-107.629707,67.1941380000001
-107.626663,67.2002720000001
-107.620537,67.2061
-107.608337,67.207489
-107.597778,67.204163
-107.58168,67.1963650000001
-107.575844,67.1922000000001
-107.561943,67.1838680000001
-107.51001,67.1563720000001
-107.477783,67.140823
-107.461937,67.1333310000001
-107.443604,67.1260830000001
-107.412781,67.1158140000001
-107.400558,67.1130370000001
-107.407784,67.083054
