"V1","V2"
-63.804726,11.021387
-63.815002,10.978054
-63.890007,10.9044440000001
-63.970001,10.8938880000001
-63.974724,10.8919430000001
-64.055557,10.857222
-64.058624,10.865
-64.1363979999999,10.945
-64.1508479999999,10.9522210000001
-64.1716769999999,10.959999
-64.176392,10.960833
-64.187225,10.9508320000001
-64.1930689999999,10.9430540000001
-64.2011259999999,10.936943
-64.224457,10.93111
-64.2314,10.931389
-64.355286,10.953888
-64.360565,10.9552760000001
-64.405838,10.967499
-64.405563,10.9727760000001
-64.3819579999999,11.05361
-64.374725,11.060276
-64.218338,11.088055
-64.205002,11.0883329999999
-64.1986239999999,11.0872210000001
-64.1941679999999,11.0849989999999
-64.191391,11.0808319999999
-64.1902919999999,11.075277
-64.191681,11.0700000000001
-64.197784,11.0619430000001
-64.1986239999999,11.0572199999999
-64.196671,11.052221
-64.188065,11.0402769999999
-64.1758419999999,11.031666
-64.105835,10.995277
-64.083618,10.9888880000001
-64.057785,10.985832
-64.051117,10.9855540000001
-64.045288,10.9866660000001
-64.040283,10.9886090000001
-64.026947,10.9955540000001
-64.022507,10.9983329999999
-64.020279,11.0030540000001
-63.98806,11.0730550000001
-63.986946,11.0791659999999
-63.9513929999999,11.115555
-63.890839,11.1730540000001
-63.8866729999999,11.175554
-63.881111,11.176943
-63.84584,11.1294440000001
-63.8438949999999,11.124722
-63.804726,11.021387
