"V1","V2"
154.882446,-5.54333300000002
154.920807,-5.54999900000001
154.96109,-5.54666700000001
154.967468,-5.54611099999994
155.073578,-5.561666
155.162354,-5.73234100000002
155.216064,-5.86872399999993
155.268799,-5.88423899999998
155.277679,-5.88895499999995
155.365021,-5.95777799999996
155.371643,-5.96472299999994
155.400543,-5.99583299999995
155.404083,-5.99999999999994
155.415527,-6.07638899999995
155.418854,-6.08666699999992
155.428589,-6.11111099999994
155.430542,-6.11583299999995
155.432739,-6.120833
155.477173,-6.16916700000002
155.490784,-6.18277699999999
155.499115,-6.18805499999996
155.562744,-6.21749999999997
155.577179,-6.22361099999995
155.582733,-6.22500000000002
155.588867,-6.22416700000002
155.61496,-6.21999999999997
155.767761,-6.35583300000002
155.772491,-6.357778
155.795258,-6.36250000000001
155.809692,-6.36860999999999
155.813599,-6.37138799999997
155.832733,-6.39861100000002
155.909698,-6.51222200000001
155.917755,-6.52444499999996
155.921906,-6.53416600000003
155.96579,-6.705556
155.967194,-6.71111099999996
155.967743,-6.71722199999994
155.966644,-6.72277699999995
155.948029,-6.77583299999992
155.940521,-6.78861099999995
155.918579,-6.80777699999993
155.913025,-6.809166
155.909698,-6.80555500000003
155.908875,-6.79944399999994
155.890533,-6.77972199999999
155.860779,-6.77500099999992
155.854675,-6.77444500000001
155.848572,-6.77500099999992
155.823853,-6.77777800000001
155.816376,-6.78055599999999
155.775269,-6.81444499999998
155.748566,-6.84249999999992
155.742462,-6.84999900000003
155.719696,-6.87499999999994
155.713013,-6.88194399999992
155.707458,-6.88333299999994
155.693848,-6.88333299999994
155.62384,-6.86833299999995
155.558868,-6.85250000000002
155.492188,-6.83027799999996
155.478027,-6.82416699999999
155.444977,-6.809166
155.342743,-6.74361099999999
155.338867,-6.74111099999999
155.335236,-6.73750000000001
155.23996,-6.622499
155.192749,-6.56055499999997
155.20163,-6.53472199999993
155.207184,-6.53472199999993
155.209961,-6.53055599999993
155.216064,-6.516389
155.224976,-6.47749999999996
155.232452,-6.444166
155.233307,-6.43805500000002
155.233307,-6.42444399999994
155.23053,-6.36305499999997
155.226349,-6.34694500000001
155.218842,-6.32916699999998
155.214142,-6.32027799999992
155.204407,-6.30861099999993
155.190796,-6.29499999999996
155.187195,-6.29166699999996
155.174988,-6.28333299999997
155.127747,-6.27611200000001
155.101624,-6.27722299999999
155.063293,-6.25694600000003
154.99411,-6.21666599999998
154.981628,-6.20861100000002
154.972198,-6.19777799999991
154.969971,-6.19277799999992
154.88858,-6.07916699999993
154.880249,-6.07361100000003
154.823578,-6.02805599999999
154.755646,-5.95617399999992
154.746643,-5.94450399999999
154.744385,-5.93977999999998
154.70047,-5.78020099999992
154.698578,-5.76851799999997
154.699432,-5.76239899999996
154.718262,-5.67006099999998
154.753601,-5.518056
154.790527,-5.47916700000002
154.794128,-5.48250000000002
154.882446,-5.54333300000002
