"V1","V2"
138.690521,-6.76138999999995
138.714691,-6.764723
138.728302,-6.764723
138.738556,-6.768056
138.74884,-6.77833399999997
138.76944,-6.80610999999993
138.786102,-6.83083299999998
138.788025,-6.83555599999994
138.786652,-6.84083399999992
138.782471,-6.84361200000001
138.745514,-6.86805499999997
138.735779,-6.87222199999997
138.73053,-6.87360999999999
138.723572,-6.87360999999999
138.711914,-6.87138799999997
138.702454,-6.86749899999995
138.685242,-6.85722299999998
138.618011,-6.768889
138.611908,-6.75444499999998
138.610504,-6.74222199999991
138.611084,-6.73611099999999
138.613861,-6.731944
138.621338,-6.72583300000002
138.628296,-6.72583300000002
138.634155,-6.72949999999997
138.654968,-6.74888899999996
138.6633,-6.75444499999998
138.690521,-6.76138999999995
