"V1","V2"
-74.777237,-44.6875
-74.785843,-44.687782
-74.793335,-44.685837
-74.797501,-44.682228
-74.815567,-44.6611179999999
-74.820007,-44.651115
-74.825012,-44.628616
-74.825562,-44.610001
-74.8236239999999,-44.570839
-74.818069,-44.5600049999999
-74.814728,-44.555557
-74.810287,-44.5516739999999
-74.804169,-44.5491709999999
-74.795288,-44.5491709999999
-74.789169,-44.5516739999999
-74.7386169999999,-44.5733339999999
-74.730835,-44.58139
-74.7286219999999,-44.5863949999999
-74.7261199999999,-44.5977779999999
-74.727783,-44.611389
-74.741959,-44.6719509999999
-74.765015,-44.682785
-74.777237,-44.6875
