"V1","V2"
-50.799728,63.0816650000001
-50.809998,63.0805510000001
-50.821671,63.0808260000001
-50.832779,63.0844349999999
-50.875557,63.109161
-50.8855589999999,63.1177670000001
-50.887222,63.122215
-50.877777,63.1386030000001
-50.869995,63.143608
-50.796669,63.1824950000001
-50.7880549999999,63.1866530000001
-50.777779,63.1880420000001
-50.7650069999999,63.1858220000001
-50.753891,63.1822130000001
-50.730553,63.1699910000001
-50.682777,63.116661
-50.684166,63.1116640000001
-50.692497,63.107498
-50.700554,63.103882
-50.750282,63.091377
-50.771111,63.087212
-50.799728,63.0816650000001
