"V1","V2"
-57.279167,-64.5525049999999
-57.324448,-64.554459
-57.355835,-64.553619
-57.3880619999999,-64.551392
-57.421951,-64.545563
-57.45723,-64.537231
-57.468895,-64.533066
-57.474724,-64.528336
-57.48806,-64.5030669999999
-57.488617,-64.496399
-57.483063,-64.489182
-57.474724,-64.4819489999999
-57.455284,-64.466675
-57.4441679999999,-64.458893
-57.432228,-64.4525149999999
-57.418892,-64.448334
-57.391113,-64.443069
-57.376396,-64.441391
-57.3180619999999,-64.4355619999999
-57.245285,-64.4280699999999
-57.201118,-64.421677
-57.172501,-64.417511
-57.1450039999999,-64.411957
-57.118057,-64.405289
-57.063614,-64.391678
-57.036949,-64.384735
-56.983063,-64.368057
-56.94445,-64.354446
-56.932228,-64.3491669999999
-56.892502,-64.337234
-56.863892,-64.334167
-56.855003,-64.338623
-56.8602829999999,-64.34584
-56.910004,-64.410843
-56.92334,-64.4255679999999
-56.939445,-64.440567
-56.972778,-64.463898
-56.99556,-64.478348
-57.030281,-64.499176
-57.066391,-64.517502
-57.091667,-64.5280609999999
-57.104729,-64.532227
-57.1313929999999,-64.5400089999999
-57.159172,-64.545563
-57.173889,-64.547226
-57.279167,-64.5525049999999
