"V1","V2"
-122.666656,48.025551
-122.672783,48.022766
-122.681953,48.023605
-122.688889,48.0258260000001
-122.702789,48.0372160000001
-122.705841,48.041382
-122.722778,48.071381
-122.728333,48.088043
-122.727219,48.0941540000001
-122.715286,48.1141590000001
-122.710007,48.1174930000001
-122.70195,48.11805
-122.692757,48.1172100000001
-122.683884,48.1094360000001
-122.681107,48.1047130000001
-122.681107,48.1024929999999
-122.675552,48.0919340000001
-122.667221,48.0705490000001
-122.659729,48.048332
-122.65889,48.0419390000001
-122.659157,48.0349960000001
-122.661667,48.029716
-122.666656,48.025551
