"V1","V2"
124.437477,10.6249980000001
124.411926,10.624441
124.399719,10.6302759999999
124.392487,10.639442
124.390823,10.6458320000001
124.400269,10.674166
124.402206,10.6788860000001
124.416092,10.7013870000001
124.419144,10.7055530000001
124.428307,10.7122190000001
124.439423,10.714998
124.451393,10.714998
124.463882,10.7099969999999
124.486923,10.696943
124.491928,10.693054
124.509987,10.676388
124.513893,10.6724990000001
124.517761,10.6644440000001
124.517487,10.6594430000001
124.516388,10.6561090000001
124.512207,10.6516650000001
124.49971,10.641666
124.492752,10.63722
124.483871,10.6333330000001
124.457207,10.626663
124.437477,10.6249980000001
