"V1","V2"
-50.618057,63.114716
-50.6277769999999,63.1138839999999
-50.639725,63.1152730000001
-50.6663889999999,63.1219330000001
-50.676392,63.130821
-50.679169,63.1352690000001
-50.681114,63.145271
-50.669998,63.1572110000001
-50.612221,63.2016600000001
-50.5813899999999,63.205551
-50.558052,63.2061000000001
-50.548889,63.202217
-50.540001,63.1952669999999
-50.483612,63.1663820000001
-50.475273,63.161934
-50.471382,63.157768
-50.468605,63.1533200000001
-50.471939,63.147774
-50.4805529999999,63.1422200000001
-50.488892,63.138046
-50.507782,63.132492
-50.618057,63.114716
