"V1","V2"
102.435791,11.954165
102.433296,11.952497
102.314407,11.956942
102.291351,11.9744420000001
102.251938,12.1305520000001
102.250549,12.15
102.253326,12.1513880000001
102.27388,12.1483329999999
102.301682,12.14217
102.31192,12.1397210000001
102.320541,12.1361100000001
102.328323,12.131386
102.351646,12.1144430000001
102.356369,12.1108300000001
102.359993,12.1066650000001
102.363037,12.101387
102.36554,12.095831
102.369431,12.0830540000001
102.374687,12.0722200000001
102.411102,12.017776
102.417763,12.0083330000001
102.426453,12
102.434128,11.99222
102.444962,11.9786090000001
102.447739,11.973331
102.447456,11.9705520000001
102.435791,11.954165
