"V1","V2"
121.185257,6.03999899999997
121.253052,6.01611000000014
121.255829,6.01611000000014
121.388046,6.01027800000003
121.393051,6.00833300000005
121.408333,5.99972099999997
121.424149,5.984444
121.427757,5.97777700000012
121.428307,5.97416600000014
121.426933,5.95611000000008
121.425812,5.9524990000001
121.389427,5.91666600000002
121.370529,5.91277700000012
121.366089,5.91499900000008
121.36026,5.91583300000002
121.354156,5.91472099999999
121.348038,5.91249900000003
121.314987,5.88694399999997
121.3022,5.87333200000012
121.28804,5.85416600000008
121.283333,5.87055400000008
121.280548,5.87472100000008
121.240257,5.93110999999999
121.231934,5.94194299999992
121.198029,5.94916500000011
121.183868,5.94110999999992
121.083603,5.88805500000007
120.932213,5.88777700000014
120.920258,5.89083300000004
120.878036,5.91749900000002
120.875526,5.92111
120.868874,5.94361000000004
120.869431,5.95388800000006
120.889427,5.996666
120.892212,6
120.919983,6.0216660000001
121.015549,6.07805499999995
121.117477,6.08833199999998
121.128311,6.08666599999998
121.15332,6.07611100000008
121.158867,6.07111100000009
121.185257,6.03999899999997
