"V1","V2"
112.805817,21.6533279999999
112.793587,21.5741650000001
112.787773,21.5744399999999
112.770264,21.5758290000001
112.764427,21.5763850000001
112.756943,21.583054
112.72998,21.612495
112.727478,21.6169400000001
112.702209,21.681664
112.703323,21.6877750000001
112.726379,21.7147180000001
112.733047,21.722496
112.776093,21.767776
112.781937,21.7688870000001
112.830276,21.7741660000001
112.836929,21.7741660000001
112.868874,21.7663880000001
112.868874,21.7599980000001
112.866928,21.754719
112.864433,21.750275
112.861099,21.746384
112.805817,21.6533279999999
