"V1","V2"
-94.363892,75.5908200000001
-94.32695,75.579712
-94.2438809999999,75.5497130000001
-94.2052759999999,75.529709
-94.010284,75.4422000000001
-93.989716,75.4349820000001
-93.8397219999999,75.388046
-93.742493,75.3644260000001
-93.499161,75.2647090000001
-93.4875029999999,75.256653
-93.493332,75.2472079999999
-93.529175,75.1763760000001
-93.488892,75.0724949999999
-93.434158,74.966385
-93.406387,74.883606
-93.4580539999999,74.7149960000001
-93.462509,74.7086029999999
-93.467773,74.703049
-93.484726,74.6877590000001
-93.496109,74.681931
-93.530563,74.6677550000001
-93.563324,74.6594240000001
-93.6916659999999,74.6399840000001
-93.7172239999999,74.6369320000001
-93.741379,74.635544
-94.040283,74.6408230000001
-94.2499999999999,74.646378
-94.388062,74.6352690000001
-94.4711149999999,74.626648
-94.511948,74.6233060000001
-94.5475009999999,74.6213680000001
-94.643341,74.6235960000001
-94.6877749999999,74.6283110000001
-95.0247189999999,74.6730350000001
-95.080002,74.680817
-95.085831,74.687195
-95.07695,74.697479
-95.072784,74.7022090000001
-95.104446,74.7441410000001
-95.2664029999999,74.7933199999999
-95.283325,74.798035
-95.29834,74.800262
-95.4033359999999,74.803864
-95.434158,74.801376
-95.457504,74.798325
-95.479172,74.7880400000001
-95.4830629999999,74.783325
-95.482773,74.779434
-95.475555,74.7699890000001
-95.462219,74.7566530000001
-95.547226,74.761108
-95.6258239999999,74.8074800000001
-95.705566,74.8299870000001
-95.7408289999999,74.8238830000001
-95.7713929999999,74.8236080000001
-95.864166,74.8260960000001
-95.959473,74.856369
-96.0025019999999,74.8727570000001
-96.0066679999999,74.8769230000001
-96.0772249999999,74.9027710000001
-96.1352839999999,74.9510960000001
-96.141678,74.9572140000001
-96.136948,74.9630430000001
-96.1247099999999,74.9758150000001
-96.094727,74.991364
-96.070847,75.0019380000001
-96.056381,75.0102689999999
-96.055557,75.0160979999999
-96.060547,75.0194400000001
-96.0741729999999,75.0236050000001
-96.083069,75.0244290000001
-96.142227,75.0177610000001
-96.147507,75.0136110000001
-96.2008359999999,74.954712
-96.203339,74.9516600000001
-96.2066649999999,74.943039
-96.2038879999999,74.9369199999999
-96.205841,74.920258
-96.209732,74.9155430000001
-96.22139,74.910263
-96.2477719999999,74.905548
-96.268341,74.9038700000001
-96.315277,74.9024810000001
-96.337219,74.9035950000001
-96.357498,74.906647
-96.373611,74.910263
-96.387222,74.9147030000001
-96.3966669999999,74.9197080000001
-96.403061,74.9258120000001
-96.386124,74.9738770000001
-96.357498,74.9713750000001
-96.341385,74.972488
-96.328064,74.9747010000001
-96.320557,74.979431
-96.318344,74.9822080000001
-96.3222349999999,75.0013890000001
-96.3311159999999,75.0047150000001
-96.476669,75.0044400000001
-96.5008389999999,75.002777
-96.523056,74.9991459999999
-96.53389,74.9947050000001
-96.559723,74.986099
-96.580292,74.984146
-96.599991,74.983322
-96.614166,74.9849849999999
-96.616943,74.991089
-96.604721,75.063309
-96.5713959999999,75.1010890000001
-96.4630579999999,75.1933139999999
-96.45639,75.19693
-96.3786009999999,75.21666
-96.077789,75.2724910000001
-95.948044,75.2833250000001
-95.922501,75.286102
-95.9033359999999,75.2899780000001
-95.9105529999999,75.295258
-95.934433,75.2972110000001
-95.978058,75.298874
-96.026672,75.2991490000001
-96.0499879999999,75.2969360000001
-96.061935,75.3152620000001
-96.003616,75.343048
-95.9324949999999,75.3530430000001
-95.934715,75.350174
-95.934723,75.347763
-95.919998,75.346939
-95.890289,75.349152
-95.887444,75.3602680000001
-95.8367769999999,75.369926
-95.83078,75.371429
-95.829781,75.3725890000001
-95.8306119999999,75.374428
-95.8327869999999,75.3759230000001
-95.848274,75.378433
-95.906776,75.3874280000001
-95.9277799999999,75.3980410000001
-96.0333249999999,75.4010930000001
-96.055267,75.4008180000001
-96.0788879999999,75.396103
-96.079178,75.391098
-96.083618,75.385544
-96.099731,75.3802640000001
-96.126099,75.3769230000001
-96.151108,75.3749849999999
-96.175278,75.379425
-96.178879,75.38443
-96.161942,75.395538
-96.1497339999999,75.4008180000001
-96.13501,75.406372
-96.0958399999999,75.4177550000001
-96.0625,75.4249880000001
-95.974167,75.4360960000001
-95.958344,75.4363710000001
-95.936386,75.4341430000001
-95.874161,75.4238740000001
-95.831047,75.4153140000001
-95.83255,75.4136510000001
-95.833221,75.4099880000001
-95.831047,75.4069820000001
-95.825882,75.4033200000001
-95.814384,75.4003220000001
-95.7695539999999,75.4003220000001
-95.6911009999999,75.4052580000001
-95.682495,75.408325
-95.676102,75.4158170000001
-95.678329,75.421921
-95.684723,75.4283140000001
-95.691666,75.4297030000001
-95.7158359999999,75.4291530000001
-95.7341609999999,75.426086
-95.7586209999999,75.425537
-95.781677,75.42804
-95.8005519999999,75.431656
-95.825012,75.4399720000001
-95.8300019999999,75.4433140000001
-95.836945,75.4535980000001
-95.838058,75.4591520000001
-95.835556,75.464432
-95.83223,75.4705350000001
-95.824173,75.4777679999999
-95.8005519999999,75.4913640000001
-95.762222,75.508041
-95.749725,75.5133210000001
-95.470001,75.56694
-95.2752839999999,75.5994260000001
-95.264175,75.5938720000001
-95.234436,75.584717
-95.212784,75.5824890000001
-95.178604,75.584427
-95.1247099999999,75.5952610000001
-95.104172,75.6002660000001
-95.093338,75.603592
-95.085831,75.607208
-95.084167,75.6091460000001
-95.0752869999999,75.614426
-95.0633239999999,75.618866
-95.0444489999999,75.6216430000001
-94.91777,75.637207
-94.901672,75.6374970000001
-94.7413789999999,75.6241460000001
-94.559723,75.6124880000001
-94.511124,75.6110990000001
-94.465561,75.608322
-94.404175,75.5991520000001
-94.363892,75.5908200000001
