"V1","V2"
121.844994,31.2880520000001
121.839157,31.286663
121.833603,31.2880520000001
121.830276,31.2922210000001
121.814423,31.3130530000001
121.812187,31.3174969999999
121.803589,31.336384
121.797501,31.3516920000001
121.790817,31.3644410000001
121.791931,31.3699950000001
121.803307,31.3733290000001
121.823608,31.3747180000001
121.839157,31.373051
121.869431,31.3630519999999
121.87886,31.3566630000001
121.880257,31.351387
121.880814,31.345551
121.879433,31.3147200000001
121.876083,31.310276
121.849716,31.290833
121.844994,31.2880520000001
