"V1","V2"
95.598877,76.6699830000001
95.6266480000001,76.667206
95.648453,76.673416
95.6847080000001,76.689697
95.702209,76.694138
95.734711,76.693863
95.8166660000001,76.6902620000001
95.8319400000001,76.685532
95.830826,76.6780400000001
95.7116550000001,76.6458280000001
95.6819310000001,76.645264
95.5327610000001,76.646103
95.497208,76.6472170000001
95.4736020000001,76.650543
95.4541630000001,76.654434
95.4472050000001,76.6605380000001
95.4383090000001,76.670258
95.412766,76.699707
95.4260860000001,76.703323
95.483322,76.7133180000001
95.513046,76.7138820000001
95.543869,76.704437
95.5510859999999,76.698318
95.554153,76.69165
95.5724949999999,76.679977
95.583603,76.6746980000001
95.598877,76.6699830000001
