"V1","V2"
175.954681,-1.27916699999992
175.97467,-1.289444
176.021912,-1.36555599999997
176.025269,-1.375833
176.022491,-1.38666699999993
176.018311,-1.38944400000003
176.014984,-1.36833300000001
176.013611,-1.36277799999999
176.0047,-1.34444499999995
175.958862,-1.28750000000002
175.954132,-1.28527800000001
175.947754,-1.28611100000001
175.940247,-1.29222199999998
175.943024,-1.29638899999998
175.944427,-1.30194399999999
175.939697,-1.30388899999997
175.934143,-1.30249999999995
175.93219,-1.29777799999999
175.933319,-1.29222199999998
175.938873,-1.28416700000002
175.942474,-1.28055599999993
175.947754,-1.27916699999992
175.954681,-1.27916699999992
