"V1","V2"
-50.958618,-0.567499999999995
-50.983894,-0.576388999999949
-50.956947,-0.522221999999999
-50.8905559999999,-0.401111000000014
-50.886116,-0.393610999999964
-50.878334,-0.385277999999971
-50.854172,-0.375
-50.8469469999999,-0.37305600000002
-50.822227,-0.371667000000002
-50.793335,-0.37694399999998
-50.784447,-0.379722000000015
-50.776947,-0.383888999999954
-50.7638929999999,-0.401111000000014
-50.7605589999999,-0.408611000000008
-50.757782,-0.416666999999961
-50.7563929999999,-0.425555999999972
-50.757782,-0.435277999999926
-50.761116,-0.444166999999993
-50.765282,-0.451666999999986
-50.78334,-0.471667000000025
-50.796951,-0.485277999999994
-50.8049999999999,-0.49222199999997
-50.820839,-0.505277999999976
-50.828339,-0.509443999999974
-50.958618,-0.567499999999995
