"V1","V2"
116.789146,6.57916599999999
116.799988,6.57666600000005
116.824158,6.58000000000004
116.845261,6.58611000000002
116.854156,6.59083300000003
116.862488,6.5963880000001
116.981659,6.74194300000005
117.048027,6.82555500000012
117.054428,6.83999900000009
117.054428,6.84666600000014
117.048866,6.86860900000011
117.046944,6.87333200000006
117.038589,6.88555500000012
117.034416,6.89500000000004
117.029709,6.91083200000008
117.029709,6.93110999999993
117.031097,6.93666600000012
117.033867,6.94055500000002
117.068604,6.979444
117.075546,6.98611
117.079712,6.98888799999997
117.089432,6.99305400000009
117.141937,7.00194400000004
117.148331,7.00111100000004
117.168869,6.99444300000005
117.178307,6.99027600000005
117.246094,6.94888800000007
117.252487,6.94138700000008
117.253052,6.92833200000013
117.252487,6.88833200000005
117.251663,6.8752770000001
117.24498,6.86166600000013
117.253052,6.76777700000008
117.276382,6.66916600000013
117.277771,6.66361000000012
117.285263,6.64388800000006
117.290817,6.6358330000001
117.297493,6.62888700000002
117.305817,6.62361000000004
117.453873,6.54388799999998
117.463318,6.53972099999999
117.469711,6.53916500000014
117.474426,6.54110999999995
117.477768,6.54444300000006
117.558594,6.53777700000006
117.646378,6.51611000000003
117.650543,6.5133330000001
117.676651,6.49138700000009
117.724426,6.42333200000007
117.738876,6.38999900000005
117.7397,6.38388799999996
117.734154,6.31722200000013
117.728043,6.26888800000006
117.726646,6.26333299999999
117.724426,6.25861100000009
117.721649,6.25444400000009
117.717758,6.25166600000011
117.712769,6.24972100000014
117.70665,6.24888800000014
117.688873,6.25166600000011
117.671654,6.25527799999998
117.642212,6.24361000000005
117.61499,6.22305499999999
117.611366,6.21972099999999
117.608597,6.21499900000009
117.601089,6.19527599999998
117.599716,6.18972100000008
117.601929,6.17805500000009
117.63472,6.12916600000011
117.650543,6.11083200000002
117.654709,6.10805399999998
117.659988,6.0997210000001
117.662773,6.08888799999994
117.675262,5.997499
117.675812,5.98472100000004
117.673866,5.98000000000002
117.667763,5.97166499999997
117.643051,5.94860899999992
117.629967,5.94027600000004
117.590271,5.92527699999999
117.564987,5.9163880000001
117.503052,5.89611100000013
117.550537,5.89749900000004
117.782211,5.91499900000008
117.878036,5.94777700000003
117.882751,5.9500000000001
117.891098,5.95527700000008
117.942467,6.00638900000013
117.949417,6.01333300000005
117.976089,6.04111000000006
117.984993,6.05277600000005
117.986923,6.05749900000001
117.9897,6.061666
118.002777,6.06222100000008
118.008881,6.061666
118.013046,6.05888700000014
118.036926,6.03499899999997
118.048599,6.01944400000014
118.073318,5.97499900000014
118.124687,5.86666600000012
118.124687,5.86138800000003
118.119141,5.85305400000004
118.093048,5.81777800000003
118.089706,5.81416500000006
118.080276,5.81027700000004
118.040543,5.80333200000007
117.982208,5.80944299999999
117.931374,5.81360999999998
117.921097,5.81027700000004
117.909416,5.80138799999997
117.906937,5.79722100000004
117.906937,5.79027700000012
117.917763,5.75499900000011
117.952766,5.687499
117.9561,5.68388700000008
117.960274,5.68138800000008
118.125526,5.6894430000001
118.156372,5.78416499999997
118.156372,5.78972099999993
118.157494,5.79527700000011
118.165817,5.80055400000009
118.176651,5.80388699999997
118.255547,5.82777700000014
118.261932,5.82722200000001
118.362488,5.81027700000004
118.373596,5.80749900000006
118.429703,5.78166599999997
118.443314,5.774721
118.466087,5.76305500000001
118.474991,5.75833300000011
118.495529,5.74472100000003
118.574997,5.691666
118.583054,5.68610999999999
118.64888,5.63777700000003
118.663002,5.62499999999994
118.6922,5.59138799999994
118.785263,5.52722199999999
118.934708,5.42972100000009
119.056641,5.40444400000013
119.070267,5.40444400000013
119.082764,5.40583200000003
119.098602,5.41055500000004
119.106644,5.41611000000012
119.116928,5.42611000000005
119.128593,5.43499899999995
119.134163,5.43638700000008
119.17804,5.44527599999992
119.189697,5.44333200000005
119.198593,5.43860999999998
119.210274,5.42972100000009
119.217758,5.42361
119.225273,5.41722099999998
119.238876,5.40361000000001
119.260269,5.37722100000008
119.263046,5.37305500000002
119.267761,5.36416500000007
119.275818,5.34499899999997
119.272491,5.22361000000012
119.263611,5.20499899999999
119.255547,5.19277699999998
119.244431,5.17638800000003
119.223877,5.14861000000008
119.214432,5.13749999999993
119.193588,5.12388800000008
119.171097,5.11222100000003
119.128036,5.09388799999994
119.069717,5.06999999999999
119.034149,5.05777600000005
118.99498,5.04888800000009
118.977203,5.04611000000006
118.939423,5.03583200000003
118.913307,5.02777700000001
118.818329,4.9927770000001
118.77916,4.97722099999999
118.748871,4.96499899999998
118.710541,4.94777700000003
118.70166,4.94305400000007
118.549713,4.95861100000008
118.448318,4.99694299999999
118.445251,5.00111100000009
118.424988,5.02166599999993
118.413307,5.03055499999999
118.398041,5.03583200000003
118.391373,5.03583200000003
118.357758,5.03583200000003
118.350807,5.03583200000003
118.34137,5.03166599999992
118.209152,4.96361100000007
118.205551,4.95999899999998
118.140549,4.8883320000001
118.135818,4.87944300000004
118.133041,4.86860899999994
118.131653,4.85638800000009
118.133041,4.85083200000008
118.23082,4.73555499999998
118.280273,4.68222100000014
118.284416,4.67944299999994
118.417213,4.59333200000009
118.428307,4.60972100000004
118.431664,4.61305399999992
118.437759,4.61388800000003
118.443314,4.61249900000001
118.48526,4.59277699999996
118.486969,4.56489699999997
118.467262,4.53844299999997
118.509277,4.50057700000008
118.544029,4.52547500000009
118.592758,4.52361000000013
118.596939,4.51888800000006
118.642212,4.45055500000012
118.644707,4.44666600000005
118.645538,4.44027599999998
118.64415,4.434999
118.642212,4.4302770000001
118.639427,4.42611000000011
118.633331,4.41861
118.626373,4.41166600000014
118.5522,4.35166500000003
118.546944,4.35027700000012
118.540817,4.35083200000003
118.535263,4.35222099999999
118.530548,4.35444400000006
118.524986,4.35555499999998
118.497482,4.35555499999998
118.404427,4.3488880000001
118.183594,4.30777600000005
118.125,4.29048100000006
118.073883,4.26694400000002
118.013046,4.231943
118,4.22444300000012
117.995247,4.22388800000004
117.988312,4.22388800000004
117.908043,4.24499900000006
117.90332,4.24694299999999
117.890266,4.25444399999998
117.886932,4.25805500000013
117.873306,4.27722200000011
117.863037,4.28722099999999
117.775269,4.33527700000013
117.693039,4.37472100000002
117.62915,4.35361
117.651932,4.28444400000006
117.65332,4.27916599999998
117.651932,4.26694400000002
117.649719,4.26194400000003
117.64444,4.25388800000013
117.601089,4.19972000000001
117.592056,4.16981800000002
117.52887,4.17527699999999
117.497757,4.17888700000003
117.47554,4.18361000000004
117.452766,4.18861000000004
117.443314,4.19277700000004
117.435532,4.19888800000007
117.424423,4.21472199999994
117.420258,4.22472100000005
117.410812,4.24249800000007
117.405258,4.25111100000004
117.398331,4.25805500000013
117.253883,4.352777
117.24971,4.35499900000002
117.239433,4.35833299999996
117.226379,4.35916500000008
117.220833,4.35833299999996
117.211113,4.35444400000006
117.204163,4.3480550000001
117.201393,4.34388800000011
117.194427,4.33694400000002
117.189148,4.33555500000006
117.176651,4.33555500000006
117.043869,4.33694400000002
116.93692,4.35083200000003
116.924423,4.35222099999999
116.910538,4.35222099999999
116.891937,4.34999900000003
116.886383,4.34861000000001
116.876923,4.34527700000012
116.843048,4.33083200000004
116.836647,4.32999999999998
116.688766,4.33075000000002
116.641937,4.33472200000006
116.5336,4.33083200000004
116.529427,4.32111100000009
116.525818,4.317499
116.468597,4.29472199999998
116.463043,4.29333200000008
116.45694,4.29388800000004
116.451393,4.29527700000006
116.44165,4.29944299999994
116.425812,4.30999900000012
116.314697,4.357777
116.155823,4.35916500000008
116.150818,4.35083200000003
116.141937,4.33888800000011
116.138603,4.33555500000006
116.074158,4.28361000000001
116.065262,4.27861000000001
116.059708,4.27722200000011
116.054153,4.27722200000011
116.049423,4.27944400000007
116.045822,4.28277700000001
116.032761,4.29749900000002
116.029984,4.30166500000013
116.028053,4.30638800000008
116.008041,4.32722199999995
116.000267,4.33277700000002
115.986649,4.33972200000005
115.976089,4.34305500000011
115.892487,4.36888800000003
115.886383,4.36805399999997
115.880814,4.36666600000007
115.872482,4.36111000000005
115.859421,4.34749900000008
115.856644,4.34305500000011
115.854713,4.33833199999992
115.85054,4.32166599999999
115.770264,4.24472099999997
115.761383,4.23972099999997
115.690811,4.18027699999993
115.685257,4.17194400000005
115.681374,4.16277700000006
115.659714,4.10859599999992
115.661102,4.09777700000006
115.662491,4.0783330000001
115.616379,3.85416700000002
115.585274,3.74166600000007
115.576927,3.70861099999996
115.571381,3.666111
115.571381,3.61277699999994
115.574158,3.59472199999999
115.578873,3.585555
115.601929,3.53916600000014
115.626083,3.45777800000002
115.628036,3.439166
115.628036,3.43222200000008
115.626648,3.42666600000013
115.618317,3.42111100000005
115.612762,3.41972200000004
115.606087,3.41972200000004
115.596939,3.42472200000003
115.587196,3.42888799999992
115.5811,3.42805499999992
115.576393,3.42611100000005
115.570831,3.41777799999994
115.558868,3.3891660000001
115.553307,3.37388800000008
115.538879,3.33361099999996
115.534149,3.31833300000011
115.529984,3.30166600000007
115.511932,3.21000000000009
115.509987,3.19833300000005
115.511383,3.18583299999995
115.514709,3.18222200000014
115.528587,3.17611100000005
115.498871,3.05027700000011
115.495529,3.04000000000013
115.487198,3.02750000000009
115.380814,2.99222200000008
115.375259,2.99138799999997
115.320831,2.98638799999998
115.315811,2.98916599999995
115.310257,2.99777699999999
115.305542,3.00666700000011
115.301376,3.01638800000012
115.24971,3.01083299999999
115.155548,2.92555499999997
115.148613,2.91861100000006
115.139709,2.90611000000007
115.118317,2.85111100000012
115.081673,2.61638799999997
115.083054,2.61083300000007
115.088593,2.60249900000008
115.092758,2.5997210000001
115.098328,2.59749900000008
115.104431,2.59694400000001
115.110809,2.59749900000008
115.119713,2.60249900000008
115.126648,2.60861100000005
115.130814,2.61083300000007
115.136383,2.61222200000003
115.166656,2.60583300000008
115.172211,2.60444400000006
115.185257,2.59694400000001
115.199142,2.58305500000012
115.234993,2.53361100000006
115.237198,2.52888800000005
115.237198,2.52249999999998
115.23082,2.50805500000013
115.217758,2.49416600000006
115.213608,2.49138800000009
115.203873,2.48722199999997
115.187477,2.48305499999998
115.09082,2.42250000000007
115.001663,2.36055500000003
114.950546,2.295278
114.947746,2.291111
114.939423,2.28555500000004
114.929703,2.2822220000001
114.907761,2.27666599999998
114.900818,2.27666599999998
114.875809,2.27944400000013
114.870247,2.27944400000013
114.817207,2.26416600000005
114.810257,2.25722200000001
114.804703,2.24888800000002
114.792213,2.21944400000007
114.790817,2.21416600000003
114.778587,2.16555499999993
114.776382,2.15361100000007
114.776382,2.14666699999998
114.800537,2.06472200000002
114.839157,2.04388900000004
114.848877,2.04722199999998
114.855263,2.04805499999998
114.861366,2.04722199999998
114.866928,2.04527800000005
114.868317,2.04388900000004
114.872482,2.02027800000008
114.872482,2.00777800000003
114.861923,1.91527700000006
114.859993,1.90416600000003
114.853043,1.89722200000011
114.844711,1.89166599999999
114.783333,1.86388899999992
114.710823,1.770555
114.674423,1.6425000000001
114.590271,1.45416599999999
114.587486,1.4500000000001
114.580551,1.44333300000005
114.572487,1.43777799999992
114.562759,1.43361099999998
114.557213,1.43222200000014
114.543587,1.43222200000014
114.533333,1.43555500000002
114.511383,1.44805500000012
114.496094,1.46027799999996
114.488586,1.46638799999999
114.477768,1.47611100000012
114.473602,1.47888899999992
114.452477,1.4919440000001
114.443588,1.496666
114.424423,1.50472200000007
114.413307,1.50777799999997
114.401657,1.50972200000007
114.389427,1.50833300000005
114.290817,1.47000000000003
114.233871,1.44472200000001
114.228867,1.44250000000005
114.084396,1.46999299999999
114.0336,1.458889
114.00499,1.45361100000008
113.987198,1.4508330000001
113.968597,1.44861100000008
113.930817,1.44527699999992
113.925537,1.44388900000001
113.918053,1.43777799999992
113.891098,1.4097220000001
113.884987,1.40222200000005
113.876083,1.39055499999995
113.865257,1.374166
113.842484,1.34861100000001
113.794434,1.3075
113.786377,1.30194399999999
113.66304,1.22666600000008
113.658333,1.22472199999999
113.651932,1.22527700000012
113.642487,1.22944400000006
113.629967,1.23777699999999
113.616379,1.25138900000002
113.586929,1.28361100000012
113.4561,1.28833300000002
113.37442,1.3438890000001
113.363602,1.35361099999994
113.355263,1.35888900000003
113.34082,1.36527800000005
113.126373,1.43166599999995
113.059143,1.5363890000001
113.057213,1.541111
113.054428,1.54527799999994
113.038589,1.55694399999993
112.99971,1.57277799999997
112.976929,1.57750000000004
112.887207,1.58777800000013
112.881088,1.58833300000003
112.680267,1.56305500000002
112.504173,1.57055500000007
112.5,1.57055500000007
112.49054,1.57055500000007
112.472763,1.56805500000002
112.309708,1.49944399999998
112.204712,1.45361100000008
112.198029,1.44666600000011
112.184708,1.42527699999999
112.180817,1.41583300000002
112.180817,1.4088890000001
112.183594,1.40500000000003
112.188309,1.40277700000013
112.195251,1.40277700000013
112.207489,1.40416599999992
112.212196,1.40222200000005
112.214432,1.39722200000006
112.214996,1.39111100000014
112.213608,1.37888900000002
112.212196,1.373333
112.136108,1.15611100000001
112.134163,1.15138900000011
112.131363,1.14722200000011
112.127197,1.14444400000008
112.110809,1.14055500000001
112.074432,1.13555500000001
112.055252,1.13416600000005
112.041656,1.13416600000005
111.983322,1.13777800000014
111.965553,1.13499999999993
111.954712,1.13222200000013
111.949707,1.12999999999994
111.94165,1.12472200000008
111.893051,1.07749999999999
111.889427,1.07388900000001
111.879967,1.05555500000003
111.873871,1.04111100000006
111.863602,1.02388900000011
111.856644,1.01694400000014
111.845833,1.00749999999999
111.827209,0.998611000000096
111.809982,0.995277999999985
111.79776,0.993889000000024
111.732758,1.00611099999998
111.724426,1.01166699999999
111.700272,1.02472200000011
111.681931,1.03361100000001
111.672211,1.037778
111.666931,1.03916600000008
111.655258,1.03694400000006
111.635269,1.02944400000001
111.56749,1.00138900000007
111.562759,0.999166000000002
111.419434,1.00805500000007
111.406372,1.00888899999995
111.394707,1.01166699999999
111.311096,1.044444
111.258331,1.06722200000013
111.211929,1.06972200000001
111.198029,1.06305500000013
111.192467,1.06166600000012
111.024147,1.02472200000011
111.006943,1.02111100000013
110.994713,1.02000000000004
110.941093,1.01861100000002
110.909714,1.01583300000004
110.90416,1.01444400000003
110.885536,1.00555499999996
110.82193,0.952778000000023
110.818604,0.949167000000045
110.815811,0.945277999999917
110.813026,0.934167000000059
110.813026,0.920554999999979
110.812187,0.914444000000117
110.809708,0.910278000000005
110.806091,0.906667000000027
110.701927,0.878055000000018
110.598602,0.856110999999999
110.574432,0.852778000000058
110.555252,0.853888999999981
110.544434,0.856666999999959
110.524429,0.864166000000125
110.519707,0.866389000000026
110.459991,0.902778000000126
110.332489,1.00194399999998
110.198868,1.17611100000011
110.187187,1.185
110.181931,1.18638800000008
110.169434,1.18777799999998
110.155823,1.18777799999998
110.137207,1.18972200000007
110.11554,1.19527699999998
110.101089,1.20138899999995
110.083878,1.21166599999992
110.071663,1.22000000000008
109.997726,1.28684100000004
109.994377,1.29045600000001
109.985413,1.30187899999993
109.979713,1.31721800000008
109.931664,1.40694400000012
109.824707,1.46861100000007
109.739967,1.53916599999997
109.721916,1.55555500000014
109.711647,1.565833
109.698868,1.58027800000008
109.669983,1.61305500000009
109.667763,1.61777800000004
109.667213,1.62416599999995
109.667213,1.70638800000012
109.615807,1.78916600000014
109.603592,1.79111100000011
109.593872,1.79527800000011
109.585541,1.80083300000001
109.582207,1.80416700000001
109.563873,1.83361100000008
109.546654,1.90416600000003
109.548027,1.90972199999999
109.630814,2.03166599999997
109.648567,2.07340900000003
109.651382,2.05749900000012
109.655548,2.00277800000003
109.649986,1.95222200000001
109.650818,1.93916600000011
109.652206,1.93361100000004
109.660263,1.91444400000006
109.671371,1.89805500000011
109.697479,1.86250000000013
109.700821,1.85888899999992
109.708328,1.85277699999995
109.712486,1.85000000000008
109.733597,1.83694400000002
109.760536,1.82277800000014
109.899429,1.72194400000006
109.924988,1.6925
109.928307,1.689166
109.933868,1.68777800000009
109.981827,1.682298
110.253052,1.70555500000012
110.298317,1.76166699999999
110.30304,1.770555
110.316093,1.79194400000011
110.318878,1.79611100000011
110.327766,1.80083300000001
110.333328,1.80222199999997
110.338882,1.80083300000001
110.345543,1.79388900000009
110.477203,1.6433330000001
110.47998,1.62416599999995
110.527206,1.60833300000002
110.564987,1.5980550000001
110.635536,1.57888900000006
110.702766,1.55694399999993
110.722488,1.54944400000005
110.730438,1.543879
110.736923,1.5363890000001
110.740257,1.52611100000001
110.741089,1.51999999999992
110.740257,1.51388900000006
110.736366,1.504167
110.733597,1.5
110.724701,1.48833300000013
110.714996,1.47750000000013
110.698593,1.46638799999999
110.693588,1.46444400000007
110.6772,1.45361100000008
110.674423,1.44944400000008
110.674423,1.44527699999992
110.687477,1.44472200000001
110.700546,1.44527699999992
110.724701,1.44861100000008
110.734154,1.45277700000003
110.746643,1.46111099999996
110.762207,1.47944400000006
110.76915,1.49333300000006
110.770538,1.50555500000007
110.770538,1.51916600000004
110.768333,1.53777800000006
110.768333,1.55138900000003
110.769707,1.55694399999993
110.772491,1.5611110000001
110.776093,1.56444400000004
110.785538,1.56861099999998
110.791092,1.56999999999999
110.797211,1.57055500000007
110.82193,1.56805500000002
110.836929,1.56250000000011
110.942467,1.51722200000012
110.972763,1.49944399999998
110.98027,1.49333300000006
110.99054,1.48305500000004
111.017212,1.4550000000001
111.036377,1.43305500000014
111.052757,1.41500000000002
111.063026,1.40500000000003
111.155548,1.36388900000003
111.319443,1.333055
111.333054,1.333055
111.350807,1.33555500000011
111.366653,1.34055500000011
111.376923,1.3438890000001
111.3797,1.34805499999999
111.301651,1.40694400000012
111.287201,1.41305499999999
111.262497,1.41583300000002
111.241928,1.41583300000002
111.224701,1.41250000000008
111.209717,1.40694400000012
111.200272,1.40277700000013
111.191933,1.39722200000006
111.187187,1.39527800000013
111.181664,1.39388899999994
111.174698,1.39388899999994
111.169434,1.39527800000013
111.159714,1.39944400000002
111.061653,1.458889
111.054153,1.46500000000009
111.024147,1.52416700000009
111.015823,1.52944400000007
111.00972,1.5372220000001
111.003601,1.55138900000003
111,1.56861099999998
111,1.57555500000007
111.001389,1.58777800000013
111.021927,1.64944400000002
111.027481,1.66444399999995
111.030823,1.66777800000011
111.039146,1.67333300000001
111.043869,1.67555500000003
111.064423,1.68222200000008
111.169434,1.93833300000011
111.173309,1.94805500000001
111.196091,2.021389
111.205551,2.06638800000002
111.235809,2.11166599999996
111.239151,2.11527699999999
111.247482,2.12055500000002
111.252213,2.12277700000004
111.257767,2.12416600000006
111.274696,2.12055500000002
111.294144,2.11250000000007
111.321381,2.10555500000009
111.328323,2.10555500000009
111.333878,2.10694400000006
111.338593,2.10888900000009
111.348877,2.11916600000006
111.36998,2.14666699999998
111.372757,2.15083300000009
111.374153,2.15611000000007
111.372757,2.16166600000003
111.368042,2.16388800000004
111.35498,2.16305500000004
111.270828,2.151388
111.191933,2.14111100000002
111.178307,2.14111100000002
111.173309,2.14333299999998
111.170822,2.14722200000006
111.168587,2.15222200000005
111.183037,2.26222200000001
111.202766,2.36583300000012
111.211113,2.39861100000002
111.21666,2.41361000000006
111.223312,2.42111100000005
111.227478,2.42388900000003
111.241928,2.43000000000012
111.247482,2.42861099999993
111.31192,2.39055500000012
111.316093,2.38777700000014
111.322769,2.38083300000005
111.368111,2.33909399999999
111.39415,2.35611100000006
111.450272,2.36860999999999
111.444138,2.39111100000014
111.440811,2.39444400000002
111.426849,2.41368500000004
111.403053,2.48083300000002
111.418053,2.57805499999995
111.436653,2.67250000000001
111.439423,2.683333
111.444702,2.69166600000005
111.452209,2.69777699999997
111.520264,2.74638800000002
111.64415,2.834722
111.656372,2.84277699999996
111.666092,2.84694400000012
111.671654,2.84833300000014
111.740807,2.86000000000001
111.793587,2.86888799999997
111.823608,2.87305499999997
111.842209,2.875
111.892212,2.87972200000007
111.947197,2.87972200000007
111.953323,2.88055500000007
111.964996,2.88249899999994
112.093048,2.90527700000007
112.109421,2.90916599999997
112.217758,2.93805500000002
112.264427,2.95305499999995
112.517212,3.01472200000012
112.647491,3.04416700000013
112.676376,3.04944400000011
112.687187,3.05222200000009
112.8647,3.10083299999997
112.93248,3.12222100000002
112.953049,3.12888800000007
112.967484,3.1350000000001
112.981087,3.14194399999997
112.998322,3.15222200000005
113.010536,3.1605550000001
113.02916,3.17611100000005
113.042213,3.19055500000002
113.053864,3.20611000000008
113.065536,3.22194399999995
113.076393,3.23833300000013
113.082489,3.25277799999998
113.274986,3.48611100000005
113.298317,3.5174990000001
113.388321,3.64333300000004
113.396378,3.65555500000005
113.414993,3.69194399999992
113.517761,3.80805500000014
113.546371,3.83000000000004
113.553864,3.83611100000013
113.669708,3.93249900000001
113.735527,3.99694399999993
113.776657,4.04472199999998
113.926086,4.24416500000001
113.934418,4.25666599999994
113.943863,4.27444400000007
113.964432,4.32138800000007
113.99054,4.42333200000013
113.994713,4.43972100000008
113.994713,4.45333299999993
113.993317,4.47249899999997
113.991928,4.48472099999998
113.989151,4.49583200000001
113.984421,4.51138900000007
113.974152,4.53611000000001
113.96582,4.55527699999999
113.963043,4.56610999999992
113.963043,4.57305500000012
113.967209,4.58249999999998
113.972763,4.59055499999999
113.976929,4.59333200000009
113.986366,4.59749900000003
113.998032,4.59944299999995
114.011108,4.59888800000004
114.066673,4.59555400000005
114.095078,4.59053799999998
114.15332,4.5800000000001
114.164993,4.57777700000003
114.179977,4.57249900000011
114.188309,4.56694400000003
114.235809,4.53194300000001
114.246094,4.52166600000004
114.263893,4.49749900000012
114.306641,4.43722099999997
114.311371,4.42916600000001
114.329163,4.33999900000003
114.329987,4.32694400000008
114.399986,4.25638900000013
114.47554,4.2000000000001
114.607483,4.05805399999997
114.609421,4.05333200000007
114.608871,4.03388799999993
114.609993,4.02777700000007
114.613602,4.02444400000013
114.618317,4.02166599999998
114.623032,4.02027699999996
114.634987,4.01749899999999
114.641098,4.018888
114.649986,4.02222199999994
114.669983,4.02972099999994
114.70166,4.046944
114.709152,4.05305399999997
114.793053,4.12694399999998
114.805252,4.14222099999995
114.80748,4.14694400000013
114.866928,4.35527700000006
114.862198,4.43333200000006
114.85582,4.4319430000001
114.848877,4.4327760000001
114.844147,4.43472100000008
114.84082,4.43749900000006
114.834717,4.44638700000007
114.829163,4.47388799999999
114.825821,4.49583200000001
114.815536,4.58083199999999
114.791656,4.69388800000002
114.785263,4.7008320000001
114.779984,4.70916600000004
114.777771,4.72083300000014
114.77916,4.73305399999998
114.780548,4.73860999999999
114.785263,4.74749900000006
114.788879,4.75166600000006
114.848877,4.80083200000001
114.856369,4.80638800000003
114.866653,4.80972100000008
114.87915,4.8102770000001
114.904427,4.8111100000001
114.91748,4.81166600000006
114.945824,4.81722200000007
114.962196,4.82194399999997
114.979431,4.83166600000004
114.986366,4.83916599999992
114.991928,4.84666600000003
115.018433,4.89579500000013
115.022491,4.87944300000004
115.023323,4.87333200000012
115.029129,4.82021000000003
115.020828,4.75333299999994
115.020538,4.72444300000001
115.026657,4.65666600000009
115.029427,4.64583299999993
115.090271,4.41333300000002
115.096367,4.39138800000006
115.10054,4.38222100000013
115.104156,4.37888700000013
115.113602,4.37416600000012
115.320541,4.31555500000007
115.33638,4.31138800000008
115.343323,4.31194299999999
115.348602,4.314165
115.355553,4.32083299999999
115.36026,4.32916600000004
115.36026,4.33611000000013
115.357758,4.34694400000001
115.355553,4.35166500000003
115.350807,4.35999899999996
115.344711,4.36833200000007
115.321381,4.393055
115.314423,4.399721
115.302757,4.41027700000012
115.289146,4.42305500000009
115.2836,4.43083200000001
115.278053,4.43888800000008
115.27388,4.44860900000003
115.272491,4.45416599999993
115.264427,4.54111
115.2686,4.56444399999992
115.272774,4.57388900000001
115.27832,4.58277700000002
115.282494,4.59860999999995
115.282494,4.61166600000001
115.261383,4.68305400000014
115.223038,4.80499800000013
115.1922,4.84916600000008
115.145782,4.9032400000001
115.204163,4.95194300000014
115.211647,4.95805500000012
115.217758,4.95861100000008
115.223312,4.95749999999998
115.286377,4.92583200000007
115.306931,4.90555499999994
115.314423,4.89944400000007
115.323318,4.89444400000008
115.328873,4.89305500000006
115.335823,4.89305500000006
115.356934,4.89944400000007
115.366653,4.90333299999998
115.37886,4.91166600000003
115.392487,4.92527699999999
115.452209,4.98888800000003
115.461929,4.99972100000002
115.479713,5.02277500000002
115.52887,5.041944
115.546097,5.05305399999997
115.557747,5.06860999999992
115.56192,5.0783330000001
115.564697,5.08916600000003
115.568604,5.12611000000004
115.574158,5.17916600000001
115.559143,5.20249900000005
115.541931,5.19888800000007
115.529709,5.20027700000009
115.510536,5.20861100000002
115.487198,5.21944300000013
115.483047,5.2222210000001
115.361099,5.30749900000001
115.358322,5.311666
115.359711,5.32388900000007
115.370529,5.37972100000002
115.371918,5.38527699999997
115.37886,5.39888900000005
115.381653,5.40305400000005
115.52832,5.51749900000004
115.60582,5.52027700000002
115.74971,5.51972100000006
115.762497,5.52027700000002
115.792213,5.52500000000003
115.80304,5.52777700000013
115.81749,5.53388799999999
115.829712,5.5422210000001
115.848877,5.56388800000013
115.857208,5.57638800000001
115.886658,5.62888700000008
115.89415,5.6424990000001
115.896378,5.64722200000011
115.904427,5.67999900000012
115.909149,5.71611000000013
115.915047,5.7380060000001
115.918869,5.74749900000006
115.924988,5.75499900000011
115.931931,5.76166599999999
115.944138,5.76999999999998
115.991364,5.797777
116.01416,5.80944299999999
116.034714,5.82305500000001
116.042213,5.8291660000001
116.051086,5.84083299999998
116.055252,5.85027699999995
116.056641,5.85583200000008
116.056641,5.86249900000013
116.053307,5.90027700000002
116.090271,5.97777700000012
116.109993,6.12777600000004
116.328598,6.36333300000013
116.358032,6.38861100000014
116.414429,6.42888699999997
116.491089,6.482777
116.498032,6.48944299999999
116.503326,6.49749900000006
116.507492,6.50722200000001
116.507492,6.51388800000001
116.502777,6.529721
116.502777,6.53499900000008
116.504173,6.54055500000004
116.510269,6.54805499999992
116.561096,6.60638800000009
116.623306,6.67388800000003
116.630257,6.68083200000007
116.63916,6.69222100000007
116.643883,6.70111100000003
116.647217,6.71138900000011
116.648041,6.71749900000009
116.648041,6.73111099999994
116.646652,6.74333200000001
116.642487,6.76027800000008
116.643333,6.77333300000004
116.656937,6.84666600000014
116.661102,6.85638800000004
116.71582,6.96777700000013
116.745247,7.00666600000011
116.754173,7.01805500000012
116.762497,7.02361000000002
116.767761,7.02361000000002
116.772774,7.0216660000001
116.829712,6.96916599999992
116.834991,6.96111000000008
116.839157,6.95138800000001
116.840553,6.94611000000009
116.850807,6.90111100000007
116.851379,6.89500000000004
116.859711,6.80333200000007
116.859154,6.78361000000001
116.858322,6.77749899999992
116.855553,6.76638800000006
116.851379,6.75694400000009
116.846649,6.74805500000002
116.838593,6.73583200000013
116.832207,6.72833300000013
116.820541,6.71944300000001
116.809708,6.70305400000001
116.789146,6.66222099999993
116.780823,6.6433320000001
116.776093,6.62083200000006
116.776932,6.60111000000001
116.779427,6.59027700000001
116.781662,6.58555500000011
116.784988,6.58194400000014
116.789146,6.57916599999999
