"V1","V2"
-20.793335,76.3899840000001
-20.842224,76.388046
-20.8922229999999,76.38916
-20.946388,76.3952640000001
-21.0805549999999,76.425812
-21.101112,76.430817
-21.122223,76.4366460000001
-21.134445,76.44165
-21.141109,76.447479
-21.1369439999999,76.453049
-21.128056,76.45665
-20.835556,76.5247039999999
-20.813614,76.527481
-20.7947239999999,76.527481
-20.755001,76.522491
-20.732777,76.5180510000001
-20.722775,76.5141600000001
-20.7208329999999,76.5138850000001
-20.7149999999999,76.5099950000001
-20.708611,76.5041660000001
-20.696667,76.4885860000001
-20.695278,76.4163820000001
-20.695553,76.4111020000001
-20.7055549999999,76.4049840000001
-20.7452769999999,76.394989
-20.793335,76.3899840000001
