"V1","V2"
23.4108310000001,37.3008270000001
23.400276,37.2961040000001
23.3777770000001,37.2986070000001
23.373886,37.299721
23.3744430000001,37.3024980000001
23.3855550000001,37.3113859999999
23.3888850000001,37.313049
23.4774969999999,37.3527760000001
23.5161090000001,37.364716
23.520554,37.365555
23.552498,37.3694380000001
23.561665,37.3688890000001
23.582497,37.3661040000001
23.583332,37.364166
23.5752750000001,37.3561100000001
23.5000000000001,37.316666
23.4963870000001,37.315277
23.449444,37.313049
23.4147190000001,37.302216
23.4108310000001,37.3008270000001
