"V1","V2"
-101.831123,68.5669400000001
-101.845551,68.566666
-101.860283,68.569717
-101.885277,68.576385
-101.905273,68.583878
-102.005836,68.6138759999999
-102.112213,68.623596
-102.230003,68.6402739999999
-102.254997,68.6469420000001
-102.316391,68.6722110000001
-102.3125,68.6885830000001
-102.21666,68.718323
-102.148621,68.7349849999999
-102.136398,68.7369230000001
-102.113892,68.7424770000001
-102.092499,68.7488710000001
-102.073059,68.7569430000001
-102.056381,68.7680510000001
-102.051666,68.7738800000001
-102.049438,68.7794340000001
-102.049728,68.784714
-102.055557,68.7944340000001
-102.055557,68.7997130000001
-102.050827,68.8055420000001
-102.04277,68.8110960000001
-102.023064,68.819443
-101.998337,68.8230440000001
-101.985001,68.8241580000001
-101.956123,68.8241580000001
-101.939438,68.8224949999999
-101.911942,68.8160860000001
-101.77861,68.783875
-101.693878,68.7680510000001
-101.699997,68.737762
-101.680557,68.672485
-101.682503,68.6616520000001
-101.701683,68.637772
-101.831123,68.5669400000001
