"V1","V2"
-70.917236,-54.708618
-70.910004,-54.706116
-70.900284,-54.7050019999999
-70.865845,-54.70639
-70.856125,-54.705284
-70.7863919999999,-54.6916729999999
-70.7780609999999,-54.6897279999999
-70.771957,-54.686394
-70.7713929999999,-54.681114
-70.778625,-54.678062
-70.786667,-54.675835
-70.797501,-54.675003
-70.80806,-54.675285
-70.8258359999999,-54.678337
-70.870285,-54.686394
-70.917236,-54.708618
-70.933678,-54.715446
-70.936012,-54.718281
-70.993057,-54.760002
-71.008347,-54.77195
-71.01445,-54.775284
-71.032501,-54.778336
-71.040848,-54.777229
-71.045288,-54.7730559999999
-71.047226,-54.767502
-71.046677,-54.760834
-71.0439,-54.75528
-71.0361179999999,-54.745834
-71.027237,-54.737228
-71.012222,-54.7252809999999
-71.003067,-54.716393
-70.995285,-54.70639
-70.9686129999999,-54.64167
-70.970566,-54.620285
-71.014175,-54.6144489999999
-71.041122,-54.626114
-71.036957,-54.637222
-71.0386199999999,-54.643333
-71.041397,-54.6488949999999
-71.045288,-54.6536179999999
-71.055283,-54.661667
-71.0614009999999,-54.665001
-71.164734,-54.6988909999999
-71.180557,-54.703339
-71.272781,-54.679726
-71.289169,-54.675285
-71.2958369999999,-54.672226
-71.300568,-54.6680599999999
-71.303619,-54.663063
-71.304459,-54.656952
-71.300568,-54.6522289999999
-71.2941739999999,-54.6488949999999
-71.2858429999999,-54.647224
-71.275284,-54.646667
-71.261124,-54.615562
-71.265015,-54.578339
-71.331116,-54.523613
-71.3402859999999,-54.522224
-71.35112,-54.522507
-71.358337,-54.525002
-71.4008479999999,-54.5527799999999
-71.404724,-54.557503
-71.478043,-54.669464
-71.485291,-54.691391
-71.4958339999999,-54.690559
-71.5111239999999,-54.68528
-71.670288,-54.615562
-71.6825099999999,-54.606392
-71.710556,-54.6041719999999
-71.7397309999999,-54.610283
-71.781952,-54.632225
-71.7994539999999,-54.643616
-71.8000029999999,-54.6488949999999
-71.806396,-54.6522289999999
-71.821945,-54.6538929999999
-71.906403,-54.657501
-71.917236,-54.657784
-71.9280699999999,-54.656952
-71.9480589999999,-54.654167
-71.956116,-54.651947
-71.962784,-54.6488949999999
-71.9672239999999,-54.6447299999999
-71.970566,-54.639725
-71.9786219999999,-54.624451
-72.001678,-54.566116
-72.009445,-54.5100019999999
-72.009171,-54.504723
-72.003067,-54.4636149999999
-71.9999999999999,-54.4580609999999
-71.993896,-54.455002
-71.985291,-54.453056
-71.974731,-54.452782
-71.924728,-54.4630579999999
-71.91806,-54.466118
-71.877396,-54.4908909999999
-71.874725,-54.493393
-71.872894,-54.4963949999999
-71.871727,-54.499725
-71.860565,-54.5133359999999
-71.860001,-54.519447
-71.858063,-54.525002
-71.8550109999999,-54.530006
-71.8461149999999,-54.538338
-71.8405609999999,-54.5419459999999
-71.824448,-54.546669
-71.75,-54.5638959999999
-71.687225,-54.576668
-71.675293,-54.57695
-71.5816799999999,-54.5486149999999
-71.695007,-54.4719469999999
-71.700562,-54.468338
-71.715561,-54.4630579999999
-71.724731,-54.4627839999999
-71.733337,-54.4647289999999
-71.763626,-54.474167
-71.772232,-54.475838
-71.7838899999999,-54.475563
-71.821342,-54.461227
-71.826836,-54.460228
-71.831009,-54.458561
-71.839668,-54.450893
-71.840668,-54.447559
-71.8477779999999,-54.41806
-71.795288,-54.399727
-71.786957,-54.397781
-71.765289,-54.3972239999999
-71.743057,-54.398338
-71.732788,-54.399445
-71.7164,-54.403893
-71.713348,-54.40889
-71.714737,-54.415001
-71.7039029999999,-54.4366679999999
-71.6377869999999,-54.493614
-71.6319579999999,-54.497223
-71.618057,-54.503059
-71.6019589999999,-54.5075069999999
-71.5647279999999,-54.512779
-71.4958339999999,-54.4975049999999
-71.489731,-54.4941709999999
-71.4869539999999,-54.488617
-71.488892,-54.483063
-71.501114,-54.476669
-71.509445,-54.474449
-71.543625,-54.4727779999999
-71.5647279999999,-54.47084
-71.580841,-54.466118
-71.592224,-54.459167
-71.6083369999999,-54.441391
-71.618057,-54.426674
-71.62001,-54.421112
-71.6191709999999,-54.4144519999999
-71.6069489999999,-54.407784
-71.5983429999999,-54.406113
-71.589172,-54.406113
-71.4488979999999,-54.442223
-71.377792,-54.4227829999999
-71.4194489999999,-54.412224
-71.4250029999999,-54.408615
-71.429459,-54.404449
-71.425568,-54.399727
-71.406113,-54.3905559999999
-71.368057,-54.374451
-71.3575129999999,-54.373894
-71.348068,-54.375557
-71.186111,-54.433891
-70.970291,-54.4738919999999
-70.965286,-54.4713899999999
-70.9344479999999,-54.4191739999999
-70.933624,-54.4055559999999
-70.935013,-54.3930589999999
-70.938065,-54.3813929999999
-70.945847,-54.359169
-70.948059,-54.3536149999999
-70.936676,-54.345001
-70.8980559999999,-54.330559
-70.890839,-54.328056
-70.855011,-54.321945
-70.811401,-54.3208389999999
-70.777237,-54.322227
-70.669174,-54.328613
-70.6586149999999,-54.329727
-70.623901,-54.337227
-70.6158449999999,-54.339447
-70.6125029999999,-54.34417
-70.61528,-54.349724
-70.672501,-54.399445
-70.712509,-54.455559
-70.733902,-54.515007
-70.754181,-54.594727
-70.719452,-54.570839
-70.643616,-54.6094509999999
-70.6891779999999,-54.559723
-70.696945,-54.55056
-70.7066799999999,-54.5361179999999
-70.7075039999999,-54.529724
-70.706955,-54.523056
-70.702789,-54.511391
-70.670837,-54.452225
-70.663345,-54.4427799999999
-70.6444549999999,-54.4261169999999
-70.63945,-54.4219509999999
-70.628342,-54.414726
-70.593063,-54.394173
-70.586945,-54.390839
-70.576126,-54.390282
-70.570557,-54.3938899999999
-70.5639039999999,-54.403618
-70.561951,-54.409172
-70.5588989999999,-54.414169
-70.549728,-54.422501
-70.544174,-54.4261169999999
-70.44651,-54.475281
-70.438171,-54.478783
-70.41217,-54.484615
-70.4030079999999,-54.487614
-70.394836,-54.491116
-70.383667,-54.497112
-70.330841,-54.522781
-70.320557,-54.530556
-70.311401,-54.538895
-70.300293,-54.5527799999999
-70.286957,-54.565285
-70.270569,-54.5697249999999
-70.2611239999999,-54.5713959999999
-70.250565,-54.5722269999999
-70.240845,-54.571114
-70.130844,-54.548889
-70.1319579999999,-54.543892
-70.137512,-54.540558
-70.2269589999999,-54.5025019999999
-70.247513,-54.4938959999999
-70.25473,-54.491112
-70.2930599999999,-54.4788889999999
-70.3175049999999,-54.4722289999999
-70.3671189999999,-54.4565579999999
-70.385284,-54.450394
-70.406952,-54.441891
-70.443893,-54.427223
-70.449448,-54.4236149999999
-70.4586179999999,-54.415283
-70.506668,-54.369728
-70.5100099999999,-54.365005
-70.508621,-54.360001
-70.5022279999999,-54.351395
-70.499451,-54.34584
-70.497787,-54.339729
-70.503067,-54.32917
-70.515289,-54.316116
-70.51973,-54.3116679999999
-70.530014,-54.303894
-70.5458369999999,-54.292778
-70.566681,-54.284172
-70.574722,-54.281952
-70.629761,-54.2715989999999
-70.64917,-54.269447
-70.6925049999999,-54.2663959999999
-70.778625,-54.269447
-70.813904,-54.268616
-70.832504,-54.265556
-70.84639,-54.259727
-70.8589019999999,-54.253334
-70.864456,-54.249725
-70.8688959999999,-54.24556
-70.877792,-54.2369459999999
-70.881119,-54.232224
-70.918335,-54.141113
-70.88028,-54.133896
-70.8555599999999,-54.146667
-70.7800139999999,-54.179451
-70.756958,-54.186668
-70.647507,-54.220001
-70.344727,-54.320557
-70.211945,-54.3930589999999
-70.156677,-54.4227829999999
-70.1427919999999,-54.4283369999999
-70.135559,-54.427223
-70.0722349999999,-54.384171
-70.068344,-54.379448
-70.065842,-54.374168
-70.0677799999999,-54.368614
-70.075012,-54.365562
-70.083069,-54.363335
-70.150848,-54.354172
-70.168335,-54.3502809999999
-70.191391,-54.336395
-70.200287,-54.327782
-70.201126,-54.3216709999999
-70.200836,-54.316116
-70.196945,-54.311394
-70.1341709999999,-54.276947
-70.121948,-54.270279
-70.096954,-54.257507
-70.0836179999999,-54.251396
-70.076401,-54.248894
-70.065842,-54.248337
-70.055283,-54.249168
-70.006958,-54.269173
-69.9727779999999,-54.297226
-69.871124,-54.4277799999999
-69.798615,-54.5319519999999
-69.801392,-54.537224
-69.796677,-54.541389
-69.777237,-54.554726
-69.770004,-54.557503
-69.761673,-54.55584
-69.755569,-54.552223
-69.751953,-54.547501
-69.738892,-54.485283
-69.740845,-54.479729
-69.743057,-54.474167
-69.807785,-54.384171
-69.84584,-54.333336
-69.858612,-54.32695
-69.8666689999999,-54.325005
-69.8805689999999,-54.3191679999999
-69.885284,-54.3150019999999
-69.886124,-54.308891
-69.871124,-54.2897259999999
-69.866119,-54.285835
-69.859177,-54.2830579999999
-69.83667,-54.282784
-69.8005679999999,-54.288063
-69.792511,-54.290283
-69.684174,-54.323891
-69.6611179999999,-54.338058
-69.63945,-54.3527829999999
-69.634735,-54.3569489999999
-69.632507,-54.362503
-69.388474,-54.394371
-69.25528,-54.440559
-69.241119,-54.446396
-69.231949,-54.454727
-69.227783,-54.465836
-69.226669,-54.4719469999999
-69.228058,-54.4780579999999
-69.232788,-54.4822239999999
-69.301682,-54.532227
-69.30751,-54.535561
-69.315002,-54.538338
-69.3519589999999,-54.550835
-69.363892,-54.557785
-69.367783,-54.5625
-69.4061129999999,-54.6094509999999
-69.416946,-54.623611
-69.4197239999999,-54.629173
-69.389175,-54.678062
-69.384445,-54.682228
-69.3764039999999,-54.686668
-69.365845,-54.6522289999999
-69.3297269999999,-54.600006
-69.303894,-54.566391
-69.292786,-54.552223
-69.283066,-54.544174
-69.277237,-54.54084
-69.249451,-54.529167
-69.232788,-54.5252839999999
-69.223343,-54.525558
-69.2164,-54.528336
-69.206955,-54.536667
-69.193344,-54.55584
-69.1775049999999,-54.580833
-69.172791,-54.5780559999999
-69.149734,-54.556396
-69.1483459999999,-54.551674
-69.164169,-54.51973
-69.1744539999999,-54.50528
-69.176392,-54.492783
-69.176392,-54.486115
-69.174728,-54.480003
-69.168625,-54.4697269999999
-69.1577909999999,-54.4552839999999
-69.151672,-54.45195
-69.143341,-54.450005
-69.098343,-54.450279
-69.0877839999999,-54.451118
-69.061951,-54.456947
-69.0550079999999,-54.459724
-69.0258479999999,-54.476952
-69.016678,-54.478615
-69.008057,-54.476395
-68.996124,-54.4697269999999
-68.993622,-54.4655609999999
-68.988342,-54.4366679999999
-68.9916689999999,-54.4319459999999
-68.9963989999999,-54.4277799999999
-69.008057,-54.4208369999999
-69.022232,-54.415283
-69.0877839999999,-54.391396
-69.273056,-54.327782
-69.410004,-54.290001
-69.436676,-54.284447
-69.5030669999999,-54.2677839999999
-69.519455,-54.263618
-69.53334,-54.257782
-69.545013,-54.250839
-69.5483399999999,-54.246117
-69.566681,-54.2291719999999
-69.583069,-54.225006
-69.6761169999999,-54.2030559999999
-69.704178,-54.198616
-69.7238919999999,-54.1963959999999
-69.746399,-54.195282
-69.766113,-54.1930619999999
-69.7930599999999,-54.187782
-69.877792,-54.1680599999999
-69.886124,-54.16584
-70.042511,-54.101112
-70.0494539999999,-54.097504
-70.060837,-54.0905609999999
-70.0655669999999,-54.086113
-70.071671,-54.0763929999999
-70.148895,-53.92556
-70.1511229999999,-53.9200059999999
-70.178345,-53.836945
-70.184448,-53.813614
-70.186951,-53.7947239999999
-70.1864009999999,-53.7811129999999
-70.184723,-53.775002
-70.181122,-53.770279
-70.163895,-53.7525019999999
-70.1461179999999,-53.7424999999999
-69.922501,-53.656113
-69.9144589999999,-53.654167
-69.9050139999999,-53.653061
-69.8739009999999,-53.655556
-69.8519589999999,-53.656395
-69.8400119999999,-53.65667
-69.819458,-53.655556
-69.7677919999999,-53.645279
-69.366959,-53.511948
-69.353897,-53.506111
-69.344727,-53.49778
-69.341125,-53.493057
-69.338623,-53.487503
-69.3358459999999,-53.4752809999999
-69.3355559999999,-53.468338
-69.3355559999999,-53.461395
-69.3383479999999,-53.443062
-69.3508449999999,-53.3616709999999
-69.353058,-53.3561169999999
-69.3564,-53.351112
-69.359726,-53.34639
-69.364182,-53.342224
-69.375565,-53.335281
-69.3847349999999,-53.333618
-69.5711209999999,-53.324722
-69.6033479999999,-53.325562
-69.853058,-53.348335
-69.8922269999999,-53.3519519999999
-69.902115,-53.353554
-69.943344,-53.362785
-69.978897,-53.376114
-69.997513,-53.385284
-70.016403,-53.3947299999999
-70.022232,-53.3980559999999
-70.031952,-53.406113
-70.048889,-53.423889
-70.0525049999999,-53.428612
-70.0583339999999,-53.431946
-70.073624,-53.436394
-70.1988979999999,-53.47084
-70.206955,-53.4727779999999
-70.2175139999999,-53.473335
-70.227783,-53.472504
-70.243896,-53.468056
-70.264175,-53.4594499999999
-70.28334,-53.450005
-70.4341739999999,-53.374451
-70.446671,-53.368057
-70.4527889999999,-53.358063
-70.468903,-53.3138959999999
-70.480835,-53.280556
-70.487228,-53.230835
-70.4866789999999,-53.2172239999999
-70.457504,-53.040283
-70.456116,-53.034172
-70.450836,-53.0230559999999
-70.4444579999999,-53.012779
-70.430283,-53.000839
-70.357788,-52.947227
-70.350571,-52.94445
-70.341675,-52.946114
-70.339737,-52.9516679999999
-70.341949,-52.956947
-70.349457,-52.966667
-70.355835,-52.976669
-70.3586119999999,-52.989174
-70.357788,-52.995285
-70.341675,-53.039726
-70.335281,-53.042503
-70.3258359999999,-53.0441739999999
-70.316956,-53.042778
-70.231125,-53.025841
-70.205841,-53.020836
-70.1897279999999,-53.016945
-70.168625,-53.0088959999999
-70.156677,-53.0022279999999
-70.1461179999999,-52.995003
-70.1366729999999,-52.9869459999999
-70.129456,-52.977226
-70.116669,-52.9500049999999
-70.103897,-52.922783
-70.101669,-52.917229
-70.100006,-52.911118
-70.099731,-52.904167
-70.101669,-52.89167
-70.107788,-52.88195
-70.1158449999999,-52.879723
-70.195282,-52.871674
-70.215561,-52.869728
-70.2627869999999,-52.827782
-70.262222,-52.8208389999999
-70.263062,-52.8147279999999
-70.265015,-52.809174
-70.271393,-52.7994459999999
-70.2747339999999,-52.795837
-70.291397,-52.7852779999999
-70.3150019999999,-52.7786179999999
-70.345566,-52.775841
-70.356674,-52.775841
-70.376114,-52.777504
-70.4039,-52.7811129999999
-70.414169,-52.7802809999999
-70.421951,-52.778061
-70.424728,-52.773056
-70.422501,-52.7675019999999
-70.4033359999999,-52.751396
-70.397507,-52.748062
-70.3764039999999,-52.74028
-70.368347,-52.738335
-70.188904,-52.7188949999999
-70.169724,-52.7172239999999
-70.14917,-52.7188949999999
-70.1414029999999,-52.721115
-70.1200099999999,-52.729172
-70.1091769999999,-52.736115
-70.09584,-52.748611
-70.083344,-52.7683329999999
-70.0789029999999,-52.772507
-70.047226,-52.801117
-70.0316769999999,-52.8125
-70.007233,-52.825279
-69.982513,-52.831116
-69.961945,-52.832779
-69.941391,-52.831673
-69.917236,-52.825836
-69.747223,-52.76445
-69.74057,-52.761673
-69.723068,-52.7516709999999
-69.704453,-52.735283
-69.6158449999999,-52.643616
-69.612228,-52.6388929999999
-69.6047359999999,-52.622505
-69.6033479999999,-52.609451
-69.60891,-52.529041
-69.587509,-52.5138929999999
-69.5691679999999,-52.504448
-69.562225,-52.5019449999999
-69.4525149999999,-52.466118
-69.420563,-52.458061
-69.413895,-52.460838
-69.3608399999999,-52.504173
-69.3519589999999,-52.512505
-69.34584,-52.5222239999999
-69.3414,-52.53334
-69.339447,-52.545837
-69.333069,-52.555557
-69.328613,-52.559723
-69.233078,-52.6394649999999
-69.220001,-52.650284
-69.2086179999999,-52.657227
-69.190842,-52.666946
-69.178345,-52.67334
-69.151672,-52.6844479999999
-69.124451,-52.688896
-69.1130679999999,-52.688896
-69.103897,-52.6877819999999
-69.081116,-52.6811139999999
-68.968063,-52.64695
-68.851395,-52.6002809999999
-68.837784,-52.5947269999999
-68.825287,-52.5886149999999
-68.8114009999999,-52.576393
-68.695007,-52.6052779999999
-68.617584,-52.6415099999999
-68.618622,-52.650558
-68.6197359999999,-52.71917
-68.62056,-52.795006
-68.6230619999999,-53.138893
-68.6239009999999,-53.27639
-68.623337,-53.324722
-68.623337,-53.338341
-68.624451,-53.510284
-68.626953,-53.840279
-68.629181,-53.9980619999999
-68.631668,-54.334724
-68.630569,-54.3552779999999
-68.632126,-54.546097
-68.635834,-54.788338
-68.636124,-54.804771
-68.637222,-54.8850019999999
-68.643112,-54.888611
-68.650284,-54.8897249999999
-68.662231,-54.8897249999999
-68.6716769999999,-54.8883359999999
-68.678894,-54.8855589999999
-68.6980669999999,-54.874504
-68.7015609999999,-54.872505
-68.7150649999999,-54.863834
-68.7177279999999,-54.861336
-68.735565,-54.8494489999999
-68.755569,-54.8405609999999
-68.886948,-54.7991709999999
-68.8930659999999,-54.8066709999999
-68.849731,-54.843338
-68.839172,-54.8511119999999
-68.828613,-54.8586119999999
-68.822784,-54.861946
-68.801392,-54.87056
-68.758896,-54.880836
-68.752449,-54.891617
-68.74678,-54.89645
-68.744781,-54.899448
-68.746284,-54.902618
-68.749786,-54.90395
-68.7700039999999,-54.917229
-68.802505,-54.9261169999999
-68.9605559999999,-54.944168
-69.056122,-54.950279
-69.0669559999999,-54.950836
-69.090836,-54.9505619999999
-69.111115,-54.948334
-69.480011,-54.870003
-69.548615,-54.854172
-69.650009,-54.822784
-69.6569519999999,-54.820007
-69.6614529999999,-54.8033369999999
-69.6634519999999,-54.8005069999999
-69.6647869999999,-54.7971729999999
-69.6639559999999,-54.7935069999999
-69.6622849999999,-54.7901689999999
-69.659447,-54.787838
-69.655121,-54.786171
-69.631119,-54.770836
-69.626114,-54.76667
-69.623901,-54.761391
-69.623611,-54.754448
-69.625,-54.6975019999999
-69.630569,-54.6938929999999
-69.638062,-54.6966709999999
-69.7150119999999,-54.727226
-69.7173389999999,-54.7781719999999
-69.717506,-54.782173
-69.719009,-54.785503
-69.722008,-54.788002
-69.7256699999999,-54.790005
-69.740845,-54.808617
-70.089737,-54.852783
-70.212784,-54.8577799999999
-70.246124,-54.8586119999999
-70.275558,-54.854729
-70.2838899999999,-54.8522259999999
-70.3050079999999,-54.8438949999999
-70.315735,-54.8296169999999
-70.318398,-54.8271179999999
-70.3209,-54.8204499999999
-70.3236239999999,-54.7941739999999
-70.321121,-54.788612
-70.306122,-54.7763899999999
-70.2852779999999,-54.761116
-70.232513,-54.708336
-70.227234,-54.6975019999999
-70.2291719999999,-54.691948
-70.235001,-54.688614
-70.244736,-54.6897279999999
-70.326401,-54.753616
-70.353348,-54.7872239999999
-70.36319,-54.801346
-70.363518,-54.805347
-70.3640209999999,-54.813679
-70.394211,-54.8203199999999
-70.432236,-54.8141709999999
-70.628067,-54.806946
-70.732788,-54.838341
-70.741119,-54.840279
-70.750839,-54.841393
-70.7627869999999,-54.8411179999999
-70.801392,-54.835556
-70.82251,-54.82695
-70.833893,-54.819725
-70.8372339999999,-54.814728
-70.836945,-54.8094479999999
-70.79306,-54.782394
-70.7907259999999,-54.7795599999999
-70.7847209999999,-54.7747269999999
-70.771561,-54.7700579999999
-70.7562259999999,-54.766724
-70.716057,-54.761726
-70.6855619999999,-54.755062
-70.6249999999999,-54.734169
-70.538895,-54.701393
-70.520279,-54.6916729999999
-70.46167,-54.642502
-70.454178,-54.633057
-70.4572299999999,-54.6283339999999
-70.464447,-54.6252819999999
-70.484451,-54.6241679999999
-70.5402829999999,-54.6252819999999
-70.549728,-54.626396
-70.55806,-54.6283339999999
-70.624451,-54.6655579999999
-70.628342,-54.67028
-70.623901,-54.674446
-70.610001,-54.680283
-70.5855559999999,-54.686951
-70.583344,-54.692223
-70.5883479999999,-54.696396
-70.594452,-54.699722
-70.638062,-54.715279
-70.725731,-54.7330019999999
-70.730904,-54.734169
-70.797066,-54.744339
-70.803062,-54.745007
-70.892624,-54.745007
-70.89679,-54.743172
-70.8987879999999,-54.740337
-70.9208369999999,-54.713341
-70.917236,-54.708618
