"V1","V2"
-69.770844,11.69611
-69.757782,11.661388
-69.7241669999999,11.5788880000001
-69.714172,11.561666
-69.706116,11.5488869999999
-69.674728,11.5111099999999
-69.633896,11.4691659999999
-69.62973,11.46611
-69.614456,11.4602780000001
-69.602509,11.4580550000001
-69.588623,11.4577770000001
-69.5836179999999,11.459444
-69.576401,11.46611
-69.5694579999999,11.473055
-69.5627899999999,11.4802760000001
-69.5483399999999,11.49361
-69.5441739999999,11.4963870000001
-69.531403,11.5041660000001
-69.526398,11.506109
-69.513626,11.507221
-69.506958,11.5069429999999
-69.444733,11.4980550000001
-69.424454,11.49
-69.41362,11.4869440000001
-69.406403,11.486666
-69.3694459999999,11.4905550000001
-69.3636169999999,11.4916650000001
-69.353897,11.4955540000001
-69.33667,11.506109
-69.333069,11.509443
-69.320282,11.5175
-69.288345,11.533888
-69.275009,11.5341660000001
-69.268066,11.533888
-69.1116789999999,11.4894430000001
-69.106674,11.4872210000001
-69.1027829999999,11.484444
-68.9594569999999,11.4505540000001
-68.9483339999999,11.4527760000001
-68.855835,11.4491650000001
-68.843338,11.447498
-68.837784,11.4458330000001
-68.6644589999999,11.352777
-68.656403,11.3469430000001
-68.601959,11.2905540000001
-68.561111,11.2749999999999
-68.545837,11.26861
-68.531952,11.261389
-68.418335,11.179998
-68.3986209999999,11.1580539999999
-68.333344,11.0449980000001
-68.2422329999999,10.88611
-68.2408449999999,10.880554
-68.242783,10.868055
-68.244171,10.862778
-68.251953,10.8566670000001
-68.293335,10.857222
-68.2994539999999,10.8566670000001
-68.308899,10.855
-68.318619,10.8511100000001
-68.3252869999999,10.8436110000001
-68.331955,10.8224980000001
-68.333344,10.809444
-68.3280639999999,10.7675
-68.280563,10.643888
-68.253616,10.5888880000001
-68.191391,10.519999
-68.180557,10.5099979999999
-68.170288,10.5008320000001
-68.160004,10.496944
-68.1280669999999,10.486666
-68.116119,10.484165
-68.109177,10.4838890000001
-68.1036219999999,10.4849990000001
-68.083344,10.492222
-68.071396,10.4938890000001
-68.002228,10.49111
-67.893066,10.4744430000001
-67.867981,10.4648700000001
-67.831955,10.4827770000001
-67.796112,10.491943
-67.543335,10.5327760000001
-67.466949,10.538055
-67.401398,10.538887
-67.392242,10.538786
-67.280289,10.5466650000001
-67.108063,10.579166
-67.002228,10.6102770000001
-66.509735,10.6277769999999
-66.470566,10.6291660000001
-66.418335,10.6255550000001
-66.3850099999999,10.61611
-66.3555599999999,10.6036110000001
-66.348343,10.603333
-66.336395,10.6050000000001
-66.3316799999999,10.6069430000001
-66.3236239999999,10.612778
-66.310287,10.626019
-66.301117,10.6388870000001
-66.297501,10.6422210000001
-66.286957,10.645277
-66.281403,10.646387
-66.274445,10.6461110000001
-66.235291,10.6422210000001
-66.224457,10.6388870000001
-66.209732,10.6325000000001
-66.08168,10.576666
-66.118347,10.5269430000001
-66.1200099999999,10.5030540000001
-66.119446,10.496944
-66.1033479999999,10.4777770000001
-66.093338,10.467222
-66.0722349999999,10.446388
-66.064728,10.439999
-65.9586179999999,10.356667
-65.936401,10.3147220000001
-65.938614,10.3099989999999
-65.939453,10.3038880000001
-65.939178,10.297777
-65.936401,10.29361
-65.929733,10.286388
-65.8172299999999,10.229166
-65.811676,10.2274990000001
-65.789459,10.221109
-65.78389,10.2197210000001
-65.7652889999999,10.216944
-65.738068,10.216665
-65.7253799999999,10.2185170000001
-65.718903,10.2208330000001
-65.548065,10.178055
-65.426682,10.139999
-65.2761229999999,10.1155550000001
-65.08139,10.060555
-64.825012,10.0822220000001
-64.7961119999999,10.0872209999999
-64.780014,10.091665
-64.76445,10.0972210000001
-64.7408449999999,10.108055
-64.7325129999999,10.1130540000001
-64.728897,10.1163880000001
-64.714737,10.1797220000001
-64.634171,10.2427769999999
-64.6297299999999,10.245554
-64.62001,10.2491660000001
-64.5877839999999,10.2583330000001
-64.58168,10.258888
-64.574722,10.2586100000001
-64.5346069999999,10.2499409999999
-64.485291,10.2374990000001
-64.479736,10.2386090000001
-64.389175,10.287498
-64.373901,10.299999
-64.373901,10.306665
-64.377228,10.310276
-64.395844,10.3372210000001
-64.384735,10.368889
-64.368057,10.3841650000001
-64.202515,10.449999
-64.0969539999999,10.459166
-64.088058,10.4538880000001
-64.0736239999999,10.4472220000001
-64.068069,10.445555
-64.0563959999999,10.443054
-64.043625,10.4413870000001
-63.876114,10.4402769999999
-63.815559,10.4413870000001
-63.8033369999999,10.443054
-63.793335,10.446665
-63.715561,10.4719430000001
-63.6975019999999,10.485554
-63.7730559999999,10.523054
-63.782501,10.527498
-63.833336,10.5499990000001
-63.844452,10.5533330000001
-63.963615,10.578333
-63.96917,10.5786090000001
-64.133621,10.571943
-64.146118,10.570833
-64.157501,10.568609
-64.192505,10.5555550000001
-64.209457,10.5449980000001
-64.212509,10.5411109999999
-64.219177,10.5269430000001
-64.228058,10.514999
-64.233063,10.513054
-64.238892,10.5133319999999
-64.242783,10.516109
-64.2563929999999,10.5305540000001
-64.261398,10.538887
-64.2994539999999,10.620832
-64.299728,10.6322210000001
-64.270279,10.653889
-64.258896,10.661665
-64.238617,10.6402760000001
-64.234726,10.637499
-64.152786,10.6191650000001
-64.140839,10.616665
-63.974167,10.629721
-63.8427809999999,10.6458320000001
-63.691948,10.6455550000001
-63.666672,10.641666
-63.5372239999999,10.627222
-63.53167,10.6269439999999
-63.516945,10.6325000000001
-63.504173,10.6402760000001
-63.500557,10.6436100000001
-63.347504,10.673054
-63.3413929999999,10.6722220000001
-63.286118,10.670832
-63.253059,10.678333
-63.2302779999999,10.6883320000001
-63.172226,10.719721
-62.998894,10.718332
-62.988617,10.7144430000001
-62.9747239999999,10.7069440000001
-62.97084,10.703888
-62.9597239999999,10.7008319999999
-62.947227,10.6988890000001
-62.90667,10.6958330000001
-62.874168,10.7041659999999
-62.865005,10.708611
-62.7913889999999,10.7311099999999
-62.748337,10.7422220000001
-62.6975019999999,10.7477760000001
-62.538612,10.735554
-62.4794459999999,10.7283330000001
-62.460556,10.725555
-62.358063,10.708055
-62.301117,10.700277
-62.192505,10.6941659999999
-62.140007,10.6955550000001
-62.132507,10.7019440000001
-62.1275019999999,10.703888
-61.983894,10.728054
-61.882782,10.7333320000001
-61.8763959999999,10.7233310000001
-61.883339,10.6947210000001
-61.921112,10.6619430000001
-61.953056,10.648888
-62.035561,10.6325000000001
-62.0855559999999,10.627222
-62.111389,10.6277769999999
-62.117783,10.628611
-62.135559,10.6347220000001
-62.162506,10.6366650000001
-62.227783,10.6347220000001
-62.239723,10.633055
-62.244728,10.6311089999999
-62.2533339999999,10.62611
-62.25695,10.622776
-62.273056,10.604443
-62.279167,10.596388
-62.2872239999999,10.5836110000001
-62.301392,10.555277
-62.3175049999999,10.536665
-62.3266679999999,10.532221
-62.337227,10.5294440000001
-62.343056,10.5283320000001
-62.449722,10.533333
-62.52417,10.5399990000001
-62.530281,10.5408330000001
-62.580002,10.555277
-62.640282,10.566666
-62.659172,10.569721
-62.6711119999999,10.5680540000001
-62.8308329999999,10.5444429999999
-62.895561,10.534166
-62.911667,10.529999
-62.9166719999999,10.5280550000001
-62.925285,10.5227780000001
-63.0091709999999,10.4547210000001
-63.008057,10.451944
-63.0025019999999,10.4516660000001
-62.997223,10.4536090000001
-62.983894,10.4605540000001
-62.970284,10.4677770000001
-62.940285,10.485554
-62.9291689999999,10.495554
-62.92028,10.5075000000001
-62.913895,10.514999
-62.910278,10.5180550000001
-62.900284,10.521944
-62.88195,10.5238880000001
-62.86306,10.5250000000001
-62.849724,10.5238880000001
-62.845001,10.5216660000001
-62.840836,10.51861
-62.835556,10.510277
-62.8344499999999,10.5047210000001
-62.835556,10.4483320000001
-62.832226,10.433277
-62.831059,10.429943
-62.830391,10.426611
-62.830227,10.422944
-62.830559,10.402222
-62.8336179999999,10.3980540000001
-62.843338,10.394444
-62.869446,10.389444
-62.874168,10.390276
-62.8891679999999,10.4038890000001
-62.906113,10.4149990000001
-62.917229,10.418055
-62.9311139999999,10.4186100000001
-62.9374999999999,10.4183330000001
-62.954445,10.414721
-62.98056,10.4069440000001
-63.000282,10.3994430000001
-63.0033339999999,10.3955550000001
-63.005562,10.390833
-63.002785,10.275833
-63.000282,10.271666
-62.995285,10.269444
-62.936394,10.2780549999999
-62.9319459999999,10.2805539999999
-62.9258349999999,10.2941670000001
-62.924728,10.300278
-62.926674,10.3049980000001
-62.9333339999999,10.3122220000001
-62.9374999999999,10.315277
-62.9427799999999,10.3236099999999
-62.94445,10.328609
-62.946945,10.3394430000001
-62.9547269999999,10.3749980000001
-62.954445,10.3949989999999
-62.952225,10.3994430000001
-62.9427799999999,10.404165
-62.937225,10.4049989999999
-62.907227,10.3917290000001
-62.890362,10.377672
-62.879116,10.371113
-62.857094,10.382359
-62.830387,10.382359
-62.814453,10.388918
-62.802273,10.4025060000001
-62.7938389999999,10.403443
-62.782124,10.3996940000001
-62.744171,10.379999
-62.73584,10.374166
-62.7327799999999,10.3705540000001
-62.6855619999999,10.310276
-62.6663889999999,10.2805539999999
-62.623894,10.1180550000001
-62.628059,10.1077770000001
-62.635284,10.101387
-62.6577839999999,10.0822220000001
-62.670006,10.073889
-62.674728,10.0719430000001
-62.7091669999999,10.065832
-62.801392,10.0552769999999
-62.82917,10.05361
-62.8916699999999,10.081665
-62.917503,10.0949989999999
-62.953339,10.1041660000001
-62.960556,10.1044430000001
-63.008614,10.1016650000001
-63.0168,10.0986940000001
-63.017227,10.097776
-63.014725,10.093611
-63.004723,10.0827770000001
-62.991112,10.0686090000001
-62.986946,10.0655540000001
-62.981392,10.0655540000001
-62.976669,10.067221
-62.949722,10.077221
-62.910561,10.076944
-62.871391,10.046389
-62.805283,10.00861
-62.682503,10.0516660000001
-62.6627809999999,10.059166
-62.645561,10.069443
-62.621117,10.0863879999999
-62.6174999999999,10.0897219999999
-62.614449,10.093611
-62.610001,10.1030540000001
-62.605278,10.119444
-62.604729,10.12611
-62.605835,10.1316660000001
-62.618057,10.173332
-62.623894,10.188055
-62.6258389999999,10.1930540000001
-62.625557,10.199999
-62.6200029999999,10.215555
-62.6133349999999,10.2227760000001
-62.604729,10.227777
-62.5997239999999,10.2297210000001
-62.5863949999999,10.2286110000001
-62.580833,10.226944
-62.5713959999999,10.2225
-62.535278,10.2022210000001
-62.5108339999999,10.184721
-62.503334,10.1783330000001
-62.4980619999999,10.1711100000001
-62.493057,10.1627769999999
-62.488892,10.1530550000001
-62.470284,10.09111
-62.4269489999999,9.97916600000002
-62.3822249999999,9.89416499999999
-62.3730619999999,9.88277599999998
-62.368057,9.87416600000012
-62.3166729999999,9.7683320000001
-62.3150019999999,9.7633320000001
-62.313614,9.75777599999992
-62.313896,9.75110999999993
-62.315559,9.74555400000014
-62.3286969999999,9.722939
-62.327225,9.71916599999992
-62.318062,9.70500000000004
-62.3058399999999,9.71361000000013
-62.295006,9.72333099999992
-62.2772289999999,9.74749900000012
-62.268616,9.76694300000008
-62.255005,9.80277599999999
-62.237785,9.84888800000004
-62.2358399999999,9.86111099999994
-62.236946,9.8736100000001
-62.238892,9.88472200000007
-62.247223,9.90416499999992
-62.249451,9.91527700000012
-62.257507,9.95694400000008
-62.257225,9.963888
-62.255005,9.96861099999995
-62.250839,9.97110900000007
-62.2458339999999,9.96888700000005
-62.210838,9.92249900000007
-62.2005619999999,9.90555400000011
-62.18623,9.85561099999995
-62.1808929999999,9.84460999999993
-62.1778949999999,9.835443
-62.163895,9.72250000000008
-62.1647259999999,9.71638899999999
-62.166389,9.71111100000013
-62.1916729999999,9.65916600000008
-62.2005619999999,9.64722100000012
-62.204445,9.643888
-62.210838,9.63444299999998
-62.1991729999999,9.63416500000005
-62.193611,9.63527700000003
-62.188614,9.63694399999991
-62.18,9.64222100000012
-62.176392,9.64555500000012
-62.1711119999999,9.65416499999998
-62.1677779999999,9.66499900000008
-62.1569519999999,9.70388800000006
-62.1544489999999,9.71527700000001
-62.1300049999999,9.75211000000007
-62.1308359999999,9.77894299999997
-62.133503,9.82644299999998
-62.036392,9.86027700000005
-62.031113,9.85860999999994
-62.026672,9.86111099999994
-62.02417,9.86583300000001
-62.025284,9.87138700000003
-62.044338,9.88549900000004
-62.050339,9.891999
-62.112228,9.92944299999999
-62.13195,9.93777699999993
-62.151947,9.94611000000003
-62.15889,9.94666500000011
-62.1702799999999,9.94416600000011
-62.179451,9.93999900000011
-62.1963959999999,9.93638800000014
-62.206673,9.94027700000004
-62.230835,9.95777700000008
-62.232224,9.96333300000009
-62.2319489999999,9.96888700000005
-62.219727,10.006109
-62.216118,10.009443
-62.2063899999999,10.0130540000001
-62.1947249999999,10.0155540000001
-62.188614,10.015833
-62.169174,10.013611
-62.0755619999999,9.98638699999992
-62.056396,9.97861100000011
-62.051392,9.97638699999993
-61.962227,9.91194300000012
-61.8116719999999,9.75788799999998
-61.7436139999999,9.60416600000002
-61.7424999999999,9.59861000000001
-61.7386169999999,9.59555399999994
-61.734169,9.59805499999993
-61.731949,9.602777
-61.729446,9.62611000000004
-61.728615,9.64666599999998
-61.731392,9.68888900000002
-61.731949,9.69500000000005
-61.735001,9.70555499999995
-61.764725,9.75777599999992
-61.77417,9.77660899999995
-61.777168,9.77794300000005
-61.788506,9.77977700000008
-61.801334,9.80761000000012
-61.802002,9.81077600000003
-61.801506,9.81461000000002
-61.798836,9.81611100000003
-61.7927779999999,9.83111000000014
-61.7719499999999,9.83027600000003
-61.712784,9.81110999999999
-61.680557,9.79999900000007
-61.6661149999999,9.79305500000004
-61.654167,9.79055400000004
-61.616394,9.78277600000007
-61.5977779999999,9.77972199999994
-61.5927809999999,9.78166600000003
-61.5838929999999,9.78694300000006
-61.57695,9.79333300000013
-61.573616,9.79749900000002
-61.573059,9.80361000000011
-61.574722,9.80833200000001
-61.584724,9.81916600000005
-61.617226,9.84249900000009
-61.620285,9.84610900000001
-61.6500019999999,9.89083299999999
-61.6502839999999,9.89555500000006
-61.648056,9.90027600000002
-61.64389,9.90277700000001
-61.6225049999999,9.90611100000001
-61.617226,9.90444400000013
-61.572502,9.88527699999997
-61.5541689999999,9.87555500000008
-61.4805599999999,9.82361000000003
-61.4500049999999,9.791943
-61.44445,9.78333300000014
-61.4308399999999,9.74972200000002
-61.4266739999999,9.73388900000009
-61.4266739999999,9.73166700000007
-61.418892,9.72027600000013
-61.4072269999999,9.70472100000006
-61.383057,9.6802770000001
-61.263062,9.59222199999994
-61.248894,9.585554
-61.212502,9.57222200000001
-61.206673,9.57194300000003
-61.201118,9.57305500000001
-61.193336,9.57749899999999
-61.191673,9.583055
-61.084167,9.582222
-61.046452,9.57660700000008
-61.043335,9.57555400000001
-60.998337,9.55694399999993
-60.9936139999999,9.55472200000014
-60.9791719999999,9.547777
-60.959724,9.53249900000009
-60.856949,9.44805500000012
-60.850281,9.44083200000006
-60.7994459999999,9.38138800000002
-60.7969509999999,9.37722200000007
-60.7847289999999,9.34222199999999
-60.78334,9.33666600000004
-60.7819519999999,9.32499899999993
-60.7836149999999,9.30499800000013
-60.816673,9.27027700000002
-60.821114,9.2675000000001
-60.838615,9.2649990000001
-60.85556,9.26166500000011
-60.9080579999999,9.23916599999995
-60.9163889999999,9.23416500000008
-60.987785,9.1886100000001
-61.071114,9.11888900000008
-61.0822299999999,9.10222099999993
-61.086945,9.09277699999996
-61.110001,9.04555500000009
-61.108894,9.0413880000001
-61.104729,9.03861000000012
-61.0997239999999,9.0388870000001
-61.095001,9.04083300000002
-61.085838,9.05277599999999
-61.07695,9.071665
-61.071671,9.08027600000003
-61.061951,9.09166499999998
-61.055557,9.09888800000004
-60.984726,9.16638799999998
-60.977226,9.17305399999998
-60.9694519999999,9.17888800000003
-60.95945,9.18249900000001
-60.9530559999999,9.18305400000014
-60.949722,9.17944299999994
-60.9480589999999,9.17444400000005
-60.951118,9.16361000000001
-60.9558329999999,9.15416500000009
-61.025284,9.0363880000001
-61.037781,9.02777700000013
-61.075562,8.99666600000012
-61.07917,8.99333200000012
-61.093338,8.97277600000001
-61.0977779999999,8.96333300000009
-61.119728,8.89805400000006
-61.1833339999999,8.72777700000012
-61.191948,8.68972200000002
-61.191391,8.670277
-61.192223,8.62777699999998
-61.1930619999999,8.62166600000006
-61.205833,8.59944300000006
-61.2088929999999,8.59555399999999
-61.2130579999999,8.59277700000007
-61.23806,8.58361100000002
-61.248894,8.58138800000012
-61.2550049999999,8.58027600000008
-61.261673,8.58055500000012
-61.327782,8.59610900000007
-61.4366679999999,8.60166500000003
-61.5130619999999,8.59055500000005
-61.5263899999999,8.59027699999996
-61.5544509999999,8.59777599999995
-61.560005,8.59944300000006
-61.593338,8.61555500000003
-61.597504,8.61833200000012
-61.5988919999999,8.55499800000007
-61.48806,8.51166500000011
-61.39389,8.47444300000001
-61.3291699999999,8.43083200000007
-61.230278,8.45194400000003
-61.224167,8.45999900000004
-61.213341,8.46972100000011
-61.175285,8.49416500000001
-61.1702799999999,8.4961110000001
-61.164169,8.49638700000003
-61.077507,8.49305500000003
-61.06945,8.46666500000003
-61.077507,8.46083300000009
-61.083336,8.45277599999997
-61.085838,8.44138699999996
-61.08667,8.42750000000007
-61.085556,8.41527700000006
-61.081947,8.40527700000007
-61.073891,8.40083300000009
-61.0691679999999,8.40277699999996
-61.019173,8.46722200000011
-61.0163959999999,8.47110900000001
-60.987785,8.51944400000014
-60.986389,8.53249899999992
-60.987228,8.54472199999998
-60.986671,8.55861100000004
-60.985558,8.56472200000013
-60.9827799999999,8.56860900000004
-60.9769519999999,8.56972100000002
-60.9022289999999,8.582222
-60.71917,8.60472099999993
-60.712502,8.60444300000006
-60.688896,8.59916499999997
-60.67556,8.59166500000009
-60.663338,8.58277700000008
-60.656113,8.57638700000001
-60.636116,8.55472200000014
-60.63195,8.55166600000007
-60.620285,8.54916600000001
-60.474724,8.52638800000005
-60.468613,8.52555500000005
-60.460007,8.53055399999994
-60.428062,8.57388900000012
-60.4163889999999,8.60833200000013
-60.4097289999999,8.62249900000006
-60.40667,8.62638900000007
-60.4022289999999,8.629166
-60.397507,8.63083300000005
-60.385559,8.63249999999999
-60.37278,8.63305500000007
-60.236115,8.62749900000006
-60.205833,8.62194399999998
-60.1447299999999,8.60444300000006
-60.1338959999999,8.60110999999995
-60.0252839999999,8.55388800000009
-60.006393,8.54499800000008
-59.9902799999999,8.53527600000001
-59.9811169999999,8.51833199999999
-59.886116,8.40083300000009
-59.815002,8.31138800000002
-59.809174,8.30083300000013
-59.804726,8.29166600000013
-59.801392,8.27499999999998
-59.8255619999999,8.23611099999999
-59.831947,8.22888799999993
-59.848335,8.22499800000014
-59.888893,8.21861100000012
-59.922226,8.21111100000007
-59.946182,8.19999500000011
-59.974724,8.18083199999995
-59.984726,8.16888800000009
-59.9891739999999,8.15944300000001
-59.9902799999999,8.15333199999992
-59.988892,8.14777800000013
-59.983063,8.13999900000005
-59.982224,8.13444300000009
-59.983063,8.12805400000008
-60.00695,8.06749899999994
-60.013893,8.05333300000007
-60.016945,8.04861099999999
-60.023338,8.0413880000001
-60.032784,8.03694300000001
-60.043892,8.03472100000005
-60.051117,8.03500000000003
-60.0875019999999,8.04166600000002
-60.099724,8.04083300000002
-60.11834,8.03222099999994
-60.1313929999999,8.02444299999996
-60.237228,7.94638799999996
-60.2575449999999,7.92157300000008
-60.319725,7.87749999999994
-60.506393,7.82166599999999
-60.520004,7.81472200000007
-60.5313949999999,7.80555500000014
-60.5352779999999,7.80222099999997
-60.57917,7.72666600000002
-60.578613,7.72166600000003
-60.570007,7.709722
-60.570557,7.70277700000003
-60.587227,7.64166600000004
-60.590279,7.63694399999997
-60.650284,7.56944400000003
-60.65834,7.56388899999996
-60.6644519999999,7.56472199999996
-60.675285,7.56805500000007
-60.688614,7.56805500000007
-60.6936109999999,7.56611099999998
-60.712502,7.54972200000003
-60.715279,7.54583300000013
-60.71917,7.53555500000004
-60.7197269999999,7.52888900000005
-60.715836,7.505833
-60.7122269999999,7.49611099999993
-60.691116,7.45583200000004
-60.6877819999999,7.45222199999995
-60.68306,7.44999999999999
-60.671112,7.45166599999999
-60.6658399999999,7.45138800000007
-60.660835,7.44916600000005
-60.645561,7.436666
-60.610001,7.38194400000003
-60.5919489999999,7.33916700000003
-60.590836,7.33361100000008
-60.588058,7.31638800000002
-60.589729,7.31083300000012
-60.59584,7.30277700000005
-60.6077799999999,7.294444
-60.6152799999999,7.28805499999999
-60.621948,7.28000000000003
-60.633057,7.26333299999999
-60.634445,7.25805500000007
-60.635002,7.25111099999998
-60.634445,7.24472100000008
-60.630836,7.22194400000006
-60.6175,7.19444400000003
-60.5405579999999,7.12499900000012
-60.535561,7.12388800000002
-60.516945,7.13972200000006
-60.5138929999999,7.14361099999996
-60.512222,7.14888900000005
-60.510284,7.16138800000004
-60.50695,7.17222200000009
-60.504723,7.17694399999999
-60.501114,7.18027700000005
-60.456116,7.19583300000005
-60.367226,7.17999900000001
-60.35778,7.17555499999997
-60.3497239999999,7.16944400000011
-60.33667,7.15527700000013
-60.311394,7.14499999999998
-60.306671,7.14194400000008
-60.279167,7.12083200000012
-60.276947,7.11666600000007
-60.281395,7.08999900000003
-60.2869489999999,7.06277799999998
-60.288612,7.05722100000008
-60.302505,7.04361100000006
-60.40834,6.94749900000011
-60.463615,6.90666599999997
-60.498894,6.88777700000014
-60.526947,6.87472199999996
-60.590836,6.85083300000014
-60.622505,6.84194400000007
-60.637222,6.836389
-60.6416699999999,6.833888
-60.649727,6.82749899999999
-60.665001,6.80749999999995
-60.676392,6.79000000000008
-60.691673,6.77083299999998
-60.7038959999999,6.76250000000005
-60.7130579999999,6.75805500000001
-60.725281,6.75999900000005
-60.816116,6.78833300000002
-60.893333,6.76861100000013
-60.892227,6.76305499999995
-60.895836,6.75972200000007
-60.932503,6.72777699999995
-60.941116,6.72249999999997
-60.9525069999999,6.72027700000007
-61.030838,6.71777700000001
-61.041115,6.72166600000008
-61.049728,6.72694399999995
-61.059723,6.73083300000008
-61.118614,6.71694400000001
-61.1291729999999,6.71416700000009
-61.134026,6.71104199999996
-61.17334,6.66111100000012
-61.17556,6.65638799999994
-61.2047269999999,6.58138799999995
-61.2047269999999,6.57444400000008
-61.198891,6.53638800000004
-61.196671,6.53222199999999
-61.191673,6.52972200000005
-61.1400069999999,6.40861000000001
-61.138618,6.29916600000007
-61.155838,6.184999
-61.1644519999999,6.17999900000001
-61.261116,6.10944400000005
-61.26445,6.106111
-61.270279,6.08638899999994
-61.282822,6.05633699999998
-61.3230589999999,5.99249900000001
-61.333839,5.97556199999997
-61.341949,5.96999899999997
-61.3566739999999,5.96444400000007
-61.3736109999999,5.96111099999996
-61.379723,5.96083300000009
-61.383797,5.957494
-61.389725,5.94000000000011
-61.388771,5.93893400000002
-61.116112,5.63472200000001
-60.8602829999999,5.3480550000001
-60.781113,5.25833299999999
-60.748894,5.22250000000008
-60.73037,5.20479899999992
-60.7172239999999,5.20388800000006
-60.7047269999999,5.20194400000014
-60.6877819999999,5.19777800000008
-60.6825029999999,5.19611099999997
-60.662781,5.18749900000012
-60.654724,5.18166600000012
-60.651672,5.17805499999992
-60.644173,5.15861000000007
-60.585007,4.99583200000012
-60.579727,4.98111099999994
-60.576118,4.96444400000007
-60.576393,4.95749999999998
-60.579727,4.94666599999994
-60.581947,4.94194400000003
-60.592506,4.92472200000009
-60.6463929999999,4.84694400000006
-60.652229,4.838888
-60.67556,4.81388899999996
-60.71167,4.78111100000007
-60.7288889999999,4.77111100000008
-60.833618,4.72027700000012
-60.843613,4.71666599999998
-60.8602829999999,4.71333300000003
-60.8733369999999,4.71333300000003
-60.885002,4.71166599999998
-60.888062,4.70777700000008
-60.918335,4.65416600000003
-60.924446,4.63944400000014
-60.92778,4.62861099999998
-60.929169,4.608611
-60.928612,4.58944400000007
-60.9308399999999,4.584722
-60.9516679999999,4.55694400000004
-60.968338,4.53833300000008
-60.985001,4.52055499999994
-60.989174,4.51805500000006
-61.0525049999999,4.50777699999998
-61.1577839999999,4.49333300000001
-61.1700059999999,4.4952770000001
-61.313614,4.50666600000011
-61.48584,4.41027700000012
-61.4986109999999,4.40249899999998
-61.505005,4.39527699999996
-61.5097269999999,4.38583299999999
-61.5130619999999,4.36805500000003
-61.5125049999999,4.35583300000008
-61.507782,4.33361100000013
-61.50695,4.32111100000009
-61.509171,4.30888800000002
-61.512222,4.29805500000003
-61.5213929999999,4.27916599999998
-61.526672,4.270555
-61.548889,4.25166599999994
-61.553062,4.24916600000006
-61.557785,4.24722199999997
-61.613335,4.24138800000009
-61.619446,4.2411110000001
-61.6341709999999,4.24722199999997
-61.6627809999999,4.25527800000003
-61.695007,4.25888800000013
-61.703339,4.25916600000005
-61.75695,4.24722199999997
-61.76889,4.23888900000009
-61.786118,4.22166600000003
-61.795006,4.209722
-61.807503,4.18777799999992
-61.815559,4.18194400000004
-61.848892,4.1605550000001
-61.9022289999999,4.14722200000006
-61.9080579999999,4.14611100000013
-61.914726,4.14638800000012
-61.9344479999999,4.14805500000006
-61.939445,4.15027700000002
-61.953613,4.15694400000012
-61.957504,4.16000000000003
-61.976395,4.16888799999998
-61.982506,4.16999900000008
-61.99556,4.16972200000009
-62.0508349999999,4.15111100000013
-62.055557,4.14916599999992
-62.0763929999999,4.12888800000007
-62.0822299999999,4.12083200000001
-62.0930559999999,4.11111100000005
-62.100838,4.10500000000013
-62.105278,4.10250000000002
-62.1200029999999,4.09694400000006
-62.136391,4.09361099999995
-62.148895,4.09277700000007
-62.172783,4.09722100000005
-62.189171,4.10194400000006
-62.22084,4.11249900000013
-62.262505,4.12722200000007
-62.2813949999999,4.13611000000009
-62.321114,4.15249900000003
-62.384171,4.17694400000005
-62.400284,4.18194400000004
-62.418892,4.18472200000002
-62.4258349999999,4.18499900000006
-62.438339,4.18416600000006
-62.4436109999999,4.18305500000014
-62.448616,4.18110999999993
-62.535561,4.12388800000008
-62.538612,4.11972100000008
-62.5427779999999,4.10277700000006
-62.595001,4.04055500000004
-62.6133349999999,4.04333300000002
-62.666672,4.046944
-62.6730579999999,4.04666600000007
-62.725563,4.03916600000002
-62.7311169999999,4.0380550000001
-62.7458339999999,4.03249899999997
-62.758057,4.02416600000004
-62.7630619999999,4.01527699999997
-62.764168,4.00916600000011
-62.7797239999999,3.91527700000006
-62.781113,3.90222200000005
-62.780006,3.88972200000001
-62.774445,3.87527800000004
-62.758339,3.83472199999994
-62.7458339999999,3.80666600000012
-62.7402799999999,3.79222199999998
-62.737228,3.78166599999997
-62.727501,3.731111
-62.727226,3.70527700000002
-62.7325059999999,3.68194399999999
-62.735558,3.671111
-62.751396,3.63833300000005
-62.77195,3.61027799999994
-62.775284,3.60694399999994
-62.788895,3.60000000000008
-62.875,3.56027699999999
-62.881111,3.56
-62.894173,3.56111100000004
-62.911949,3.56472200000007
-62.9236149999999,3.56722200000013
-62.987228,3.60083300000008
-62.9938959999999,3.60777800000005
-63.164169,3.79527800000005
-63.2327799999999,3.88388900000001
-63.239723,3.89722200000006
-63.246391,3.90416599999998
-63.250282,3.90722200000005
-63.285561,3.93388800000002
-63.293617,3.93972200000007
-63.2983399999999,3.94194400000009
-63.328056,3.95499999999993
-63.343056,3.96111100000002
-63.359451,3.96583300000009
-63.3825069999999,3.97083300000008
-63.408615,3.97194400000001
-63.414726,3.9713890000001
-63.42334,3.96611100000001
-63.429726,3.958889
-63.43306,3.94805499999995
-63.434174,3.93527699999999
-63.436668,3.92361099999999
-63.440834,3.90666600000009
-63.445557,3.89027700000008
-63.4538959999999,3.87083299999995
-63.456673,3.86666599999995
-63.461113,3.86416600000007
-63.481949,3.85805499999998
-63.501114,3.85750000000007
-63.523056,3.86388900000009
-63.5372239999999,3.87055500000008
-63.5413889999999,3.87361099999998
-63.554451,3.88777700000003
-63.573616,3.90972199999999
-63.589172,3.92833300000012
-63.6083369999999,3.94361099999998
-63.620003,3.94611100000003
-63.6380619999999,3.94805499999995
-63.650841,3.94916600000005
-63.841118,3.96027800000002
-63.8472289999999,3.959722
-63.851952,3.95777800000013
-63.9044489999999,3.93527699999999
-63.9136119999999,3.93083300000001
-63.9355619999999,3.91166600000003
-63.938614,3.90777699999995
-63.940834,3.90305500000005
-63.9472269999999,3.8958330000001
-63.9513929999999,3.89305500000012
-63.961113,3.88944400000008
-63.9883349999999,3.88305500000013
-63.9999999999999,3.88277799999992
-64.017792,3.88611100000003
-64.038895,3.89305500000012
-64.047501,3.89833299999998
-64.0508419999999,3.90194399999996
-64.055557,3.91083300000003
-64.057236,3.91583300000002
-64.063614,3.94972200000007
-64.065567,3.96083299999992
-64.087784,4.03277700000001
-64.107788,4.08027700000002
-64.110001,4.08527800000007
-64.1194459999999,4.10277700000006
-64.126114,4.11000000000013
-64.130005,4.11277800000011
-64.2211149999999,4.14111000000003
-64.248901,4.14805500000006
-64.3355559999999,4.15416599999992
-64.373901,4.15444400000001
-64.3858339999999,4.15277800000001
-64.402237,4.14916599999992
-64.421951,4.14166600000004
-64.438614,4.13833299999999
-64.4675139999999,4.13388800000007
-64.543625,4.12305500000008
-64.562225,4.12166600000012
-64.58223,4.12166600000012
-64.5877839999999,4.123333
-64.59584,4.12916700000005
-64.602234,4.13694399999997
-64.607788,4.14527700000002
-64.642151,4.22377100000011
-64.645569,4.23166700000007
-64.65834,4.246666
-64.674728,4.25750000000005
-64.6930689999999,4.26722100000001
-64.716675,4.27833299999998
-64.731674,4.28444400000006
-64.736954,4.28583199999997
-64.755569,4.28860999999995
-64.7691799999999,4.28916600000014
-64.775558,4.28860999999995
-64.786667,4.28638799999999
-64.795288,4.28138799999999
-64.798065,4.27722200000011
-64.799454,4.27166699999998
-64.8005679999999,4.26555500000001
-64.801956,4.24583200000006
-64.8030699999999,4.21972199999993
-64.800842,4.20194399999997
-64.795563,4.193333
-64.7922359999999,4.19000000000011
-64.7802889999999,4.18110999999993
-64.775558,4.17888799999997
-64.741669,4.16388799999999
-64.72612,4.15861000000012
-64.718063,4.15277800000001
-64.7127839999999,4.14444400000002
-64.710846,4.13944400000003
-64.704727,4.11860999999999
-64.6944579999999,4.08194400000008
-64.6644589999999,4.02333300000004
-64.657501,4.00999900000011
-64.647781,3.99250000000012
-64.6363979999999,3.976111
-64.6266779999999,3.96555499999999
-64.5180659999999,3.854444
-64.459732,3.79611100000005
-64.447784,3.78750000000008
-64.438904,3.78222199999999
-64.405289,3.767222
-64.3658449999999,3.75055600000007
-64.30806,3.71833300000003
-64.1972349999999,3.60305500000004
-64.1911159999999,3.59444400000007
-64.1874999999999,3.584722
-64.185013,3.57638900000012
-64.18251,3.55250000000007
-64.182236,3.54611100000011
-64.184723,3.52777800000007
-64.190567,3.50527800000003
-64.196396,3.49750000000006
-64.217789,3.47750000000008
-64.223618,3.4697220000001
-64.228058,3.46027800000013
-64.234451,3.43861100000009
-64.236954,3.42694400000005
-64.226669,3.33750000000003
-64.205292,3.19333300000005
-64.1588899999999,3.06083300000006
-64.146118,3.03972200000004
-64.088898,2.940833
-64.0347289999999,2.83277800000008
-63.9894489999999,2.72888900000004
-63.9875029999999,2.72388900000004
-63.987228,2.71083299999998
-63.993057,2.63305500000001
-63.9941709999999,2.62694399999992
-63.997223,2.61611099999993
-64.017227,2.57388900000007
-64.0297239999999,2.55166600000001
-64.032791,2.54777800000005
-64.0439,2.52416700000009
-64.047226,2.51333300000005
-64.047501,2.50666700000005
-64.047226,2.49361099999999
-64.0450129999999,2.48250000000007
-64.036667,2.47055499999993
-64.027237,2.46611100000013
-63.83139,2.42694400000005
-63.812225,2.42472200000003
-63.7822039999999,2.42716500000006
-63.581673,2.43472200000002
-63.3772279999999,2.42388900000003
-63.371117,2.42305499999998
-63.361115,2.41916699999996
-63.3522259999999,2.41388799999999
-63.3463899999999,2.40611100000007
-63.357506,2.26972200000006
-63.360001,2.25833300000011
-63.362785,2.254167
-63.3800049999999,2.22916700000007
-63.391396,2.15694399999995
-63.393059,2.15138900000005
-63.40139,2.14638900000006
-63.4119489999999,2.14333299999998
-63.4883349999999,2.13055500000002
-63.535004,2.13111100000003
-63.541672,2.13138900000013
-63.547501,2.13027800000003
-63.557503,2.12722200000013
-63.605003,2.10722199999998
-63.609169,2.10472200000009
-63.7186129999999,2.02361100000002
-63.739174,2.00305500000007
-63.825005,1.97777800000011
-63.928337,1.97861100000011
-63.9447249999999,1.97500000000014
-63.970558,1.96722199999994
-63.9891739999999,1.95888900000006
-64.001953,1.95111100000008
-64.009171,1.94472200000013
-64.026947,1.92833299999995
-64.03334,1.921111
-64.0491789999999,1.90166700000003
-64.0522309999999,1.89083299999999
-64.05307,1.88472200000007
-64.0533449999999,1.84666700000014
-64.051392,1.83500000000009
-64.049728,1.81027800000004
-64.050003,1.80333300000007
-64.062225,1.684166
-64.0633389999999,1.67805600000003
-64.070282,1.65027800000007
-64.077225,1.63638900000001
-64.08223,1.62749999999994
-64.110291,1.58694400000007
-64.116119,1.57888900000006
-64.26445,1.47611100000012
-64.355286,1.49944399999998
-64.3616789999999,1.50638899999996
-64.3702849999999,1.51138900000012
-64.3758389999999,1.51305500000012
-64.38945,1.51361100000014
-64.39917,1.50999999999993
-64.523346,1.43750000000006
-64.536118,1.42972200000008
-64.543335,1.42305499999998
-64.554733,1.40722200000005
-64.559723,1.39833299999998
-64.566681,1.38444400000009
-64.572784,1.36277799999993
-64.576675,1.35250000000008
-64.5789029999999,1.34805499999999
-64.587509,1.33583300000004
-64.595291,1.33000000000004
-64.69751,1.26277800000003
-64.718903,1.25083300000006
-64.728897,1.24694399999993
-64.734451,1.24583300000006
-64.744736,1.24416700000006
-64.7508389999999,1.24361100000004
-64.7636259999999,1.24500000000006
-64.783066,1.25999999999999
-64.802231,1.27499999999998
-64.810287,1.28083299999997
-64.8155669999999,1.28222199999993
-64.821121,1.28111100000007
-64.825836,1.27916600000003
-64.943069,1.21055600000011
-65.006958,1.16583300000008
-65.092224,1.145555
-65.0986179999999,1.14527800000002
-65.103897,1.143889
-65.120834,1.13361099999997
-65.131958,1.12444399999998
-65.140564,1.11250000000007
-65.1450039999999,1.10305500000004
-65.1480559999999,1.09222200000005
-65.1539,1.05555500000003
-65.154449,1.03527800000006
-65.15918,0.997778000000096
-65.162506,0.980278000000055
-65.165848,0.969443999999953
-65.173889,0.950000000000045
-65.188339,0.929167000000064
-65.196671,0.924167000000068
-65.222229,0.916111000000001
-65.233063,0.91388900000004
-65.246948,0.914444000000117
-65.2591709999999,0.916111000000001
-65.278625,0.924444000000108
-65.289459,0.927500000000009
-65.2961119999999,0.927778000000046
-65.301682,0.926667000000009
-65.315002,0.918888999999979
-65.328339,0.904999999999973
-65.3819579999999,0.84333300000003
-65.389725,0.830832999999927
-65.39418,0.821388999999954
-65.395844,0.815832999999998
-65.398346,0.797500000000127
-65.398346,0.780554999999993
-65.398056,0.767499999999984
-65.39917,0.754722000000015
-65.400848,0.749166999999943
-65.4030609999999,0.744443999999987
-65.436111,0.695277999999973
-65.4802859999999,0.66472200000004
-65.484451,0.662221999999986
-65.489182,0.660278000000062
-65.5188899999999,0.649722000000111
-65.524445,0.648611000000017
-65.537231,0.649722000000111
-65.547501,0.653611000000012
-65.553894,0.660555000000102
-65.563339,0.67166700000007
-65.572784,0.689167000000111
-65.578339,0.70361100000008
-65.583893,0.718889000000104
-65.5836179999999,0.725833000000023
-65.58139,0.737221999999974
-65.573334,0.75666700000005
-65.561676,0.772778000000073
-65.5327909999999,0.798333000000127
-65.521957,0.814999999999998
-65.5130619999999,0.833888999999999
-65.509171,0.84388899999999
-65.506668,0.862222000000031
-65.5072329999999,0.881389000000013
-65.509445,0.899166999999977
-65.510834,0.904722000000049
-65.519455,0.922778000000108
-65.524734,0.931110999999987
-65.539734,0.950000000000045
-65.5594479999999,0.971111000000064
-65.589737,0.989167000000123
-65.60112,0.991667000000007
-65.657227,0.989722000000029
-65.729736,0.983889000000033
-65.740845,0.981667000000016
-65.8708339999999,0.908333000000027
-65.907501,0.876667000000111
-65.91806,0.866943999999933
-65.9244539999999,0.859721999999977
-65.933624,0.848332999999968
-65.9502869999999,0.823611000000142
-65.960007,0.813056000000074
-65.9711149999999,0.803889000000083
-65.9880679999999,0.793611000000055
-66.113892,0.737777999999992
-66.123901,0.73388900000009
-66.135284,0.732500000000073
-66.286957,0.747777999999983
-66.311951,0.750556000000131
-66.3175049999999,0.752222000000131
-66.338058,0.7658330000001
-66.787231,1.14944400000007
-66.870453,1.22093200000012
-66.871887,1.22164200000009
-66.8782649999999,1.23016000000001
-66.891678,1.25138900000002
-66.89917,1.27805499999999
-66.900009,1.28500000000014
-66.897781,1.295278
-66.926392,1.459722
-66.991669,1.69583300000005
-67.113235,2.02665500000001
-67.156677,2.12944399999992
-67.164459,2.13555500000001
-67.175293,2.15333299999998
-67.195847,2.19999999999993
-67.201401,2.21500000000009
-67.2108459999999,2.24055499999997
-67.212234,2.246666
-67.216949,2.27527800000001
-67.2136229999999,2.28777700000001
-67.201401,2.30194399999999
-67.1897279999999,2.31166600000006
-67.179459,2.32055500000013
-67.175293,2.33138800000012
-67.173065,2.34166599999998
-67.1925049999999,2.39249999999993
-67.215012,2.41083299999997
-67.219177,2.41305499999999
-67.228897,2.417778
-67.252792,2.42805499999997
-67.2630619999999,2.43000000000012
-67.281403,2.43888900000002
-67.320557,2.46833299999997
-67.327515,2.47527700000001
-67.3322299999999,2.48416700000001
-67.485565,2.65333300000003
-67.5352779999999,2.68000000000006
-67.589737,2.76416599999999
-67.597504,2.7847220000001
-67.603058,2.792778
-67.6069489999999,2.79555500000009
-67.615845,2.80027800000005
-67.634445,2.80944399999993
-67.765839,2.83249999999998
-67.818893,2.82916599999999
-67.828339,2.8250000000001
-67.833069,2.87666700000005
-67.656677,3.04277800000011
-67.4999999999999,3.19065800000004
-67.435562,3.25388900000007
-67.369736,3.30472200000014
-67.360291,3.30916600000012
-67.349457,3.311666
-67.339737,3.31527800000009
-67.3361209999999,3.31861100000003
-67.2950129999999,3.38805500000001
-67.290558,3.39750000000009
-67.2908479999999,3.41055500000004
-67.298615,3.44361100000009
-67.303894,3.45194400000014
-67.307236,3.45555499999995
-67.316681,3.46000000000004
-67.338348,3.46611100000013
-67.344727,3.46694400000013
-67.3555599999999,3.47000000000003
-67.370285,3.47611100000006
-67.374451,3.47888900000009
-67.387787,3.49305500000014
-67.395569,3.51249999999999
-67.428345,3.60805500000004
-67.4361109999999,3.64583299999998
-67.4380649999999,3.65083299999992
-67.486115,3.71888900000005
-67.491959,3.72638800000004
-67.4999999999999,3.73306100000008
-67.503342,3.73583300000013
-67.508057,3.73805500000009
-67.514175,3.73888900000003
-67.5211179999999,3.73916600000001
-67.539459,3.73750000000001
-67.5444489999999,3.73555500000003
-67.5675049999999,3.73138899999992
-67.586395,3.73333300000002
-67.59584,3.73777800000011
-67.603897,3.7436110000001
-67.613342,3.75472199999996
-67.618622,3.76333299999993
-67.634171,3.79527800000005
-67.636124,3.80000000000013
-67.680557,3.92138900000003
-67.69278,3.96972199999999
-67.708511,4.04695400000014
-67.729172,4.08750000000009
-67.784729,4.16166600000003
-67.7886199999999,4.17138899999998
-67.805557,4.22750000000013
-67.8066709999999,4.23305500000004
-67.807236,4.23916600000007
-67.805557,4.27277800000007
-67.801956,4.29750000000013
-67.800568,4.30277700000011
-67.7886199999999,4.32666599999999
-67.783066,4.33472200000006
-67.780838,4.33944400000013
-67.7797239999999,4.34555499999999
-67.7802889999999,4.35166600000008
-67.859726,4.55861099999998
-67.857788,4.56388900000002
-67.824722,4.73666600000007
-67.8166499999999,4.80162500000012
-67.813599,4.83115900000001
-67.802048,4.96705300000013
-67.8011169999999,4.97942500000005
-67.8027799999999,5.03944400000006
-67.820282,5.09333300000003
-67.829727,5.13138900000007
-67.8508449999999,5.29472199999992
-67.850616,5.30163200000004
-67.849731,5.3077770000001
-67.843338,5.32194400000003
-67.814728,5.37000900000004
-67.806122,5.38222200000001
-67.8027949999999,5.38555999999994
-67.791946,5.39527700000014
-67.774445,5.40527700000013
-67.763901,5.40833300000003
-67.7522279999999,5.409986
-67.743073,5.41443500000008
-67.6883389999999,5.44860999999992
-67.649445,5.47833300000002
-67.613068,5.53916600000008
-67.612793,5.54611100000005
-67.6155699999999,5.55027800000005
-67.622223,5.55722100000003
-67.627502,5.56555500000002
-67.632782,5.57416599999999
-67.636673,5.58388800000006
-67.6380619999999,5.58944400000007
-67.6422269999999,5.61222199999997
-67.6488949999999,5.65222200000005
-67.651947,5.67638900000003
-67.6513979999999,5.69
-67.64418,5.72555499999999
-67.641678,5.73722200000003
-67.622223,5.78749900000014
-67.617783,5.796944
-67.600235,5.82103999999993
-67.593903,5.8283330000001
-67.531876,5.89132799999999
-67.4789279999999,5.941598
-67.468109,5.95168100000006
-67.4553529999999,5.95939299999992
-67.437851,5.96947600000004
-67.4291079999999,5.97466600000013
-67.4208369999999,5.97972199999992
-67.417236,5.98305500000004
-67.414459,5.98722200000003
-67.412796,5.99245999999999
-67.413345,5.99888799999997
-67.415314,6.00358200000005
-67.431671,6.03500000000008
-67.438309,6.04228500000011
-67.460541,6.06141400000013
-67.4685519999999,6.06719700000008
-67.471954,6.07083299999999
-67.477295,6.07920799999999
-67.485565,6.09777700000001
-67.491989,6.11865299999999
-67.493057,6.12416599999995
-67.4925079999999,6.14472200000006
-67.4900049999999,6.15638800000005
-67.481949,6.16916700000013
-67.454453,6.19305500000007
-67.4665989999999,6.19362400000006
-67.478622,6.19527700000003
-67.488068,6.19972100000007
-67.5044559999999,6.21111100000013
-67.534454,6.24305500000014
-67.5588989999999,6.26027799999997
-67.568344,6.26472200000001
-67.632507,6.28444400000001
-67.6380619999999,6.28583200000014
-67.693344,6.29305600000009
-67.822784,6.30944399999998
-67.835281,6.30833199999995
-67.843903,6.30305499999997
-67.913895,6.24249900000012
-67.920288,6.23527699999994
-67.924454,6.23249899999996
-67.9525149999999,6.2197220000001
-67.962509,6.21583300000003
-67.99501,6.20777700000014
-68.000839,6.20666600000004
-68.031677,6.20555500000012
-68.038895,6.20555500000012
-68.066116,6.21333300000009
-68.100571,6.22111000000001
-68.106674,6.22194400000006
-68.1322329999999,6.22361100000001
-68.152237,6.22333199999997
-68.158066,6.2222210000001
-68.1941679999999,6.21083300000004
-68.2297359999999,6.19888900000012
-68.295288,6.17583300000013
-68.313614,6.16694400000006
-68.3252869999999,6.16916700000013
-68.3658449999999,6.17777699999999
-68.382782,6.18166600000006
-68.4097289999999,6.19083300000005
-68.428894,6.19277800000003
-68.453903,6.19055499999996
-68.4769589999999,6.18638799999997
-68.550003,6.16444400000012
-68.621948,6.13888800000001
-68.637222,6.13388800000001
-68.6441799999999,6.13416600000011
-68.650284,6.13499900000011
-68.680557,6.1399990000001
-68.691681,6.143055
-68.703613,6.15138800000005
-68.7069549999999,6.15499999999997
-68.716125,6.16000000000014
-68.7213899999999,6.16166600000014
-68.753616,6.16944400000011
-68.827789,6.18638799999997
-69.022781,6.21444400000001
-69.0289,6.21527800000007
-69.056396,6.21611000000001
-69.08168,6.20694400000014
-69.094177,6.19916599999993
-69.1155699999999,6.17916600000001
-69.150284,6.14499999999998
-69.153061,6.14083299999999
-69.159729,6.13361100000003
-69.1905669999999,6.102777
-69.195007,6.09999900000003
-69.2047269999999,6.09611000000012
-69.225006,6.08833300000003
-69.2397309999999,6.08277700000008
-69.2452849999999,6.08138800000006
-69.2569579999999,6.08388799999994
-69.266678,6.08805499999994
-69.2747339999999,6.09388800000011
-69.298065,6.11860999999999
-69.303345,6.12694399999992
-69.311951,6.14583299999998
-69.3155669999999,6.14916600000009
-69.325012,6.15361000000007
-69.366394,6.14777799999996
-69.376114,6.143888
-69.404175,6.13083300000005
-69.429459,6.11860999999999
-69.724731,6.48666600000007
-70.1191709999999,6.97583300000002
-70.152512,6.98222199999998
-70.164459,6.982778
-70.2164,6.97499900000008
-70.227234,6.97305500000004
-70.243347,6.96083300000004
-70.2502899999999,6.95416599999999
-70.2566679999999,6.94638800000001
-70.2655639999999,6.94249900000011
-70.276672,6.93972200000002
-70.28862,6.93777800000009
-70.3008419999999,6.939166
-70.3236239999999,6.94500000000011
-70.343903,6.95249900000005
-70.36084,6.96388800000005
-70.386124,6.98305499999998
-70.441681,7.01110999999992
-70.552505,7.05833200000001
-70.719727,7.0980550000001
-70.8194579999999,7.08750000000003
-70.857513,7.08250000000004
-70.878891,7.07777700000003
-70.8900149999999,7.07499999999993
-70.8983459999999,7.06972200000007
-70.904175,7.0619440000001
-70.9025119999999,7.05055499999992
-70.90889,7.04277700000011
-70.917236,7.03749900000003
-70.97084,7.00833300000005
-71.00528,6.99277700000005
-71.025009,6.984444
-71.1758419999999,6.96416700000003
-71.186676,6.96277700000013
-71.255844,6.98388900000009
-71.2655639999999,6.98777799999999
-71.272507,6.99416600000006
-71.325562,7.02194400000002
-71.339447,7.02277800000007
-71.4638979999999,7.02333299999998
-71.488068,7.02888899999999
-71.5530699999999,7.04499900000013
-71.59584,7.05610999999999
-71.6069489999999,7.05972200000008
-71.63945,7.06055500000008
-71.651123,7.06055500000008
-71.70195,7.04638900000003
-71.800293,7.00916600000005
-71.807236,7.00222200000013
-71.8108369999999,6.99194400000005
-71.832779,6.98722199999997
-71.868057,6.985277
-71.880569,6.98611100000005
-71.890839,6.98944399999999
-71.926804,7.00974200000007
-71.978897,7.01249999999999
-71.99057,7.01472200000001
-71.9999999999999,7.01888800000012
-72.053802,7.06215000000009
-72.0661009999999,7.06241499999999
-72.092514,7.10361100000006
-72.113342,7.1383330000001
-72.1305689999999,7.16888800000009
-72.135284,7.17777699999999
-72.145279,7.19860999999992
-72.1644589999999,7.25944400000009
-72.164734,7.26555499999995
-72.1644589999999,7.2863880000001
-72.16362,7.29250000000008
-72.1547239999999,7.32527700000009
-72.259445,7.38972200000001
-72.265564,7.38916600000005
-72.3238979999999,7.39305500000012
-72.397766,7.40642500000001
-72.39917,7.40611100000001
-72.404175,7.40833299999997
-72.412231,7.41388800000004
-72.426392,7.42722099999992
-72.468903,7.48777800000005
-72.4716799999999,7.49194399999999
-72.474457,7.50305500000002
-72.474731,7.50916600000011
-72.473618,7.64944400000002
-72.4733429999999,7.66305499999999
-72.459732,7.92055500000004
-72.402512,8.041943
-72.393616,8.04666500000008
-72.383896,8.05055399999998
-72.3775019999999,8.05110900000011
-72.357788,8.05055399999998
-72.349167,8.04583200000008
-72.342789,8.04499800000002
-72.3336179999999,8.04944399999999
-72.330841,8.05361000000011
-72.326401,8.06999999999994
-72.324722,8.0824990000001
-72.3252869999999,8.09555400000005
-72.33667,8.15194300000013
-72.376114,8.33694300000002
-72.3841709999999,8.36305400000009
-72.392227,8.37583200000006
-72.398895,8.38277599999992
-72.405334,8.3859230000001
-72.414734,8.38722000000013
-72.4313959999999,8.39222100000001
-72.6644589999999,8.64110900000014
-72.736954,8.91722100000004
-72.779724,9.08027600000003
-72.885559,9.11916500000001
-72.965286,9.17055499999998
-72.959732,9.18555500000008
-72.958069,9.19805500000001
-72.958618,9.20416600000004
-72.981125,9.26083200000011
-73.0014039999999,9.30250000000001
-73.006393,9.30444299999999
-73.016113,9.30055399999992
-73.1383359999999,9.22916600000002
-73.1425019999999,9.2263870000001
-73.145569,9.22250000000003
-73.147781,9.21749899999992
-73.155563,9.20472099999995
-73.166397,9.19444300000009
-73.170288,9.19194400000009
-73.218903,9.17138900000003
-73.225006,9.17083200000013
-73.345566,9.16638799999998
-73.378067,9.17138900000003
-73.363892,9.22583200000003
-73.249725,9.40277700000013
-73.24057,9.41416500000003
-73.117508,9.56138800000014
-73.08168,9.60944400000011
-73.0047299999999,9.7683320000001
-72.984451,9.89027600000009
-72.9869539999999,9.90111000000013
-72.987228,9.91416500000008
-72.9775089999999,10.001944
-72.9594569999999,10.0744440000001
-72.953613,10.0897219999999
-72.943619,10.107222
-72.9380649999999,10.1152760000001
-72.936951,10.1216659999999
-72.915009,10.350555
-72.908539,10.4266890000001
-72.908066,10.4313890000001
-72.905014,10.4424990000001
-72.900558,10.451944
-72.83667,10.5544430000001
-72.810013,10.5905550000001
-72.704727,10.7705549999999
-72.633621,10.8963870000001
-72.540009,11.0319440000001
-72.493057,11.121111
-72.489456,11.124443
-72.476669,11.1325
-72.4675139999999,11.136944
-72.358612,11.161943
-72.341125,11.1649990000001
-72.328339,11.1661110000001
-72.321671,11.165833
-72.310287,11.163055
-72.209351,11.25
-72.0727229999999,11.4955080000001
-71.977234,11.664999
-71.959732,11.6675
-71.76973,11.7008320000001
-71.72168,11.721943
-71.6264039999999,11.7555540000001
-71.468063,11.795555
-71.4033359999999,11.812777
-71.324722,11.8530540000001
-71.341125,11.7991660000001
-71.378616,11.7533320000001
-71.445847,11.723888
-71.48056,11.7102780000001
-71.5050049999999,11.707222
-71.541397,11.703888
-71.638336,11.6908319999999
-71.7122339999999,11.674999
-71.7630619999999,11.6630550000001
-71.768616,11.661665
-71.816391,11.647499
-71.9447329999999,11.602777
-71.953339,11.5975
-71.9566799999999,11.594166
-71.961945,11.5844440000001
-71.968338,11.5558320000001
-71.970001,11.536665
-71.9664,11.506388
-71.9608459999999,11.4644430000001
-71.9547269999999,11.4299980000001
-71.9505619999999,11.4136100000001
-71.9475099999999,11.403055
-71.9422299999999,11.3880540000001
-71.932785,11.363054
-71.906113,11.3008330000001
-71.866959,11.2294429999999
-71.8377839999999,11.182777
-71.795288,11.1286110000001
-71.740845,11.0341660000001
-71.7600099999999,11.0186100000001
-71.763336,11.0152759999999
-71.7655639999999,11.0105550000001
-71.6911159999999,10.834166
-71.666946,10.782776
-71.656677,10.7722209999999
-71.617508,10.7419429999999
-71.5969539999999,10.7277770000001
-71.578903,10.7177770000001
-71.57695,10.7144430000001
-71.5816799999999,10.6747210000001
-71.630005,10.476387
-71.6488949999999,10.4424990000001
-71.67778,10.423332
-71.7522279999999,10.3730550000001
-71.759171,10.366388
-71.768616,10.3550000000001
-71.777786,10.343611
-71.79306,10.3238890000001
-71.7958369999999,10.319721
-71.822784,10.263332
-71.827515,10.2469439999999
-71.841125,10.218887
-71.904175,10.1297210000001
-71.908066,10.1263890000001
-71.916397,10.1208320000001
-72.1208339999999,9.83277700000002
-72.127502,9.81860899999998
-72.127502,9.81305499999996
-72.1255649999999,9.80833200000001
-72.083069,9.74083299999995
-72.072784,9.73027600000006
-72.0533449999999,9.71472200000011
-72.039734,9.70083199999999
-72.013901,9.67138899999992
-72.002228,9.655554
-71.9791719999999,9.62333299999995
-71.9658359999999,9.60249900000014
-71.944458,9.54305500000009
-71.910843,9.4936100000001
-71.734177,9.37805400000002
-71.732224,9.373333
-71.7236179999999,9.34499900000009
-71.7314,9.29833200000013
-71.732513,9.29361000000006
-71.751953,9.22250000000003
-71.7630619999999,9.12583200000006
-71.763626,9.11972000000009
-71.755569,9.11388800000003
-71.734177,9.10055499999993
-71.716675,9.07972100000006
-71.713058,9.07611100000003
-71.700562,9.06749900000011
-71.696121,9.06555400000013
-71.6800079999999,9.06027600000004
-71.62973,9.04416699999996
-71.618057,9.041943
-71.5983429999999,9.03999900000008
-71.559448,9.04055399999999
-71.5461119999999,9.04111100000006
-71.505569,9.04861099999999
-71.488892,9.05222100000009
-71.313614,9.11055400000004
-71.290558,9.121666
-71.248062,9.14833300000004
-71.234726,9.16249799999997
-71.2250819999999,9.1742000000001
-71.214172,9.20888700000006
-71.208344,9.21972100000011
-71.172501,9.26694300000003
-71.15834,9.280554
-71.1497339999999,9.28583099999997
-71.1447299999999,9.28777700000006
-71.117783,9.29333300000002
-71.087509,9.30444299999999
-71.0775149999999,9.30833200000006
-71.073334,9.31083300000006
-71.0611109999999,9.32638700000007
-71.056671,9.33611100000013
-71.055283,9.34138899999999
-71.055557,9.35444300000006
-71.0680689999999,9.38305500000007
-71.0741729999999,9.39749900000004
-71.089447,9.525555
-71.0900119999999,9.53194400000001
-71.089737,9.53861000000001
-71.087509,9.55027799999993
-71.083069,9.566666
-71.0611109999999,9.61722200000008
-71.053345,9.70360900000009
-71.070557,9.84194400000001
-71.0713959999999,9.84805500000004
-71.075836,9.85722200000004
-71.090561,9.88361000000009
-71.098892,9.89611100000002
-71.1019589999999,9.89972099999994
-71.147781,9.9508320000001
-71.263626,10.142221
-71.275284,10.158054
-71.288895,10.172222
-71.296402,10.1786100000001
-71.3169559999999,10.192778
-71.3855589999999,10.2827760000001
-71.436676,10.3694440000001
-71.458618,10.459999
-71.5219569999999,10.533333
-71.545013,10.565554
-71.5464019999999,10.57111
-71.5263979999999,10.7269440000001
-71.446671,10.7955550000001
-71.4447329999999,10.912777
-71.458618,10.9199980000001
-71.4983369999999,10.9563880000001
-71.497513,10.959999
-71.487793,10.9638879999999
-71.440002,10.978054
-71.429459,10.9811100000001
-71.411957,10.9841650000001
-71.390839,10.983889
-71.377502,10.982777
-71.353897,10.978333
-71.281113,10.989166
-71.271118,10.9930550000001
-71.17807,11.032221
-71.0738979999999,11.08
-71.0377809999999,11.099165
-71.0252839999999,11.107222
-71.01445,11.1172220000001
-70.997513,11.128054
-70.9805599999999,11.1386110000001
-70.9405669999999,11.16111
-70.927231,11.1683330000001
-70.8900149999999,11.18611
-70.855835,11.2002770000001
-70.825562,11.211388
-70.7369539999999,11.23
-70.655014,11.2386090000001
-70.628342,11.236387
-70.614456,11.2361110000001
-70.5500029999999,11.2416650000001
-70.543625,11.242222
-70.5133359999999,11.2461110000001
-70.503616,11.250277
-70.4963989999999,11.256943
-70.487793,11.2688879999999
-70.446671,11.289999
-70.421402,11.292221
-70.3233339999999,11.3316650000001
-70.239182,11.353054
-70.1425019999999,11.4183330000001
-70.095566,11.4299980000001
-70.0400089999999,11.437777
-70.035568,11.4402770000001
-70.031952,11.4436090000001
-70.023895,11.4913880000001
-70.050568,11.5133320000001
-70.045013,11.522221
-69.9897309999999,11.516109
-69.985565,11.5133320000001
-69.90834,11.4447210000001
-69.9013979999999,11.437777
-69.8930659999999,11.4322199999999
-69.8880619999999,11.4299980000001
-69.877228,11.4269429999999
-69.8708339999999,11.4261090000001
-69.843613,11.424721
-69.829727,11.4244439999999
-69.804169,11.4266660000001
-69.798615,11.4277759999999
-69.747513,11.4813880000001
-69.7416689999999,11.4894430000001
-69.74028,11.4949990000001
-69.740845,11.5011099999999
-69.742233,11.5066660000001
-69.773056,11.602221
-69.779175,11.6166650000001
-69.7877809999999,11.635277
-69.814453,11.6908319999999
-69.818619,11.6911109999999
-69.8541719999999,11.6897220000001
-69.860565,11.689444
-70.0047299999999,11.6502760000001
-70.1772309999999,11.604166
-70.182785,11.603054
-70.196945,11.603333
-70.213623,11.6077769999999
-70.218613,11.6099990000001
-70.2269589999999,11.615555
-70.2302859999999,11.619165
-70.236389,11.6269440000001
-70.2383419999999,11.631666
-70.238892,11.6377770000001
-70.236679,11.642776
-70.227783,11.654722
-70.22084,11.661388
-70.243896,11.7752760000001
-70.291672,11.8563880000001
-70.2964019999999,11.866943
-70.2950129999999,11.89361
-70.2925109999999,11.9052770000001
-70.286667,11.9202770000001
-70.259171,11.9866660000001
-70.2569579999999,11.991665
-70.2063899999999,12.0802760000001
-70.1875,12.1077770000001
-70.0680689999999,12.173611
-70.026947,12.195276
-70.016113,12.1983320000001
-70.009735,12.198889
-70.004456,12.197498
-69.934723,12.1697220000001
-69.9108429999999,12.145277
-69.9005579999999,12.134722
-69.859451,12.071943
-69.841675,12.0352760000001
-69.839447,12.0302770000001
-69.824448,11.9908330000001
-69.8230589999999,11.9852770000001
-69.811676,11.935833
-69.8125,11.9294430000001
-69.815567,11.9186099999999
-69.81778,11.913887
-69.8188929999999,11.9077760000001
-69.8188929999999,11.881109
-69.818619,11.8611110000001
-69.81778,11.855
-69.815567,11.8438869999999
-69.804169,11.794167
-69.770844,11.69611
