"V1","V2"
-77.735001,26.9144440000001
-77.696945,26.90583
-77.661957,26.9030530000001
-77.6355589999999,26.90583
-77.606674,26.9108310000001
-77.602509,26.9141650000001
-77.5972289999999,26.9144440000001
-77.591125,26.9130550000001
-77.5736239999999,26.9074969999999
-77.5466769999999,26.896664
-77.536957,26.8913880000001
-77.508057,26.8688890000001
-77.500839,26.8628620000001
-77.472778,26.836388
-77.420837,26.785831
-77.303619,26.668053
-77.301682,26.663055
-77.2777859999999,26.6233329999999
-77.275009,26.6205520000001
-77.2694549999999,26.6183320000001
-77.226395,26.607498
-77.156403,26.579998
-77.089737,26.548885
-77.076401,26.539997
-77.051392,26.520832
-77.047791,26.5172200000001
-77.042236,26.508888
-77.039734,26.497776
-77.027786,26.359722
-77.050003,26.3063890000001
-77.053619,26.3099980000001
-77.059723,26.310276
-77.073059,26.308887
-77.078613,26.306942
-77.109726,26.286388
-77.143341,26.2619440000001
-77.151398,26.2552759999999
-77.1644589999999,26.239441
-77.168335,26.2286110000001
-77.173889,26.1977770000001
-77.188614,26.074718
-77.189728,26.027222
-77.1874999999999,25.9569440000001
-77.188339,25.929443
-77.1930689999999,25.8980520000001
-77.1944579999999,25.891941
-77.200562,25.884163
-77.204727,25.880833
-77.218063,25.8791660000001
-77.2314,25.8813860000001
-77.236954,25.8836100000001
-77.24556,25.889442
-77.268616,25.9166640000001
-77.279175,25.934444
-77.289169,25.9588850000001
-77.2961119999999,25.973053
-77.302505,25.9808310000001
-77.3069459999999,25.983887
-77.3180689999999,25.9877780000001
-77.398056,26.0263860000001
-77.307785,26.076111
-77.2227779999999,26.143608
-77.218903,26.146942
-77.22612,26.247776
-77.2325129999999,26.4061090000001
-77.231949,26.415833
-77.2258449999999,26.4416660000001
-77.2211149999999,26.4441640000001
-77.208069,26.445553
-77.200012,26.452221
-77.154449,26.5202750000001
-77.1480559999999,26.536388
-77.147781,26.543331
-77.148895,26.548885
-77.151947,26.553055
-77.156403,26.55611
-77.1816709999999,26.5683330000001
-77.202515,26.577499
-77.214737,26.5808300000001
-77.227783,26.583332
-77.273056,26.5847209999999
-77.2927859999999,26.588333
-77.330002,26.5975
-77.340561,26.602219
-77.345001,26.605274
-77.346115,26.610832
-77.349731,26.6405530000001
-77.490845,26.8172190000001
-77.5255579999999,26.856388
-77.5300139999999,26.8594440000001
-77.539734,26.864719
-77.5458369999999,26.8663859999999
-77.553345,26.8666650000001
-77.560562,26.8663859999999
-77.59584,26.8574980000001
-77.631958,26.8583300000001
-77.654175,26.8599970000001
-77.6608429999999,26.8611110000001
-77.672501,26.864998
-77.7238919999999,26.8822210000001
-77.789734,26.9008329999999
-77.801956,26.9041629999999
-77.834732,26.9102750000001
-77.893616,26.9044420000001
-77.906677,26.9030530000001
-77.950287,26.8977780000001
-77.916946,26.9158330000001
-77.9061129999999,26.919441
-77.8408359999999,26.9283330000001
-77.82695,26.9291650000001
-77.735001,26.9144440000001
