"V1","V2"
102.624229,0.994136000000026
102.646988,0.990663999999981
102.714882,1.01380900000009
102.760529,1.01027800000014
102.783043,0.998611000000096
102.883873,0.941666000000055
102.892197,0.936389000000077
102.924973,0.914444000000117
103.011368,0.85000000000008
103.026917,0.838333000000034
103.03331,0.830832999999927
103.041351,0.818333000000052
103.043579,0.81361099999998
103.048859,0.798610999999994
103.051567,0.786063999999953
103.05246,0.784166000000141
103.053017,0.771111000000019
103.05246,0.758055000000127
103.048859,0.734166000000073
103.041351,0.714165999999977
103.035797,0.706111000000135
103.029137,0.699165999999991
103.024979,0.696389000000067
103.020248,0.69444400000009
103.008591,0.692222000000072
103.006569,0.692726999999934
102.942734,0.75750000000005
102.935242,0.764165999999989
102.92691,0.769722000000002
102.909126,0.779444000000069
102.889969,0.787500000000136
102.87413,0.792500000000132
102.855797,0.794444000000055
102.692734,0.798610999999994
102.672203,0.798610999999994
102.654968,0.795000000000016
102.630798,0.784721999999988
102.619957,0.781943999999953
102.574692,0.77249999999998
102.554962,0.771944000000019
102.543854,0.774444000000074
102.500809,0.793055000000038
102.480263,0.806666000000007
102.461639,0.822500000000048
102.414413,0.865554999999972
102.411087,0.869166000000121
102.406082,0.878055000000018
102.410248,0.887500000000102
102.43219,0.920554999999979
102.435516,0.923888999999974
102.439682,0.926666000000068
102.449402,0.930833000000064
102.483582,0.930833000000064
102.489143,0.932222000000081
102.496078,0.938889000000131
102.498581,0.943055000000015
102.500809,0.954722000000118
102.501373,0.967777000000069
102.497192,0.984166000000016
102.491074,0.998611000000096
102.474136,1.0363880000001
102.467194,1.04999999999995
102.466637,1.08361100000008
102.467743,1.09583300000003
102.469971,1.10750000000007
102.473297,1.1177770000001
102.478851,1.12611100000004
102.486359,1.13222200000013
102.491074,1.13416600000005
102.508324,1.13777700000003
102.521912,1.13777700000003
102.5383,1.13361099999997
102.554962,1.122499
102.578308,1.09805500000004
102.614975,1.04428400000006
102.604942,1.01689499999998
102.624229,0.994136000000026
