"V1","V2"
-103.593887,79.325821
-103.398354,79.2999880000001
-103.335564,79.2999880000001
-103.262512,79.2999880000001
-103.139999,79.2877660000001
-103.097778,79.2824860000001
-103.083618,79.279434
-103.068069,79.2738800000001
-102.921112,79.2174840000001
-102.926666,79.211105
-102.926392,79.20665
-102.921944,79.200272
-102.901947,79.1722110000001
-102.891678,79.166656
-102.874443,79.1649929999999
-102.768623,79.138885
-102.620003,79.097214
-102.611656,79.0930480000001
-102.605827,79.0744320000001
-102.606377,79.0680540000001
-102.612213,79.0566410000001
-102.654449,78.994141
-102.665558,78.982758
-102.675827,78.9774780000001
-102.698608,78.9719240000001
-102.72084,78.9383090000001
-102.595001,78.876648
-102.579453,78.873032
-102.560822,78.8697050000001
-102.550827,78.8694310000001
-102.528877,78.873032
-102.391953,78.9316560000001
-102.376389,78.9463650000001
-102.380547,78.9627690000001
-102.398064,78.987198
-102.363052,79.0149990000001
-102.279449,79.018051
-102.093613,79.0441440000001
-102.049438,79.054428
-102.015007,79.064987
-101.993332,79.0760960000001
-101.975281,79.0808259999999
-101.942207,79.084717
-101.902496,79.0863800000001
-101.881943,79.0861049999999
-101.648903,79.0758210000001
-101.628052,79.07193
-101.541946,79.0447080000001
-101.520279,79.0383150000001
-101.308037,78.975815
-101.231667,78.9594270000001
-101.204727,78.954163
-101.176666,78.9538729999999
-101.152222,78.95665
-101.143341,78.962494
-101.14473,78.9683230000001
-101.140839,78.9741520000001
-101.093887,78.963608
-101.005569,78.9430390000001
-100.986656,78.9371950000001
-100.985283,78.931366
-101.116943,78.8569340000001
-101.152786,78.8399810000001
-101.193047,78.8244319999999
-101.200562,78.8208310000001
-101.203339,78.8158110000001
-101.200844,78.81192
-101.186394,78.8027650000001
-101.172783,78.8005370000001
-100.991943,78.7888790000001
-100.863892,78.781372
-100.830566,78.7897030000001
-100.800552,78.7933200000001
-100.705566,78.799713
-100.613892,78.7980350000001
-100.587784,78.7991490000001
-100.559158,78.804428
-100.550278,78.809982
-100.536392,78.815536
-100.524437,78.818054
-100.351097,78.828323
-100.344452,78.8266600000001
-100.323898,78.8022000000001
-100.32251,78.7972110000001
-100.332497,78.782761
-100.323334,78.7780460000001
-100.283073,78.7677610000001
-100.227783,78.7605440000001
-100.143341,78.752213
-100.124161,78.7500000000001
-100.032501,78.739426
-100.004997,78.7358090000001
-99.952499,78.72554
-99.936386,78.7199860000001
-99.8963929999999,78.695816
-99.8938899999999,78.6930390000001
-99.893066,78.6869200000001
-99.9133299999999,78.679703
-99.9727779999999,78.659988
-100.0625,78.6388850000001
-100.0625,78.635544
-100.016663,78.616653
-99.9888919999999,78.6138760000001
-99.963058,78.6149900000001
-99.909729,78.623871
-99.853333,78.633041
-99.8175049999999,78.630539
-99.573624,78.5955350000001
-99.5502779999999,78.5902710000001
-99.533325,78.583603
-99.529724,78.578049
-99.534164,78.5722200000001
-99.6611179999999,78.485535
-99.6702729999999,78.479706
-99.684158,78.4744260000001
-99.712509,78.469437
-99.777222,78.46138
-99.83139,78.4508210000001
-99.859436,78.4422
-99.867767,78.437485
-99.865005,78.4344180000001
-99.821396,78.4274750000001
-99.801392,78.4208220000001
-99.786667,78.4147030000001
-99.776672,78.4086
-99.761124,78.3963780000001
-99.7536159999999,78.3897090000001
-99.748337,78.383606
-99.749161,78.3724820000001
-99.77861,78.332214
-99.7977749999999,78.308594
-99.799438,78.303314
-99.7938839999999,78.2972110000001
-99.775833,78.2924800000001
-99.7413789999999,78.289978
-99.67305,78.290817
-99.6205439999999,78.290268
-99.551102,78.2861020000001
-99.529449,78.2824860000001
-99.51445,78.277206
-99.479721,78.2491460000001
-99.447769,78.2241520000001
-99.428329,78.2116550000001
-99.413895,78.205261
-99.398621,78.1999970000001
-99.188599,78.133041
-98.989166,78.073044
-98.9691619999999,78.068329
-98.9458309999999,78.061646
-98.9458309999999,78.055817
-98.9627839999999,78.0091550000001
-98.971664,77.9977570000001
-98.980835,77.9922030000001
-98.9988859999999,77.986923
-99.0216669999999,77.981659
-99.081116,77.9719239999999
-99.094727,77.9663849999999
-99.099167,77.9608150000001
-99.0988919999999,77.9549870000001
-99.0786129999999,77.9255370000001
-99.069168,77.9136050000001
-99.0413819999999,77.9008180000001
-99.022781,77.8944400000001
-99.013336,77.8883210000001
-99.022232,77.8824770000001
-99.238052,77.837769
-99.396667,77.8241580000001
-99.525284,77.813599
-99.549438,77.812485
-99.7130579999999,77.810806
-99.853882,77.7922060000001
-99.859436,77.7869260000001
-99.8769379999999,77.781372
-99.906952,77.7785950000001
-100.210007,77.809982
-100.329727,77.825272
-100.498894,77.8516540000001
-100.606377,77.8799740000001
-100.75528,77.9555510000001
-100.786118,77.9741520000001
-100.817497,77.9991460000001
-100.823898,78.00444
-100.838333,78.022766
-100.837784,78.0349880000001
-100.836937,78.0402680000001
-100.834442,78.044144
-100.82695,78.048874
-100.853882,78.096649
-100.875816,78.0999909999999
-100.998611,78.1316530000001
-101.009743,78.1366580000001
-101.021942,78.1477660000001
-101.01889,78.1569370000001
-101.015289,78.1627660000001
-101.013634,78.1735990000001
-101.013901,78.1847079999999
-101.020279,78.1896970000001
-101.035553,78.1960910000001
-101.062767,78.198593
-101.089447,78.1980290000001
-101.231377,78.1838680000001
-101.289436,78.18248
-101.316673,78.184982
-101.342499,78.189423
-101.417221,78.2088780000001
-101.432503,78.2152710000001
-101.431381,78.221375
-101.43277,78.2274780000001
-101.45639,78.2322080000001
-101.474167,78.2347110000001
-101.496658,78.2371980000001
-101.833328,78.264999
-102.133057,78.2827610000001
-102.157501,78.2824860000001
-102.18222,78.2810970000001
-102.298889,78.2733150000001
-102.347229,78.2677610000001
-102.388901,78.260818
-102.47139,78.248871
-102.501678,78.2458190000001
-102.561394,78.241089
-102.590561,78.2397000000001
-102.618607,78.2413640000001
-102.645279,78.2455290000001
-102.732224,78.2638850000001
-102.781387,78.2760930000001
-102.797783,78.2822110000001
-102.809433,78.2883150000001
-102.816391,78.2944340000001
-102.818336,78.300262
-102.813606,78.3108060000001
-102.808037,78.3169399999999
-102.75,78.3383180000001
-102.736107,78.3424840000001
-102.686394,78.35054
-102.665833,78.358597
-102.670837,78.363037
-102.694992,78.3677520000001
-102.722504,78.3713680000001
-102.777786,78.3763729999999
-102.806107,78.3777620000001
-102.835831,78.3763729999999
-102.889999,78.3691410000001
-102.920273,78.3658140000001
-102.938049,78.3647
-102.966949,78.364151
-103.024437,78.3652650000001
-103.133904,78.3691410000001
-103.163887,78.3669280000001
-103.214172,78.3566440000001
-103.238327,78.35054
-103.264717,78.3452610000001
-103.381104,78.3316650000001
-103.411118,78.3294370000001
-103.498047,78.327774
-103.527496,78.326385
-103.584732,78.32193
-103.679993,78.3119200000001
-103.751106,78.3013760000001
-103.781952,78.296097
-103.808037,78.2905430000001
-103.829453,78.284988
-103.877213,78.2722170000001
-103.894173,78.2522129999999
-103.898903,78.2458190000001
-103.910278,78.241089
-103.933319,78.2371980000001
-103.963058,78.2335970000001
-103.991943,78.2330470000001
-104.022507,78.2341460000001
-104.04277,78.236923
-104.069847,78.242172
-104.083069,78.244141
-104.110817,78.2466430000001
-104.190277,78.2516630000001
-104.304718,78.2522129999999
-104.363617,78.25444
-104.412514,78.2577670000001
-104.467499,78.2652740000001
-104.494453,78.270538
-104.820557,78.3558200000001
-104.991943,78.4377590000001
-105,78.443863
-105.050552,78.4880370000001
-105.051392,78.4944310000001
-105.04306,78.5058290000001
-105.011948,78.521652
-104.953613,78.5374910000001
-104.868607,78.560532
-104.83139,78.569992
-104.806107,78.572495
-104.696381,78.5788730000001
-104.666656,78.5797120000001
-104.397781,78.569992
-104.355003,78.5663759999999
-104.287781,78.5552520000001
-104.262787,78.549423
-104.212219,78.539978
-104.166107,78.5327610000001
-104.142776,78.5294340000001
-104.088333,78.5241550000001
-104.03389,78.5199890000001
-103.930557,78.516098
-103.871109,78.5180510000001
-103.782501,78.519714
-103.722504,78.517212
-103.665833,78.5124970000001
-103.588608,78.503876
-103.533333,78.496368
-103.523621,78.496094
-103.518341,78.496933
-103.465843,78.517487
-103.378052,78.586105
-103.399986,78.6155400000001
-103.446663,78.6213680000001
-103.506119,78.6213680000001
-103.740829,78.6197050000001
-103.98555,78.616928
-104.01001,78.6172030000001
-104.04216,78.6206819999999
-104.042221,78.6299739999999
-104.032784,78.6352690000001
-103.989166,78.6461030000001
-103.851936,78.6694340000001
-103.826111,78.6719210000001
-103.772232,78.6710970000001
-103.65834,78.664993
-103.628883,78.6644290000001
-103.539436,78.664993
-103.509171,78.6663820000001
-103.483612,78.6691440000001
-103.490829,78.674988
-103.503067,78.6810910000001
-103.513062,78.6874849999999
-103.527786,78.6994170000001
-103.525284,78.7052610000001
-103.518066,78.7108150000001
-103.488602,78.7158200000001
-103.439438,78.7202610000001
-103.412216,78.7202610000001
-103.388611,78.7169339999999
-103.358047,78.718597
-103.333893,78.7224880000001
-103.319168,78.728592
-103.316391,78.734421
-103.318893,78.740265
-103.416656,78.7788700000001
-103.439163,78.7849880000001
-103.468063,78.787491
-103.639717,78.765274
-103.669159,78.7605440000001
-103.710564,78.7500000000001
-103.796112,78.7358090000001
-103.702499,78.788315
-103.695267,78.793869
-103.698036,78.799713
-103.726936,78.8022000000001
-103.86055,78.806091
-103.870537,78.806366
-103.886124,78.804428
-103.90834,78.7991490000001
-103.905563,78.794144
-103.896393,78.7847140000001
-103.890839,78.780273
-103.895279,78.774994
-103.905273,78.768875
-103.929169,78.7649989999999
-103.960564,78.7613830000001
-103.991096,78.758881
-104.021667,78.757492
-104.049438,78.756378
-104.073898,78.757767
-104.170547,78.7658230000001
-104.198883,78.770264
-104.21167,78.776093
-104.219727,78.7822110000001
-104.215286,78.793594
-104.167221,78.8163760000001
-104.133057,78.8274840000001
-104.04834,78.8388820000001
-103.986656,78.850266
-103.86055,78.876648
-103.83139,78.8869320000001
-103.823898,78.892487
-103.821671,78.898331
-103.824722,78.90332
-103.867493,78.916092
-103.963058,78.9299770000001
-103.98999,78.932755
-104.006393,78.935532
-104.029449,78.9416500000001
-104.047501,78.9477540000001
-104.053329,78.9522089999999
-104.053879,78.957489
-104.052223,78.9613800000001
-104.047783,78.9666599999999
-104.048607,78.9711
-104.05777,78.9741520000001
-104.081123,78.979431
-104.12944,78.985809
-104.178596,78.9902650000001
-104.203613,78.991653
-104.233887,78.991928
-104.265556,78.9885860000001
-104.455002,78.9561
-104.471939,78.950546
-104.511124,78.910263
-104.53833,78.881927
-104.564163,78.8647
-104.578888,78.8585970000001
-104.785828,78.806641
-104.817497,78.8022000000001
-104.878601,78.7980350000001
-104.909157,78.7966460000001
-104.968887,78.7972110000001
-104.988327,78.7983250000001
-105.011948,78.8035890000001
-105.022507,78.809982
-105.02861,78.8152620000001
-105.029167,78.8216550000001
-105.028343,78.8327639999999
-105.012222,78.8447110000001
-104.833893,78.926651
-104.688599,78.993591
-104.678879,78.99971
-104.674713,79.0049900000001
-104.681107,79.0166630000001
-104.694153,79.022766
-104.708054,79.0277710000001
-104.737213,79.031937
-104.902496,79.0497129999999
-104.986389,79.043045
-105.013344,79.0383150000001
-105.099167,79.02388
-105.125267,79.0211030000001
-105.156387,79.01944
-105.395279,79.0116580000001
-105.426102,79.011108
-105.483887,79.0130460000001
-105.513634,79.0160980000001
-105.543327,79.0202639999999
-105.5625,79.0244289999999
-105.58139,79.030548
-105.590843,79.0344240000001
-105.599442,79.0402680000001
-105.606659,79.0519260000001
-105.628601,79.1613770000001
-105.620537,79.1727600000001
-105.482773,79.3063660000001
-105.459732,79.3241580000001
-105.439987,79.329163
-105.408623,79.328873
-105.383057,79.326935
-105.332779,79.3194430000001
-105.19722,79.2997130000001
-105.161118,79.2974850000001
-105.127213,79.2974850000001
-105.108612,79.2988740000001
-105.016113,79.310532
-104.954727,79.315262
-104.859161,79.3191530000001
-104.742767,79.322495
-104.583328,79.3294370000001
-104.548607,79.331375
-104.490829,79.339157
-104.460831,79.3422090000001
-104.181671,79.3588710000001
-104.007233,79.3677520000001
-103.977783,79.368866
-103.949158,79.3680420000001
-103.835007,79.364426
-103.722504,79.356934
-103.695267,79.3522030000001
-103.620537,79.3305510000001
-103.593887,79.325821
