"V1","V2"
98.5000000000001,11.884443
98.493591,11.8838880000001
98.481659,11.8861099999999
98.476654,11.8883320000001
98.4691470000001,11.8944440000001
98.4658200000001,11.90361
98.439423,12.0038870000001
98.4383090000001,12.0094430000001
98.426376,12.095831
98.427765,12.101387
98.438583,12.111387
98.464157,12.0883310000001
98.4677580000001,12.084721
98.5189970000001,12
98.557755,11.996386
98.5633090000001,11.99472
98.573044,11.990553
98.66304,11.946943
98.664993,11.9419420000001
98.6599880000001,11.9330540000001
98.5000000000001,11.884443
