"V1","V2"
149.314423,76.753601
149.218842,76.666931
149.21051,76.661102
149.168854,76.650543
149.148041,76.649719
149.125244,76.655258
149.078033,76.663605
149.054138,76.666656
149.029144,76.668594
148.978577,76.6699830000001
148.752197,76.6597140000001
148.644135,76.649429
148.484131,76.637207
148.401123,76.634201
148.39444,76.6374970000001
148.392212,76.6436
148.416077,76.660812
148.441925,76.6719210000001
148.473022,76.6830440000001
148.491058,76.6883090000001
148.666382,76.7299800000001
148.746613,76.745819
148.982452,76.7522130000001
149.113861,76.7558290000001
149.301636,76.7683260000001
149.314423,76.753601
