"V1","V2"
23.595833,70.578049
23.6530530000001,70.5013890000001
23.6594430000001,70.462494
23.6569440000001,70.451111
23.643887,70.438324
23.539719,70.389435
23.345276,70.308884
23.230553,70.27832
23.2177770000001,70.2761080000001
23.156387,70.2744290000001
23.120277,70.278885
23.091942,70.284988
23.0827750000001,70.2888790000001
22.8511090000001,70.4058230000001
22.8961110000001,70.448318
22.906387,70.452209
23.178608,70.544708
23.189999,70.5477750000001
23.204441,70.5491640000001
23.223888,70.547211
23.235554,70.5436100000001
23.253887,70.535828
23.260555,70.531662
23.4066660000001,70.5552670000001
23.4008330000001,70.6016540000001
23.387775,70.6102750000001
23.386387,70.6155549999999
23.3888850000001,70.6202699999999
23.4033320000001,70.6216580000001
23.46833,70.6216580000001
23.487778,70.6197200000001
23.538609,70.611938
23.5919420000001,70.583054
23.595833,70.578049
