"V1","V2"
12.567221,55.992218
12.529999,55.949715
12.5255549999999,55.94194
12.5169430000001,55.925552
12.5155540000001,55.9194410000001
12.519165,55.9113850000001
12.5588749999999,55.8672370000001
12.566944,55.8574980000001
12.5744439999999,55.848053
12.575832,55.8455510000001
12.596388,55.7988819999999
12.59861,55.793327
12.5999980000001,55.76722
12.6002770000001,55.75444
12.584166,55.7352750000001
12.599443,55.7072220000001
12.6002770000001,55.704163
12.596109,55.69944
12.5613880000001,55.6669390000001
12.5499990000001,55.657219
12.540833,55.6508330000001
12.524166,55.6394420000001
12.502777,55.6313860000001
12.496944,55.6066670000001
12.4955540000001,55.6038820000001
12.4922220000001,55.6022190000001
12.4866660000001,55.601662
12.4480550000001,55.6041639999999
12.4447210000001,55.604996
12.4416660000001,55.6072160000001
12.4358330000001,55.6141660000001
12.4324990000001,55.6155550000001
12.421665,55.6163860000001
12.403889,55.6166610000001
12.3913880000001,55.613609
12.3808330000001,55.6099930000001
12.3444440000001,55.593048
12.339458,55.590206
12.2694440000001,55.5599980000001
12.253332,55.5524980000001
12.244444,55.5436100000001
12.205832,55.5022200000001
12.1961099999999,55.4902730000001
12.1916660000001,55.482216
12.1908320000001,55.478607
12.1905540000001,55.4655530000001
12.1927779999999,55.4577709999999
12.195276,55.4522170000001
12.2005540000001,55.4447170000001
12.206665,55.4383320000001
12.224165,55.427773
12.2316670000001,55.4244380000001
12.2977769999999,55.4030529999999
12.3436110000001,55.401665
12.3638880000001,55.3988879999999
12.3766649999999,55.395271
12.3994430000001,55.3811040000001
12.430555,55.3616640000001
12.4361100000001,55.3574980000001
12.444166,55.3483280000001
12.4519440000001,55.336388
12.453609,55.3305510000001
12.462776,55.2927700000001
12.461666,55.2863850000001
12.4491650000001,55.276382
12.443333,55.2724990000001
12.4258330000001,55.261665
12.412498,55.2558290000001
12.3338870000001,55.2349930000001
12.325277,55.23333
12.315554,55.2327730000001
12.293888,55.233055
12.2724990000001,55.2338870000001
12.2438890000001,55.2369380000001
12.203333,55.2280500000001
12.1761090000001,55.2205510000001
12.0361100000001,55.1733320000001
12.0255550000001,55.1694410000001
12.0149990000001,55.161385
12.0130540000001,55.158607
12.0127770000001,55.155548
12.0130540000001,55.1524960000001
12.0152760000001,55.1502760000001
12.018055,55.148605
12.058054,55.1330490000001
12.0655540000001,55.1305540000001
12.0749989999999,55.128883
12.086943,55.128883
12.0961090000001,55.1294400000001
12.1150000000001,55.132774
12.1305540000001,55.133606
12.1494430000001,55.130272
12.173332,55.1227720000001
12.179165,55.11972
12.18111,55.1172180000001
12.1813890000001,55.114166
12.173611,55.0049970000001
12.1730540000001,55.001389
12.1716650000001,54.998886
12.166666,54.995552
12.158609,54.9927750000001
12.071943,54.9686050000001
12.041111,54.9663850000001
12.013332,54.9683300000001
11.9949990000001,54.971382
11.978333,54.979164
11.953333,54.998886
11.949999,55.000275
11.945833,55.0019380000001
11.9363880000001,55.003326
11.913887,55.004715
11.910276,55.003326
11.8963870000001,54.9913859999999
11.895555,54.9883270000001
11.896111,54.9858320000001
11.9009130000001,54.978825
11.8597220000001,55.0138850000001
11.8402770000001,55.023331
11.730555,55.0605550000001
11.7830540000001,55.1324999999999
11.7977770000001,55.1558300000001
11.7411100000001,55.198883
11.7308330000001,55.203606
11.7177770000001,55.206665
11.694508,55.2076030000001
11.6833320000001,55.2041630000001
11.658333,55.1872180000001
11.612221,55.1872180000001
11.553055,55.190826
11.543055,55.1927720000001
11.5188880000001,55.199997
11.4538880000001,55.212494
11.4277759999999,55.215828
11.4169429999999,55.215828
11.4002760000001,55.2122189999999
11.350832,55.2013850000001
11.323055,55.1905520000001
11.30611,55.188889
11.2727780000001,55.1927720000001
11.262499,55.194443
11.2530540000001,55.196388
11.246666,55.1997149999999
11.244165,55.204437
11.187777,55.3388820000001
11.218054,55.3936080000001
11.217222,55.399162
11.2036090000001,55.4488830000001
11.149166,55.5674970000001
11.1444440000001,55.5774990000001
11.089167,55.662773
11.083611,55.669998
11.075277,55.6727750000001
10.9941650000001,55.692497
10.8799990000001,55.729439
10.8736100000001,55.732498
10.8780540000001,55.736938
10.88722,55.738327
10.897221,55.7391660000001
10.9408320000001,55.7388840000001
10.9530540000001,55.738052
11.1294440000001,55.7216640000001
11.1386110000001,55.713608
11.1527770000001,55.7077710000001
11.1686100000001,55.702774
11.1891649999999,55.699165
11.201111,55.698051
11.211111,55.6988830000001
11.343332,55.7474980000001
11.4869440000001,55.84166
11.4963870000001,55.8508300000001
11.5000000000001,55.8561099999999
11.506388,55.867218
11.511665,55.8794400000001
11.5158330000001,55.8919370000001
11.516388,55.898331
11.5102769999999,55.9141619999999
11.5077759999999,55.918884
11.4916650000001,55.930275
11.478611,55.9369429999999
11.4702760000001,55.939438
11.4491650000001,55.9424970000001
11.3797210000001,55.946938
11.359722,55.9491650000001
11.283333,55.971382
11.2780550000001,55.9752730000001
11.274166,55.9794390000001
11.273333,55.9916610000001
11.3127769999999,55.98111
11.4091660000001,55.961388
11.606388,55.936386
11.6644440000001,55.9416660000001
11.7063880000001,55.9508290000001
11.7377780000001,55.9594420000001
11.74472,55.962494
11.752777,55.964439
11.763887,55.964722
11.772778,55.962219
11.7786100000001,55.9583280000001
11.7819440000001,55.9541630000001
11.778332,55.948608
11.7397209999999,55.921387
11.6702770000001,55.890549
11.670555,55.8141630000001
11.717499,55.793327
11.7274990000001,55.7947160000001
11.7327770000001,55.794441
11.7363869999999,55.7930530000001
11.7452770000001,55.784164
11.7655540000001,55.7586059999999
11.799721,55.687218
11.7999990000001,55.683884
11.79444,55.661659
11.8197210000001,55.674721
11.822498,55.676666
11.8255540000001,55.682495
11.8320830000001,55.7070160000001
11.843611,55.764442
11.902777,55.925827
11.9052770000001,55.9277730000001
11.9141650000001,55.9297180000001
11.9249990000001,55.928886
11.9411110000001,55.924438
11.9594440000001,55.9172210000001
11.986944,55.904716
11.9927769999999,55.901108
11.998888,55.8944400000001
12.001389,55.88916
12.0352760000001,55.8063890000001
12.0405539999999,55.793327
12.055555,55.751389
12.056944,55.7422180000001
12.0563890000001,55.736107
12.054443,55.7299960000001
12.0508330000001,55.7244420000001
12.045555,55.7205510000001
12.0311110000001,55.7152710000001
12.02611,55.714722
12.0097220000001,55.7152710000001
11.9705540000001,55.7174990000001
11.936666,55.6769410000001
11.935833,55.6533280000001
12.0572200000001,55.6533280000001
12.061943,55.6580510000001
12.092222,55.698326
12.0938870000001,55.7111050000001
12.092222,55.722496
12.0908320000001,55.72805
12.087776,55.7388840000001
12.0722200000001,55.7645380000001
12.042221,55.919167
12.0397209999999,55.9241640000001
12.014721,55.9561080000001
12.0075000000001,55.9594420000001
11.979166,55.956665
11.9338870000001,55.949997
11.8866650000001,55.9369429999999
11.87611,55.936104
11.8663880000001,55.9372180000001
11.853611,55.9438860000001
11.8486100000001,55.947777
11.845833,55.9524990000001
11.848331,55.9586110000001
11.859444,55.9666600000001
11.865833,55.9697190000001
11.919167,55.994438
12.1741660000001,56.1036070000001
12.2002770000001,56.112221
12.2750000000001,56.12722
12.290554,56.128883
12.301666,56.128609
12.3124980000001,56.12722
12.3313880000001,56.1241610000001
12.514166,56.0877760000001
12.533609,56.0808260000001
12.612499,56.0452730000001
12.6188890000001,56.0419390000001
12.6197199999999,56.0394440000001
12.618055,56.0338820000001
12.593887,56.004715
12.584166,55.9994430000001
12.5733320000001,55.995827
12.567221,55.992218
