"V1","V2"
104.242737,0.81972200000007
104.175537,0.790833000000021
104.161102,0.831389000000115
104.156937,0.841111000000012
104.146103,0.857499999999959
104.138603,0.863611000000049
104.1297,0.868333000000121
104.098038,0.882222000000013
104.089157,0.932222000000081
104.089157,0.938889000000131
104.094711,0.947222000000011
104.10498,0.950555000000122
104.110527,0.949167000000045
104.259163,0.867778000000044
104.262497,0.864166000000125
104.264709,0.859444000000053
104.265266,0.853332999999964
104.265266,0.846389000000102
104.263893,0.841111000000012
104.261108,0.836944000000017
104.246918,0.822500000000048
104.242737,0.81972200000007
