"V1","V2"
166.802765,-15.157501
166.83551,-15.165001
166.907471,-15.163612
166.914154,-15.163334
166.919983,-15.162222
166.924988,-15.160278
166.928314,-15.156389
166.954407,-15.118332
166.961914,-15.104166
166.967194,-15.087778
166.968567,-15.074722
166.967194,-15.062778
166.962738,-15.020834
166.963867,-14.9538879999999
166.96579,-14.94861
166.968842,-14.944445
166.981628,-14.936111
166.994415,-14.928057
167.0047,-14.9244439999999
167.011108,-14.9252779999999
167.040802,-14.932777
167.058868,-14.945
167.049408,-14.956944
167.046936,-14.9616659999999
167.045258,-14.966944
167.065247,-15.0849989999999
167.085236,-15.133612
167.089691,-15.142778
167.092468,-15.1438899999999
167.1008,-15.1380559999999
167.104126,-15.13389
167.107819,-15.123703
167.116364,-15.121387
167.132446,-15.127222
167.136658,-15.130278
167.139984,-15.13389
167.156586,-15.203565
167.153,-15.240646
167.146042,-15.248443
167.158051,-15.2676149999999
167.167114,-15.273094
167.187469,-15.302223
167.171356,-15.340277
167.205521,-15.4598779999999
167.22525,-15.483055
167.241623,-15.490328
167.242065,-15.500333
167.237717,-15.5242579999999
167.229019,-15.5264329999999
167.194977,-15.516945
167.151154,-15.520343
167.087738,-15.592777
167.083313,-15.595278
167.071625,-15.598055
167.064972,-15.59861
167.057739,-15.598055
167.039429,-15.594166
167.034424,-15.591944
167.030273,-15.588888
167.027771,-15.584444
167.02359,-15.581388
166.982452,-15.580555
166.941345,-15.58
166.920258,-15.579721
166.913879,-15.58
166.902771,-15.582777
166.84079,-15.626389
166.838287,-15.631111
166.83551,-15.642778
166.834137,-15.654446
166.830261,-15.657778
166.825806,-15.660278
166.814697,-15.663055
166.796082,-15.659166
166.784698,-15.655834
166.765259,-15.6463889999999
166.761932,-15.642778
166.636658,-15.433332
166.619415,-15.395555
166.617737,-15.390556
166.617462,-15.384445
166.61911,-15.378887
166.62912,-15.345278
166.638306,-15.325832
166.639709,-15.319721
166.640808,-15.313334
166.648315,-15.262222
166.649994,-15.249166
166.650543,-15.229166
166.578308,-15.015278
166.535797,-14.894445
166.532745,-14.88389
166.526917,-14.862778
166.52359,-14.845833
166.521637,-14.821388
166.529144,-14.7297209999999
166.531921,-14.718332
166.545807,-14.669722
166.549408,-14.658611
166.55191,-14.6538889999999
166.563873,-14.645
166.592743,-14.6244429999999
166.599121,-14.624166
166.602448,-14.6277769999999
166.620789,-14.6580559999999
166.622467,-14.6630549999999
166.626617,-14.679445
166.639435,-14.714167
166.675537,-14.768612
166.693024,-14.786945
166.718842,-14.810833
166.732727,-14.831667
166.749695,-14.86972
166.761108,-14.905834
166.786102,-15.032501
166.7883,-15.06889
166.787476,-15.091667
166.794128,-15.131943
166.795258,-15.137501
166.802765,-15.157501
