"V1","V2"
-109.78389,68.1374970000001
-109.811661,68.136108
-109.828056,68.1369320000001
-109.841377,68.139709
-109.849991,68.1433259999999
-109.856659,68.147766
-109.854172,68.15387
-109.845551,68.158035
-109.771942,68.1883090000001
-109.676941,68.2241520000001
-109.644173,68.232208
-109.588898,68.245255
-109.577499,68.247482
-109.568069,68.2472080000001
-109.570557,68.2410890000001
-109.57695,68.232483
-109.581947,68.225815
-109.594162,68.214432
-109.673889,68.1733090000001
-109.762512,68.1433259999999
-109.772507,68.139984
-109.78389,68.1374970000001
