"V1","V2"
-113.390289,67.897766
-113.463898,67.8958280000001
-113.526947,67.8963780000001
-113.559723,67.897491
-113.594162,67.8994289999999
-113.603333,67.9030460000001
-113.597504,67.9066470000001
-113.585281,67.9086000000001
-113.419724,67.9252620000001
-113.391113,67.926651
-113.347504,67.9280400000001
-113.273903,67.9299770000001
-113.257233,67.9294280000001
-113.25029,67.9252620000001
-113.246948,67.9144290000001
-113.253616,67.9094240000001
-113.277786,67.905823
-113.297234,67.904434
-113.334442,67.9010929999999
-113.390289,67.897766
