"V1","V2"
-178.776978,51.7455370000001
-178.797791,51.7444310000001
-178.806671,51.7455370000001
-178.813324,51.748047
-178.848907,51.767212
-178.853333,51.771103
-178.860535,51.78054
-178.863312,51.78611
-178.842529,51.819153
-178.83725,51.822762
-178.809174,51.833054
-178.790588,51.832764
-178.776978,51.828331
-178.763367,51.823318
-178.747223,51.8119280000001
-178.742798,51.80777
-178.728333,51.788879
-178.726654,51.7827610000001
-178.729736,51.778046
-178.745026,51.7602770000001
-178.749176,51.7561039999999
-178.754486,51.7524950000001
-178.760834,51.749428
-178.776978,51.7455370000001
