"V1","V2"
-79.0216669999999,56.4269410000001
-79.009445,56.426384
-78.988327,56.4269410000001
-78.9491579999999,56.430824
-78.943054,56.4305500000001
-78.935822,56.428879
-78.9288789999999,56.4258270000001
-78.9247129999999,56.419441
-78.922775,56.415268
-78.921112,56.4097140000001
-78.9205469999999,56.40332
-78.9230499999999,56.3869400000001
-78.936386,56.3174969999999
-78.9433289999999,56.284996
-78.9499969999999,56.282494
-78.955276,56.27916
-78.9613949999999,56.271378
-79.029175,56.1724930000001
-79.061386,56.124435
-79.071671,56.1049960000001
-79.085007,56.0774920000001
-79.094162,56.0549930000001
-79.12999,55.989433
-79.1752779999999,55.9233249999999
-79.1952669999999,55.8919370000001
-79.203613,55.8941570000001
-79.166267,55.973881
-79.122116,56.046715
-79.061935,56.148605
-79.022781,56.202492
-79.008896,56.2216569999999
-78.990829,56.261665
-78.985825,56.2736050000001
-78.9727779999999,56.306656
-78.970276,56.3141560000001
-78.9677729999999,56.323608
-78.9661099999999,56.336105
-78.970276,56.378044
-78.97084,56.3836060000001
-78.977219,56.388603
-78.983322,56.389717
-78.9988859999999,56.384163
-79.043335,56.36055
-79.055267,56.344437
-79.06221,56.32972
-79.089172,56.267769
-79.09111,56.263054
-79.093063,56.2569430000001
-79.092949,56.231716
-79.095444,56.2190480000001
-79.093948,56.213718
-79.092781,56.211552
-79.0891109999999,56.2118840000001
-79.083328,56.174164
-79.212784,55.9541630000001
-79.2361149999999,55.9174960000001
-79.2594449999999,55.8861080000001
-79.275284,55.8702700000001
-79.283325,55.8644410000001
-79.2866669999999,55.8666610000001
-79.286118,55.8699870000001
-79.2780609999999,55.885551
-79.2672269999999,55.903046
-79.226669,55.962494
-79.1836089999999,56.037498
-79.1399989999999,56.1152730000001
-79.133896,56.1266560000001
-79.132721,56.1757700000001
-79.1385649999999,56.2052690000001
-79.139725,56.207767
-79.143562,56.2112660000001
-79.150558,56.233047
-79.160553,56.2313770000001
-79.170273,56.225548
-79.205566,56.190826
-79.243881,56.1511
-79.256393,56.1311040000001
-79.270844,56.1047129999999
-79.277496,56.090828
-79.284164,56.078049
-79.299728,56.051659
-79.309158,56.0363850000001
-79.3236239999999,56.016937
-79.3586119999999,55.9744340000001
-79.452499,55.8799900000001
-79.479996,55.863884
-79.493057,55.858887
-79.500565,55.8566590000001
-79.510559,55.855553
-79.520279,55.854713
-79.532501,55.8549960000001
-79.56778,55.864716
-79.5938869999999,55.8744350000001
-79.604996,55.8816600000001
-79.781952,55.7880480000001
-79.7630619999999,55.814156
-79.5980529999999,55.981659
-79.486938,56.087212
-79.474716,56.098328
-79.470276,56.104439
-79.470551,56.1127700000001
-79.472504,56.116936
-79.478882,56.1233220000001
-79.497223,56.133606
-79.513062,56.1349950000001
-79.523056,56.133881
-79.537216,56.1297150000001
-79.5502779999999,56.1233220000001
-79.567505,56.1127700000001
-79.597229,56.091377
-79.645004,56.050545
-79.8194579999999,55.9011000000001
-79.83168,55.8899920000001
-79.846664,55.8741610000001
-79.858047,55.8599930000001
-79.863892,55.8508300000001
-79.865829,55.847214
-79.909164,55.8405460000001
-79.985825,55.898048
-79.961945,55.960274
-79.774445,56.1122130000001
-79.6680599999999,56.189987
-79.648621,56.1983260000001
-79.642227,56.2013850000001
-79.587784,56.2302700000001
-79.536331,56.2950520000001
-79.52684,56.3042140000001
-79.516174,56.3198810000001
-79.494667,56.367214
-79.487335,56.4027140000001
-79.4588929999999,56.464157
-79.4586179999999,56.4683230000001
-79.4586179999999,56.4786000000001
-79.46611,56.4988780000001
-79.474442,56.521103
-79.4713899999999,56.5444410000001
-79.46611,56.5483320000001
-79.456665,56.553322
-79.448883,56.554436
-79.445267,56.5536040000001
-79.4419399999999,56.551384
-79.438599,56.5477750000001
-79.418335,56.4908290000001
-79.4194489999999,56.4436039999999
-79.443001,56.393436
-79.474998,56.3204380000001
-79.531387,56.2069400000001
-79.51445,56.186378
-79.46167,56.193321
-79.438889,56.1972120000001
-79.427216,56.2030490000001
-79.416397,56.2122120000001
-79.413055,56.21666
-79.309998,56.424164
-79.301102,56.447212
-79.2980499999999,56.4594350000001
-79.293335,56.4880449999999
-79.291672,56.4988780000001
-79.2863919999999,56.570274
-79.1399989999999,56.546387
-79.133057,56.54277
-79.12999,56.5377730000001
-79.125549,56.5141599999999
-79.121933,56.4955439999999
-79.119995,56.48999
-79.111938,56.4752660000001
-79.099991,56.463051
-79.0913849999999,56.4544370000001
-79.0755619999999,56.4441530000001
-79.055557,56.4338760000001
-79.038895,56.428879
-79.0216669999999,56.4269410000001
