"V1","V2"
6.25388800000007,62.3916630000001
6.22833300000008,62.3902739999999
6.21361100000001,62.3905490000001
6.148055,62.3905490000001
6.11972100000008,62.3905490000001
6.0963890000001,62.3938830000001
6.07749899999999,62.3991620000001
6.06027700000004,62.4049990000001
6.02722200000011,62.4305499999999
6.02305500000011,62.435555
6.17750000000001,62.4424970000001
6.189166,62.442215
6.31805500000013,62.4197160000001
6.32805500000012,62.417496
6.33361100000008,62.41333
6.33305500000012,62.407776
6.3266660000001,62.4036100000001
6.30833199999995,62.399994
6.28694400000012,62.396385
6.25388800000007,62.3916630000001
