"V1","V2"
-43.693336,-2.32694499999997
-43.698334,-2.352778
-43.726952,-2.351944
-43.733612,-2.35166700000002
-43.739174,-2.350278
-43.739723,-2.34388899999993
-43.733894,-2.32916699999998
-43.71917,-2.30194499999993
-43.714447,-2.29333399999996
-43.700279,-2.27999999999992
-43.6852799999999,-2.26749999999993
-43.6708369999999,-2.26166699999993
-43.638336,-2.25361199999998
-43.624725,-2.254167
-43.62056,-2.25694499999997
-43.6152799999999,-2.26249999999993
-43.6161119999999,-2.26722199999995
-43.618896,-2.271389
-43.622505,-2.27472299999999
-43.643333,-2.27972299999999
-43.666389,-2.29194499999994
-43.669724,-2.29527799999994
-43.691673,-2.32138900000001
-43.693336,-2.32694499999997
