"V1","V2"
107.383881,21.0463870000001
107.380257,21.04583
107.376373,21.050274
107.375259,21.0794409999999
107.375809,21.0830540000001
107.444702,21.235271
107.471947,21.27142
107.523613,21.2244380000001
107.601089,21.2197150000001
107.604431,21.2188840000001
107.60582,21.2161060000001
107.60498,21.2130510000001
107.600273,21.2052730000001
107.584991,21.1911050000001
107.540405,21.1557010000001
107.511436,21.1496960000001
107.501778,21.1293390000001
107.463043,21.0894389999999
107.40387,21.052219
107.383881,21.0463870000001
