"V1","V2"
20.819164,80.719147
20.881939,80.7174840000001
20.931664,80.721375
20.9608269999999,80.719986
20.979439,80.7160950000001
20.99305,80.7119290000001
21.00222,80.7069400000001
21.006664,80.701385
20.99416,80.695816
20.9708290000001,80.6930390000001
20.9397160000001,80.6913600000001
20.873051,80.6816560000001
20.8336070000001,80.6741490000001
20.806385,80.70166
20.7877770000001,80.7052610000001
20.750553,80.70665
20.6633299999999,80.7105410000001
20.527496,80.742477
20.5183300000001,80.747482
20.5183300000001,80.7599950000001
20.519997,80.762497
20.589718,80.7641600000001
20.6322170000001,80.763321
20.6555520000001,80.7602690000001
20.664997,80.755264
20.6647190000001,80.742752
20.6836050000001,80.739151
20.819164,80.719147
