"V1","V2"
-59.508339,-51.337502
-59.538338,-51.337502
-59.557503,-51.33667
-59.573616,-51.3336179999999
-59.798889,-51.275841
-59.80584,-51.273338
-59.8111109999999,-51.26973
-59.8075029999999,-51.25695
-59.8027799999999,-51.253059
-59.791389,-51.249451
-59.7319489999999,-51.253059
-59.583618,-51.2575069999999
-59.487228,-51.2630619999999
-59.4791719999999,-51.2647249999999
-59.473061,-51.267784
-59.450836,-51.305557
-59.445557,-51.317223
-59.445557,-51.323334
-59.467781,-51.335281
-59.508339,-51.337502
