"V1","V2"
104.294144,0.706666999999982
104.289413,0.704721999999947
104.280586,0.706095000000062
104.276917,0.703332999999986
104.263313,0.696389000000067
104.256927,0.697222000000068
104.202209,0.724444000000005
104.198029,0.727221999999983
104.19136,0.740832999999952
104.187759,0.758055000000127
104.187187,0.7641670000001
104.187759,0.770278000000019
104.189972,0.775277999999958
104.19693,0.781943999999953
104.200813,0.784721999999988
104.205811,0.786943999999949
104.255814,0.793055000000038
104.268883,0.793611000000055
104.273613,0.791667000000132
104.276932,0.788333000000137
104.294144,0.706666999999982
