"V1","V2"
-134.674713,58.1605450000001
-134.661957,58.159157
-134.641693,58.159988
-134.632751,58.161659
-134.609436,58.169441
-134.593872,58.1744380000001
-134.555267,58.185822
-134.457489,58.177773
-134.446381,58.1758270000001
-134.398895,58.1572110000001
-134.362488,58.1461030000001
-134.351379,58.144157
-134.339722,58.143326
-134.329987,58.144157
-134.295837,58.1519320000001
-134.201935,58.1638790000001
-134.178619,58.1622090000001
-134.169159,58.1597140000001
-134.166107,58.1549910000001
-134.159454,58.128876
-134.160828,58.122765
-134.16861,58.1202699999999
-134.136414,58.051659
-134.078064,58.008331
-134.003632,57.9361040000001
-133.91391,57.812767
-133.89502,57.75666
-133.875824,57.672768
-133.893341,57.655266
-133.960266,57.6844330000001
-133.982208,57.733879
-133.996368,57.7686000000001
-134.068329,57.8305510000001
-134.085815,57.842216
-134.095001,57.8502730000001
-134.101379,57.859718
-134.106384,57.8694380000001
-134.112762,57.8841630000001
-134.140015,57.954437
-134.153076,57.9897160000001
-134.156128,57.994438
-134.168884,58.007217
-134.183075,58.019714
-134.235535,58.0649950000001
-134.241943,58.0686040000001
-134.288605,58.0772170000001
-134.319153,58.033333
-134.320007,58.0286030000001
-134.271118,57.873604
-134.252808,57.855827
-134.244995,57.8583300000001
-134.236938,57.858887
-134.186401,57.8186039999999
-134.176941,57.8102719999999
-134.005859,57.648331
-133.931946,57.571938
-133.931946,57.5663830000001
-133.931671,57.560547
-133.930298,57.549995
-133.926941,57.5397189999999
-133.917786,57.5258260000001
-133.89447,57.5049970000001
-133.874146,57.4891590000001
-133.864716,57.458328
-133.997498,57.486382
-134.008362,57.488602
-134.049164,57.4911040000001
-134.05835,57.4711
-134.054169,57.4599910000001
-133.994141,57.4536060000001
-133.983307,57.451385
-133.89447,57.428604
-133.888062,57.4247130000001
-133.881927,57.415543
-133.863312,57.376381
-133.861664,57.3713759999999
-133.86026,57.366104
-133.86026,57.36055
-133.863312,57.3538820000001
-133.867218,57.348328
-133.931946,57.3069380000001
-133.938599,57.3036040000001
-133.946381,57.301102
-133.955841,57.3002700000001
-133.9664,57.3002700000001
-133.978607,57.301933
-134.04306,57.329437
-134.055573,57.347771
-134.060272,57.351936
-134.066406,57.3555530000001
-134.074158,57.3586040000001
-134.166962,57.3849950000001
-134.174713,57.384438
-134.17334,57.3794330000001
-134.170013,57.3747099999999
-134.099976,57.296104
-134.07666,57.2755510000001
-134.073608,57.270828
-134.073608,57.265274
-134.077484,57.2594380000001
-134.082214,57.2544400000001
-134.16391,57.189156
-134.472504,57.03138
-134.479156,57.028046
-134.486664,57.025551
-134.576385,57.0272140000001
-134.593872,57.0372160000001
-134.62027,57.1080470000001
-134.62027,57.1136090000001
-134.613312,57.2249910000001
-134.503082,57.374992
-134.489166,57.367493
-134.35083,57.329437
-134.341095,57.328331
-134.321106,57.3291630000001
-134.313324,57.331665
-134.310272,57.336105
-134.334717,57.3891600000001
-134.351105,57.3849950000001
-134.376648,57.379715
-134.388336,57.3805470000001
-134.449982,57.388603
-134.468597,57.393608
-134.526672,57.4424900000001
-134.556671,57.472214
-134.569153,57.484993
-134.57251,57.489716
-134.563904,57.4913790000001
-134.553894,57.4902730000001
-134.546112,57.4872130000001
-134.535278,57.484993
-134.515289,57.4858249999999
-134.506683,57.4877700000001
-134.498871,57.4902730000001
-134.353058,57.5380480000001
-134.349731,57.54277
-134.35611,57.5463870000001
-134.366943,57.5483320000001
-134.378326,57.549164
-134.388062,57.5483320000001
-134.396667,57.546661
-134.465546,57.533051
-134.503906,57.520271
-134.545563,57.509438
-134.562775,57.5061040000001
-134.573334,57.5058290000001
-134.584717,57.530548
-134.594147,57.5444410000001
-134.61026,57.561661
-134.62915,57.5783309999999
-134.635559,57.5816650000001
-134.654449,57.598328
-134.660828,57.6074980000001
-134.705841,57.7174910000001
-134.712494,57.7380450000001
-134.712769,57.743607
-134.697235,57.7761
-134.697235,57.7816620000001
-134.69751,57.7872160000001
-134.699982,57.8205490000001
-134.70166,57.831108
-134.779175,58.105553
-134.78891,58.1047130000001
-134.796967,58.107773
-134.912506,58.205269
-134.952209,58.2966610000001
-134.953888,58.301933
-134.971924,58.364159
-134.972229,58.369713
-134.959717,58.4010999999999
-134.956665,58.4077680000001
-134.946106,58.4080430000001
-134.938049,58.404991
-134.796967,58.308601
-134.70639,58.224159
-134.704437,58.213326
-134.704163,58.196381
-134.695557,58.17083
-134.69223,58.1663820000001
-134.685822,58.162766
-134.674713,58.1605450000001
