"V1","V2"
-55.56472,50.6997149999999
-55.5800019999999,50.6983260000001
-55.58889,50.6994319999999
-55.645279,50.7188800000001
-55.651665,50.7230450000001
-55.6530529999999,50.727211
-55.6294399999999,50.7808230000001
-55.624718,50.7872160000001
-55.619164,50.791382
-55.462776,50.8058240000001
-55.454445,50.80249
-55.450554,50.798332
-55.449722,50.7927700000001
-55.45472,50.788048
-55.466942,50.784164
-55.512505,50.722763
-55.525002,50.715828
-55.551392,50.703323
-55.557503,50.7013850000001
-55.56472,50.6997149999999
