"V1","V2"
-110.546112,27.3099980000001
-110.525848,27.301388
-110.552513,27.306942
-110.558617,27.308609
-110.580292,27.3172190000001
-110.584732,27.320274
-110.591949,27.327499
-110.597504,27.3361090000001
-110.600853,27.3463860000001
-110.602509,27.3583300000001
-110.602783,27.3774990000001
-110.600281,27.3897210000001
-110.59668,27.4005550000001
-110.590286,27.4152760000001
-110.589737,27.410275
-110.590843,27.3913880000001
-110.589447,27.366386
-110.576401,27.331387
-110.574173,27.3266640000001
-110.570557,27.323055
-110.551392,27.312496
-110.546112,27.3099980000001
