"V1","V2"
136.2883,-13.733332
136.276093,-13.791945
136.27359,-13.796667
136.241913,-13.846666
136.212738,-13.8580549999999
136.207733,-13.8597219999999
136.201355,-13.859999
136.206085,-13.830833
136.204956,-13.825277
136.203308,-13.8202779999999
136.188568,-13.786945
136.184418,-13.777779
136.181915,-13.7741679999999
136.172485,-13.769167
136.160248,-13.770279
136.155243,-13.771946
136.148315,-13.7788889999999
136.146637,-13.784445
136.145813,-13.791111
136.150269,-13.806389
136.156921,-13.8194449999999
136.160248,-13.823055
136.164154,-13.832222
136.161102,-13.836111
136.157196,-13.839167
136.150269,-13.838612
136.123016,-13.835833
136.118286,-13.833332
136.10553,-13.818056
136.104675,-13.8124999999999
136.111084,-13.738333
136.113007,-13.732222
136.116058,-13.7286109999999
136.183319,-13.67639
136.198853,-13.6647219999999
136.204681,-13.664446
136.242188,-13.670834
136.246918,-13.673334
136.281921,-13.7083339999999
136.284973,-13.711945
136.289429,-13.727222
136.2883,-13.733332
