"V1","V2"
102.496078,1.44472200000001
102.495247,1.43633599999998
102.496628,1.35361099999994
102.503593,1.29861100000011
102.504967,1.29333300000002
102.505539,1.28027699999996
102.503593,1.26861099999996
102.500809,1.26444400000003
102.491913,1.25972200000012
102.480797,1.26222200000001
102.463593,1.27250000000009
102.459702,1.27527699999996
102.423859,1.308333
102.378853,1.35277700000006
102.349983,1.38638800000001
102.336906,1.40083300000003
102.329422,1.40694400000012
102.308853,1.42055500000009
102.289688,1.42888799999997
102.273857,1.43361099999998
102.262192,1.43555500000002
102.249977,1.43694400000004
102.215813,1.43694400000004
102.195801,1.43777700000004
102.171082,1.44055500000002
102.147751,1.44472200000001
102.137482,1.44805500000012
102.118301,1.45611000000008
102.100517,1.46583300000009
102.088867,1.47472199999993
102.058006,1.50555500000007
102.044968,1.51999999999992
102.024406,1.54750000000013
102.013603,1.56444400000004
102.00386,1.58222199999994
101.99913,1.59111100000001
101.994423,1.60000000000008
101.993027,1.60555499999998
101.994423,1.61111099999999
102.006638,1.61916599999995
102.012192,1.62055500000014
102.036911,1.62333299999995
102.056084,1.62194399999998
102.06636,1.61861100000004
102.080811,1.61249900000007
102.117737,1.59472200000005
102.121902,1.59194400000001
102.131348,1.58777700000007
102.163017,1.57805500000001
102.19635,1.57055500000007
102.243027,1.56250000000011
102.285522,1.55638800000014
102.291641,1.55555500000014
102.332199,1.55500000000001
102.343033,1.55222200000003
102.434967,1.52750000000003
102.444412,1.52333300000004
102.458313,1.51666599999993
102.466637,1.51111100000003
102.478027,1.50222199999996
102.483582,1.49388800000003
102.489143,1.47888800000004
102.495239,1.4508330000001
102.496078,1.44472200000001
