"V1","V2"
-123.37944,49.326942
-123.392227,49.326103
-123.410278,49.33416
-123.421944,49.339714
-123.426666,49.344154
-123.428047,49.348877
-123.420273,49.38166
-123.41333,49.386108
-123.360001,49.411659
-123.354721,49.4133220000001
-123.327789,49.4166640000001
-123.316963,49.4174960000001
-123.31221,49.414993
-123.309433,49.4113770000001
-123.310272,49.405266
-123.311943,49.401932
-123.327789,49.3630520000001
-123.331123,49.354996
-123.344727,49.341934
-123.368332,49.330276
-123.37944,49.326942
