"V1","V2"
173.830536,0.448333000000048
173.9086,0.402222000000052
173.919434,0.392222000000061
173.922211,0.388611000000083
173.924133,0.383889000000011
173.921631,0.379722000000015
173.898315,0.39833299999998
173.870239,0.411389000000042
173.832458,0.428333000000066
173.809143,0.428333000000066
173.804962,0.431111000000101
173.806366,0.436667000000057
173.808594,0.441389000000129
173.815247,0.448333000000048
173.820251,0.450278000000026
173.826355,0.449722000000008
173.830536,0.448333000000048
