"V1","V2"
-74.7811129999999,-51.821671
-74.83139,-51.9438929999999
-74.884445,-52.045563
-74.9344479999999,-52.100006
-74.949448,-52.111671
-74.96167,-52.117783
-74.969727,-52.118057
-74.986954,-52.097778
-75.059723,-51.970558
-74.9727779999999,-51.824722
-74.959732,-51.810837
-74.952515,-51.810005
-74.9275049999999,-51.828613
-74.923889,-51.8330609999999
-74.921112,-51.8380579999999
-74.923065,-51.84417
-74.9333339999999,-51.851952
-74.935287,-51.858063
-74.935013,-51.8641739999999
-74.930008,-51.868057
-74.9077909999999,-51.8691709999999
-74.874725,-51.866112
-74.853897,-51.861946
-74.83168,-51.847778
-74.829727,-51.841667
-74.86084,-51.7244489999999
-74.887222,-51.676117
-74.893341,-51.672783
-74.916946,-51.666115
-74.929459,-51.659729
-74.93306,-51.6555559999999
-74.9344479999999,-51.6497269999999
-74.93251,-51.643616
-74.922501,-51.635834
-74.9033359999999,-51.627228
-74.88945,-51.6227799999999
-74.873337,-51.6194459999999
-74.864456,-51.619728
-74.808334,-51.632782
-74.8033449999999,-51.636391
-74.789459,-51.648338
-74.7852779999999,-51.6588899999999
-74.770279,-51.747505
-74.7655639999999,-51.776947
-74.765289,-51.783058
-74.7811129999999,-51.821671
