"V1","V2"
-104.252502,77.0727690000001
-104.30278,77.0722200000001
-104.354172,77.073883
-104.377213,77.0766600000001
-104.402222,77.0811000000001
-104.421944,77.087204
-104.431671,77.098877
-104.426392,77.1163790000001
-104.420273,77.1222080000001
-104.405563,77.127762
-104.319733,77.1516570000001
-104.300827,77.1552580000001
-104.273331,77.159714
-104.183609,77.167206
-104.113892,77.166092
-104.071404,77.1613770000001
-104.061394,77.158875
-104.031113,77.1510930000001
-104.01973,77.146103
-104.001106,77.1358180000001
-103.998894,77.123871
-104.009453,77.1180420000001
-104.02417,77.112488
-104.047783,77.1069340000001
-104.150284,77.08638
-104.196663,77.0774840000001
-104.252502,77.0727690000001
