"V1","V2"
103.439682,0.987500000000011
103.41275,0.986944000000051
103.406631,0.987500000000011
103.351067,1.003333
103.347748,1.00666600000005
103.325813,1.03277700000012
103.319702,1.040277
103.313583,1.05472200000003
103.312737,1.06083300000012
103.312737,1.06638800000002
103.316933,1.07611099999997
103.327759,1.09916600000014
103.338028,1.11638800000009
103.341637,1.11972200000008
103.350517,1.12472200000008
103.366913,1.12888800000013
103.373016,1.12944399999998
103.379143,1.12888800000013
103.384697,1.12750000000005
103.38887,1.12472200000008
103.390259,1.11916600000006
103.386917,1.10888800000004
103.384697,1.09722200000004
103.390808,1.07611099999997
103.398323,1.05611100000004
103.401077,1.05194400000005
103.435532,1.02521199999995
103.444962,0.994444000000101
103.444412,0.989722000000029
103.439682,0.987500000000011
