"V1","V2"
-73.106125,-42.311394
-73.130569,-42.3150019999999
-73.138901,-42.313896
-73.145279,-42.311394
-73.1761169999999,-42.292778
-73.1816709999999,-42.283615
-73.190842,-42.2638929999999
-73.1911159999999,-42.257782
-73.189728,-42.2513959999999
-73.18306,-42.249725
-73.1027829999999,-42.2436139999999
-73.09639,-42.245834
-73.0902859999999,-42.248337
-73.0691679999999,-42.260284
-73.0624999999999,-42.2688899999999
-73.061951,-42.275002
-73.06279,-42.281952
-73.0650019999999,-42.2872239999999
-73.0691679999999,-42.291115
-73.083893,-42.3008349999999
-73.106125,-42.311394
