"V1","V2"
8.29222100000004,39.0936050000001
8.28722199999999,39.0927730000001
8.27666700000009,39.0936050000001
8.25388699999996,39.1036070000001
8.25111000000004,39.105827
8.22110900000007,39.141937
8.21999900000003,39.145554
8.22138800000005,39.1619420000001
8.22388799999993,39.164719
8.24360999999999,39.172218
8.30277599999994,39.189995
8.30444300000005,39.187492
8.30666500000001,39.144165
8.30638900000008,39.132217
8.30555500000003,39.1152730000001
8.30416500000013,39.1072160000001
8.29555500000004,39.095276
8.29222100000004,39.0936050000001
