"V1","V2"
108.181664,3.64750000000004
108.176086,3.64750000000004
108.117203,3.67611099999999
108.094437,3.69472200000013
108.098602,3.7041660000001
108.101379,3.7083330000001
108.12886,3.74333300000001
108.171921,3.77805499999999
108.187759,3.78972200000004
108.201393,3.79638899999998
108.165268,3.81777800000009
108.061577,3.85186800000002
108.054703,3.85888900000009
108.0522,3.86277700000005
108.031372,3.90388800000005
108.004707,3.95916600000004
107.991653,4.02416600000004
108.021927,4.06249900000006
108.029427,4.06860999999998
108.034988,4.07000000000005
108.055542,4.07000000000005
108.061096,4.07138800000013
108.064987,4.0741660000001
108.07193,4.0808320000001
108.16304,4.17305499999998
108.181664,4.19638700000013
108.251389,4.17999900000007
108.254173,4.14861000000013
108.257767,4.13138799999996
108.267212,4.10694299999994
108.273323,4.09944300000006
108.359711,4.01472200000006
108.367203,4.00861099999997
108.387772,3.99472200000014
108.393333,3.98666600000007
108.397491,3.976944
108.406937,3.87583299999994
108.406372,3.86972100000014
108.393883,3.82722200000006
108.390549,3.81694399999998
108.38443,3.80277700000005
108.324158,3.68638800000014
108.318047,3.67888800000009
108.313873,3.67611099999999
108.308319,3.67472199999997
108.181664,3.64750000000004
