"V1","V2"
-127.724442,51.9769360000001
-127.870827,51.94471
-127.879707,51.9449920000001
-127.886124,51.947769
-127.891678,51.951385
-127.89473,51.9561
-127.899437,51.97332
-127.901108,51.985825
-127.900558,51.999435
-127.881104,52.0788800000001
-127.873611,52.094994
-127.851387,52.14138
-127.828339,52.175827
-127.817497,52.1913759999999
-127.797501,52.2138820000001
-127.789169,52.221931
-127.753342,52.2458270000001
-127.74527,52.2477720000001
-127.699997,52.2572169999999
-127.680832,52.258888
-127.659439,52.259163
-127.650558,52.260277
-127.586403,52.2811050000001
-127.516663,52.3044360000001
-127.51001,52.306938
-127.460564,52.345825
-127.456947,52.350548
-127.456123,52.3622130000001
-127.456947,52.3683240000001
-127.453339,52.3730469999999
-127.41777,52.3852690000001
-127.362778,52.403877
-127.263901,52.4366530000001
-127.259453,52.435265
-127.234734,52.416939
-127.207779,52.344711
-127.210564,52.335266
-127.218887,52.3258290000001
-127.232224,52.3130490000001
-127.247498,52.3019330000001
-127.270844,52.2886050000001
-127.289169,52.279434
-127.303047,52.274162
-127.309998,52.27166
-127.325844,52.268051
-127.361938,52.264717
-127.425827,52.246101
-127.439713,52.2408290000001
-127.445267,52.238327
-127.579727,52.177216
-127.584442,52.173325
-127.588058,52.1677700000001
-127.596313,52.151794
-127.654167,52.123878
-127.686943,52.0744400000001
-127.69194,52.063606
-127.701111,52.0411070000001
-127.703888,52.0288770000001
-127.699997,52.017769
-127.699158,52.0113830000001
-127.699432,52.0047150000001
-127.70195,51.998604
-127.708054,51.988327
-127.717499,51.9802700000001
-127.724442,51.9769360000001
