"V1","V2"
121.913307,-0.475277999999946
121.912201,-0.487777999999992
121.910812,-0.493333000000007
121.905823,-0.502221999999961
121.902481,-0.505555999999956
121.890266,-0.513888999999949
121.879967,-0.517222000000004
121.876373,-0.51499999999993
121.87442,-0.503610999999978
121.869713,-0.494443999999987
121.861366,-0.489167000000009
121.84082,-0.482221999999922
121.835274,-0.482221999999922
121.729156,-0.482777999999996
121.723602,-0.484443999999996
121.710541,-0.512221999999952
121.706383,-0.521945000000017
121.705261,-0.527499999999918
121.701103,-0.536944999999889
121.698318,-0.541110999999887
121.694138,-0.543888999999979
121.669434,-0.553610999999933
121.663879,-0.555000000000007
121.651093,-0.554167000000007
121.643333,-0.548055999999974
121.640823,-0.536944999999889
121.640823,-0.53027800000001
121.681091,-0.46111099999996
121.741364,-0.418610999999999
121.839432,-0.408333000000027
121.851089,-0.407500000000027
121.878593,-0.421110999999996
121.890823,-0.42944399999999
121.899719,-0.441110999999921
121.907211,-0.454166999999984
121.909988,-0.464999999999975
121.91217,-0.47421700000001
121.913307,-0.475277999999946
