"V1","V2"
-74.8113859999999,68.320541
-74.8175049999999,68.318604
-75,68.3333440000001
-75.0022279999999,68.333603
-75.008347,68.3372040000001
-75.010284,68.346649
-75.0050049999999,68.353592
-75.002792,68.359146
-75.001404,68.366379
-75.0150149999999,68.3797000000001
-75.029175,68.390549
-75.037506,68.394714
-75.0816799999999,68.4049840000001
-75.109436,68.4069370000001
-75.138062,68.4099880000001
-75.1530609999999,68.41304
-75.241379,68.4363710000001
-75.2639009999999,68.444977
-75.294724,68.457764
-75.369995,68.4897
-75.396118,68.503601
-75.416397,68.5180510000001
-75.416397,68.5244290000001
-75.3969569999999,68.6110990000001
-75.389175,68.6230320000001
-75.30777,68.6947020000001
-75.299728,68.7005460000001
-75.280563,68.7097170000001
-75.2547299999999,68.717484
-75.239441,68.7180480000001
-75.01445,68.6772
-75,68.6722410000001
-74.942764,68.5760960000001
-74.9383239999999,68.5716550000001
-74.9313809999999,68.566666
-74.836945,68.511658
-74.801941,68.5010990000001
-74.785004,68.4947050000001
-74.780289,68.4902650000001
-74.772232,68.4799800000001
-74.768341,68.473312
-74.7763979999999,68.4105379999999
-74.8113859999999,68.320541
