"V1","V2"
-60.51667,-62.553894
-60.502502,-62.554169
-60.4886169999999,-62.553062
-60.323616,-62.5361179999999
-60.296669,-62.532501
-60.271118,-62.5250019999999
-60.196945,-62.49778
-60.184723,-62.492783
-60.161949,-62.479172
-60.1450039999999,-62.464447
-60.1322249999999,-62.460838
-60.117783,-62.4622269999999
-60.090004,-62.467506
-60.076393,-62.473061
-60.022781,-62.507782
-60.014725,-62.513618
-60.012222,-62.51973
-60.0177839999999,-62.526947
-60.029167,-62.534447
-60.063896,-62.553062
-60.066948,-62.560005
-60.067223,-62.566391
-60.061668,-62.572502
-60.053612,-62.578339
-59.9891739999999,-62.6108399999999
-59.973335,-62.614723
-59.958618,-62.616112
-59.918892,-62.608612
-59.877785,-62.605003
-59.834167,-62.6066739999999
-59.81945,-62.60778
-59.816948,-62.6141739999999
-59.825279,-62.621391
-59.836945,-62.627785
-59.849167,-62.632782
-59.997223,-62.6888959999999
-60.061111,-62.7075039999999
-60.240837,-62.758057
-60.2541729999999,-62.760559
-60.267784,-62.761673
-60.2827839999999,-62.760284
-60.2986149999999,-62.756393
-60.312225,-62.751114
-60.394173,-62.696396
-60.4022289999999,-62.690285
-60.401947,-62.683891
-60.398613,-62.676949
-60.387505,-62.669449
-60.351669,-62.6522289999999
-60.345284,-62.646393
-60.3305589999999,-62.618896
-60.343895,-62.6136169999999
-60.359451,-62.6108399999999
-60.373611,-62.6108399999999
-60.612503,-62.6108399999999
-60.6400069999999,-62.61306
-60.666946,-62.6166689999999
-60.680557,-62.6191709999999
-60.693062,-62.6227799999999
-60.705002,-62.628891
-60.7136149999999,-62.636116
-60.736389,-62.6511149999999
-60.7483369999999,-62.6572269999999
-60.773338,-62.66584
-60.7869489999999,-62.6680599999999
-60.800835,-62.669174
-60.815559,-62.6677779999999
-60.830833,-62.665283
-60.906952,-62.651672
-60.951118,-62.647224
-60.980003,-62.6469499999999
-61.0222239999999,-62.647507
-61.063614,-62.650841
-61.0919489999999,-62.655006
-61.106392,-62.654724
-61.150284,-62.651672
-61.172501,-62.575005
-61.166389,-62.5680619999999
-61.154449,-62.561951
-61.140839,-62.560837
-61.126114,-62.562225
-61.110283,-62.566391
-61.068062,-62.5813899999999
-61.036949,-62.589447
-60.975563,-62.601395
-60.960556,-62.602783
-60.946945,-62.601952
-60.8355559999999,-62.557785
-60.823616,-62.5527799999999
-60.8147279999999,-62.545563
-60.812225,-62.499725
-60.807785,-62.466667
-60.804726,-62.459724
-60.798889,-62.452782
-60.786667,-62.447784
-60.7711179999999,-62.45195
-60.6874999999999,-62.477783
-60.677223,-62.490005
-60.669724,-62.5025019999999
-60.667229,-62.508896
-60.659447,-62.514725
-60.648613,-62.520279
-60.635284,-62.525841
-60.5616679999999,-62.547226
-60.546112,-62.5511169999999
-60.51667,-62.553894
