"V1","V2"
-74.306946,78.676651
-74.3341669999999,78.6752620000001
-74.367218,78.6760860000001
-74.419449,78.6816559999999
-74.614166,78.702774
-74.7047269999999,78.7227629999999
-74.710007,78.727478
-74.710281,78.731094
-74.706665,78.7374880000001
-74.645004,78.7724910000001
-74.632217,78.7772060000001
-74.615829,78.7785950000001
-74.59111,78.7788700000001
-74.555557,78.776093
-74.3569489999999,78.7558290000001
-74.312042,78.7500000000001
-74.281952,78.746094
-74.19249,78.729706
-74.16777,78.7199860000001
-74.1636199999999,78.716095
-74.1727749999999,78.7113800000001
-74.236389,78.6871949999999
-74.2566679999999,78.6827550000001
-74.284439,78.678864
-74.306946,78.676651
