"V1","V2"
-107.895554,73.5413670000001
-107.930557,73.539429
-107.95195,73.5402680000001
-107.971939,73.542755
-108.009171,73.5480350000001
-108.023064,73.5513760000001
-108.074722,73.5763850000001
-108.082779,73.580826
-108.085007,73.5858150000001
-108.083328,73.5972140000001
-108.076401,73.603592
-108.066101,73.608597
-108.054443,73.6124879999999
-108.040833,73.6155400000001
-108.007507,73.6185910000001
-107.899437,73.622757
-107.862778,73.624146
-107.824448,73.6244200000001
-107.804443,73.624146
-107.681107,73.621368
-107.614723,73.6147
-107.600563,73.6113740000001
-107.589447,73.6077580000001
-107.584732,73.6030430000001
-107.582497,73.597763
-107.584732,73.586655
-107.591949,73.579987
-107.602219,73.575272
-107.645279,73.5702670000001
-107.657227,73.568604
-107.749161,73.555817
-107.895554,73.5413670000001
