"V1","V2"
79.5708310000001,72.73027
79.554977,72.7241520000001
79.534714,72.720261
79.416656,72.6999970000001
79.3961029999999,72.699707
79.3752590000001,72.700821
79.312759,72.7102660000001
79.187485,72.725266
79.146103,72.7272030000001
79.084152,72.726654
79.0427549999999,72.7288670000001
78.9302670000001,72.7399750000001
78.8461000000001,72.7538760000001
78.6047060000001,72.8030400000001
78.585815,72.821106
78.5808260000001,72.827209
78.5785980000001,72.845535
78.58194,72.8516540000001
78.5972140000001,72.864151
78.6088710000001,72.870255
78.659988,72.8952640000001
78.6757200000001,72.901672
78.823883,72.954437
78.8719180000001,72.973312
78.9158170000001,72.991928
78.943863,73.00444
79.01944,73.041931
79.095535,73.079163
79.1116490000001,73.0855410000001
79.132202,73.090546
79.1527710000001,73.0944370000001
79.173599,73.0969390000001
79.1947020000001,73.095825
79.2160950000001,73.0924840000001
79.2333220000001,73.0863800000001
79.3727570000001,73.026382
79.390549,73.0141600000001
79.5410920000001,72.9052580000001
79.5133210000001,72.88916
79.5363770000001,72.803589
79.5774840000001,72.7549900000001
79.58194,72.7488710000001
79.582489,72.742752
79.5708310000001,72.73027
