"V1","V2"
-135.517242,69.569153
-135.54306,69.5655360000001
-135.55722,69.5680540000001
-135.571381,69.576935
-135.581116,69.5805510000001
-135.588318,69.5847170000001
-135.591095,69.589981
-135.589447,69.5961
-135.586121,69.601654
-135.578888,69.606644
-135.554718,69.620255
-135.511963,69.6416630000001
-135.500305,69.64444
-135.439728,69.6524810000001
-135.423889,69.6524810000001
-135.409729,69.649994
-135.397797,69.6469420000001
-135.40918,69.6349950000001
-135.465546,69.5855410000001
-135.474152,69.581375
-135.505585,69.5716550000001
-135.517242,69.569153
