"V1","V2"
20.885555,63.7516630000001
20.8758320000001,63.7491610000001
20.8408319999999,63.7630540000001
20.837498,63.767776
20.8380550000001,63.7733310000001
20.8422200000001,63.779999
20.8475000000001,63.7858280000001
20.855,63.7899930000001
20.8733330000001,63.795555
20.8849980000001,63.7961040000001
20.8999980000001,63.7941670000001
20.9111100000001,63.7913820000001
20.9219440000001,63.7827760000001
20.9286080000001,63.7733310000001
20.9272189999999,63.7686080000001
20.885555,63.7516630000001
