"V1","V2"
14.954443,68.8727720000001
14.9402770000001,68.871658
14.907499,68.8719330000001
14.8752770000001,68.8733220000001
14.858889,68.874985
14.839167,68.881943
14.8397220000001,68.8869320000001
14.8524990000001,68.9263760000001
14.8552760000001,68.9319310000001
14.8680550000001,68.933884
14.885277,68.933319
14.951111,68.9261020000001
14.9638880000001,68.9244380000001
14.969444,68.9199980000001
14.975277,68.898041
14.9769440000001,68.886658
14.9736100000001,68.87999
14.954443,68.8727720000001
