"V1","V2"
-169.67337,56.6085970000001
-169.594452,56.6030430000001
-169.584198,56.6038820000001
-169.557526,56.607216
-169.521393,56.6136020000001
-169.488068,56.6036000000001
-169.474152,56.5972140000001
-169.471375,56.592209
-169.501953,56.5747150000001
-169.565308,56.5411
-169.580017,56.5358280000001
-169.611664,56.5399860000001
-169.640564,56.5458300000001
-169.648926,56.5483250000001
-169.744141,56.588875
-169.769196,56.602486
-169.781952,56.6094280000001
-169.786133,56.613884
-169.781708,56.6169360000001
-169.760284,56.6180500000001
-169.726105,56.613319
-169.67337,56.6085970000001
