"V1","V2"
25.601662,40.398041
25.5663830000001,40.3977740000001
25.5574990000001,40.401375
25.515831,40.4224930000001
25.4902730000001,40.4369350000001
25.4641650000001,40.4549870000001
25.4608310000001,40.4577640000001
25.443886,40.4758220000001
25.4941640000001,40.496384
25.5255550000001,40.506943
25.5427700000001,40.5105440000001
25.555832,40.5116580000001
25.5713840000001,40.5113750000001
25.5794369999999,40.5099950000001
25.6572190000001,40.49305
25.6902729999999,40.471375
25.6947170000001,40.4661030000001
25.695553,40.462494
25.6961100000001,40.4283220000001
25.6950000000001,40.424721
25.69194,40.4224930000001
25.66,40.4124910000001
25.6061100000001,40.3985980000001
25.601662,40.398041
