"V1","V2"
-63.907227,10.7294430000001
-63.9136119999999,10.728888
-63.926674,10.7302760000001
-63.944168,10.7341650000001
-63.955284,10.7374990000001
-63.960007,10.739721
-63.998062,10.7680550000001
-64.0014039999999,10.7713870000001
-64.003067,10.7763879999999
-64.0025019999999,10.782499
-63.999451,10.798332
-63.996674,10.8022210000001
-63.986946,10.80611
-63.981117,10.80722
-63.975563,10.80611
-63.919724,10.7855550000001
-63.915001,10.7833330000001
-63.90667,10.777498
-63.89695,10.7599980000001
-63.893059,10.7502770000001
-63.89389,10.736387
-63.8966669999999,10.7324980000001
-63.907227,10.7294430000001
