"V1","V2"
-109.241386,-27.133057
-109.290848,-27.1500019999999
-109.321671,-27.14917
-109.333893,-27.1513899999999
-109.388901,-27.177223
-109.415848,-27.193336
-109.42778,-27.201946
-109.442497,-27.200836
-109.446953,-27.198059
-109.449173,-27.193058
-109.446953,-27.1808359999999
-109.445282,-27.1752819999999
-109.422501,-27.107502
-109.420563,-27.1019479999999
-109.415558,-27.092503
-109.40918,-27.084446
-109.396118,-27.0683359999999
-109.390839,-27.0666689999999
-109.371399,-27.063892
-109.365837,-27.0633349999999
-109.22139,-27.095837
-109.217789,-27.0994449999999
-109.217216,-27.105556
-109.218338,-27.1119459999999
-109.224167,-27.121113
-109.23584,-27.131111
-109.241386,-27.133057
