"V1","V2"
-50.9202799999999,-0.84499999999997
-50.9352799999999,-0.846388999999988
-50.943336,-0.845832999999971
-50.960007,-0.840832999999975
-50.9680559999999,-0.836111000000017
-50.969452,-0.827778000000023
-50.9680559999999,-0.819166999999936
-50.965279,-0.810832999999946
-50.9227829999999,-0.729166999999961
-50.914726,-0.723888999999986
-50.907227,-0.723055999999985
-50.8758389999999,-0.721111000000008
-50.868057,-0.721111000000008
-50.856392,-0.722499999999968
-50.8427809999999,-0.727778000000001
-50.8377839999999,-0.737499999999955
-50.837227,-0.763610999999969
-50.8377839999999,-0.771666999999979
-50.8469469999999,-0.81277799999998
-50.854172,-0.816389000000015
-50.912506,-0.842221999999992
-50.9202799999999,-0.84499999999997
