"V1","V2"
93.0938720000001,12.088053
93.088043,12.088053
93.0847170000001,12.0916650000001
93.0658110000001,12.121109
93.063599,12.1261080000001
93.062195,12.1316640000001
93.060806,12.1438880000001
93.0616460000001,12.1638870000001
93.0630340000001,12.1694430000001
93.069717,12.1908320000001
93.074707,12.19972
93.081665,12.2063870000001
93.086655,12.2072200000001
93.099991,12.1927759999999
93.1019290000001,12.187777
93.103622,12.17931
93.103317,12.1672210000001
93.1010890000001,12.1238860000001
93.098602,12.096943
93.0938720000001,12.088053
