"V1","V2"
-98.1480559999999,-72.730011
-98.173065,-72.730011
-98.1961209999999,-72.728058
-98.236389,-72.7222289999999
-98.334732,-72.7055659999999
-98.343613,-72.699448
-98.337784,-72.6919559999999
-98.3275149999999,-72.686676
-98.296677,-72.6791689999999
-98.1283419999999,-72.650009
-98.060562,-72.641678
-98.006393,-72.637512
-97.950287,-72.636948
-97.925003,-72.637787
-97.904724,-72.6405639999999
-97.8847349999999,-72.643616
-97.849731,-72.651398
-97.834457,-72.657227
-97.825287,-72.6633449999999
-97.8238979999999,-72.672501
-97.8305659999999,-72.678619
-97.87001,-72.6877899999999
-97.9408419999999,-72.703613
-98.001114,-72.7155609999999
-98.062225,-72.7255709999999
-98.116959,-72.7294459999999
-98.1480559999999,-72.730011
