"V1","V2"
-147.372772,60.6616590000001
-147.364166,60.661377
-147.339722,60.6697160000001
-147.332489,60.67305
-147.329163,60.6786040000001
-147.320557,60.681107
-147.313904,60.67749
-147.313049,60.671379
-147.315002,60.6652680000001
-147.32666,60.643051
-147.331116,60.6383290000001
-147.349731,60.633881
-147.460541,60.6286010000001
-147.471649,60.6288760000001
-147.474152,60.6341630000001
-147.475555,60.688881
-147.470825,60.693604
-147.463623,60.696938
-147.445007,60.701103
-147.426666,60.7041630000001
-147.402222,60.695541
-147.397247,60.6885990000001
-147.383057,60.6699910000001
-147.379425,60.6652680000001
-147.372772,60.6616590000001
