"V1","V2"
-47.7541729999999,60.8047100000001
-47.7583389999999,60.8002700000001
-47.8255619999999,60.7594380000001
-47.831116,60.753883
-47.82695,60.7494350000001
-47.81945,60.744713
-47.807503,60.741104
-47.7705539999999,60.7363820000001
-47.745834,60.7444379999999
-47.7380519999999,60.7494350000001
-47.720276,60.7544400000001
-47.710556,60.7555540000001
-47.660828,60.758331
-47.650833,60.754715
-47.658607,60.749718
-47.692223,60.734718
-47.708893,60.727768
-47.8941649999999,60.677773
-47.902779,60.676384
-48.032219,60.6883240000001
-48.055557,60.6919330000001
-48.076393,60.698875
-48.1633299999999,60.7374950000001
-48.171387,60.741379
-48.238892,60.7955470000001
-48.2305529999999,60.801102
-48.212502,60.8038790000001
-48.202499,60.804161
-48.1599959999999,60.8013840000001
-48.139168,60.800827
-48.119995,60.803047
-48.015007,60.8186040000001
-48.005836,60.8208310000001
-47.988609,60.826942
-47.971939,60.8349910000001
-47.962776,60.8369369999999
-47.9538879999999,60.837494
-47.758614,60.8094330000001
-47.7541729999999,60.8047100000001
