"V1","V2"
-78.118622,22.413887
-78.099457,22.3972210000001
-78.0922239999999,22.389999
-78.08667,22.3813860000001
-78.022507,22.276665
-78.019455,22.261944
-78.057236,22.2672200000001
-78.1569519999999,22.301666
-78.162231,22.303886
-78.1861109999999,22.3172190000001
-78.190292,22.320274
-78.1930689999999,22.324444
-78.174454,22.3347210000001
-78.174454,22.3402750000001
-78.185562,22.35722
-78.191956,22.364998
-78.26445,22.408054
-78.277237,22.4066659999999
-78.281677,22.403889
-78.288895,22.396664
-78.2947239999999,22.398331
-78.311401,22.403889
-78.3105619999999,22.4100000000001
-78.306671,22.4133299999999
-78.2747339999999,22.4244420000001
-78.208618,22.436943
-78.20195,22.437222
-78.165558,22.433609
-78.1594539999999,22.431942
-78.118622,22.413887
