"V1","V2"
-103.056953,78.1197050000001
-103.114441,78.1177520000001
-103.194443,78.1191410000001
-103.212784,78.120529
-103.230293,78.1238710000001
-103.258621,78.134995
-103.270279,78.1410979999999
-103.277222,78.146942
-103.282227,78.1577610000001
-103.279716,78.1636050000001
-103.274719,78.169983
-103.267502,78.175537
-103.239166,78.1922000000001
-103.227219,78.1977540000001
-103.170273,78.2199859999999
-103.12471,78.2366490000001
-103.062767,78.258041
-103.041382,78.263611
-102.986938,78.272766
-102.934158,78.272766
-102.897507,78.26915
-102.825562,78.2588810000001
-102.8125,78.255829
-102.798607,78.250275
-102.789169,78.244431
-102.782227,78.2385860000001
-102.780289,78.232758
-102.776398,78.2155460000001
-102.776398,78.210266
-102.781387,78.2049870000001
-102.793327,78.199417
-102.85527,78.1888729999999
-102.898064,78.17804
-102.931953,78.1669310000001
-102.977219,78.1502690000001
-103.017776,78.133606
-103.041672,78.122208
-103.056953,78.1197050000001
