"V1","V2"
127.40387,0.619721999999967
127.388046,0.615000000000066
127.382477,0.616389000000083
127.378311,0.618888999999967
127.367477,0.628611000000035
127.361923,0.636944000000142
127.359154,0.647778000000017
127.358597,0.660832999999968
127.361366,0.67166700000007
127.380539,0.741667000000064
127.383881,0.751944000000037
127.389977,0.752500000000055
127.420822,0.751111000000037
127.430542,0.747222000000136
127.434708,0.744443999999987
127.438026,0.740832999999952
127.439438,0.737515000000087
127.440811,0.73472200000009
127.446373,0.712778000000014
127.44693,0.693055000000072
127.444977,0.674443999999937
127.440811,0.65805499999999
127.436653,0.648333000000093
127.430542,0.640833000000043
127.423599,0.634167000000048
127.40387,0.619721999999967
