"V1","V2"
-20.915833,78.146103
-20.9416659999999,78.1452640000001
-20.960556,78.145828
-20.9863849999999,78.1502690000001
-20.994164,78.1569370000001
-21.016945,78.165268
-21.031391,78.1713710000001
-21.040836,78.176651
-21.043056,78.181366
-21.035278,78.1852570000001
-21.031113,78.1863710000001
-21.003056,78.188034
-20.915276,78.182755
-20.892498,78.1797030000001
-20.869167,78.174988
-20.857502,78.170258
-20.855556,78.165268
-20.862221,78.1594239999999
-20.878613,78.1533200000001
-20.900276,78.1480410000001
-20.915833,78.146103
