"V1","V2"
104.836113,-5.828056
104.830551,-5.828056
104.825272,-5.82666699999999
104.821114,-5.82416699999999
104.799713,-5.80444399999988
104.796371,-5.80083299999995
104.769707,-5.75916699999999
104.768333,-5.7538889999999
104.768883,-5.74777799999998
104.773041,-5.745
104.778587,-5.74361099999993
104.785538,-5.74361099999993
104.789383,-5.74444699999998
104.840271,-5.76888899999994
104.844994,-5.77166699999992
104.848328,-5.77500099999992
104.849716,-5.78055599999999
104.849716,-5.79416699999996
104.845833,-5.81055500000002
104.839432,-5.82472200000001
104.836113,-5.828056
