"V1","V2"
-93.5197299999999,63.8394320000001
-93.339996,63.808327
-93.3297269999999,63.8097150000001
-93.217499,63.8386
-93.21611,63.843605
-93.225006,63.8477710000001
-93.236389,63.8474879999999
-93.2675019999999,63.842766
-93.2788849999999,63.8424910000001
-93.2916719999999,63.844994
-93.3338929999999,63.859161
-93.343338,63.863052
-93.357498,63.8713760000001
-93.4419399999999,63.9216609999999
-93.448883,63.925827
-93.449722,63.9308240000001
-93.452499,63.954437
-93.451111,63.9597170000001
-93.443329,63.9655460000001
-93.433884,63.968597
-93.4236149999999,63.9708250000001
-93.413055,63.9719309999999
-93.3899989999999,63.971657
-93.3647159999999,63.9674910000001
-93.2730559999999,63.928047
-93.122223,63.892494
-92.960281,63.855827
-92.841675,63.835266
-92.651947,63.787498
-92.549728,63.810822
-92.540558,63.8147130000001
-92.530563,63.81694
-92.507507,63.8163830000001
-92.583893,63.829437
-92.6069489999999,63.8297200000001
-92.6191559999999,63.8313830000001
-92.669159,63.839989
-92.7069549999999,63.8466569999999
-92.935547,63.904991
-92.94249,63.9091570000001
-92.956116,63.93277
-92.965286,63.9366529999999
-93.218887,63.979431
-93.266113,63.981934
-93.276398,63.9797130000001
-93.288055,63.980545
-93.301102,63.9830470000001
-93.436661,64.015274
-93.612213,64.0930480000001
-93.627213,64.106369
-93.6350099999999,64.1152650000001
-93.635834,64.120255
-93.6899869999999,64.156097
-93.7516779999999,64.1888730000001
-93.7611239999999,64.192749
-93.773056,64.1935879999999
-93.779724,64.189697
-93.776947,64.184982
-93.6650089999999,64.087204
-93.660004,64.0830540000001
-93.604172,64.0444340000001
-93.6547239999999,63.992493
-93.731674,63.987213
-93.7591709999999,63.984161
-93.7705539999999,63.957771
-93.654449,63.8966600000001
-93.599731,63.8702700000001
-93.553604,63.850548
-93.533325,63.842766
-93.5197299999999,63.8394320000001
