"V1","V2"
-110.862503,68.4741520000001
-110.926102,68.4658200000001
-111.054443,68.4697110000001
-111.088333,68.473312
-111.097504,68.477203
-111.097504,68.4827579999999
-111.092499,68.4871980000001
-111.085281,68.492203
-111.075287,68.495529
-110.984734,68.5155490000001
-110.821671,68.548035
-110.803329,68.5463710000001
-110.792221,68.5433199999999
-110.763901,68.5336
-110.745827,68.5263820000001
-110.698334,68.491364
-110.696114,68.486374
-110.708893,68.4847110000001
-110.728333,68.4844210000001
-110.794998,68.4799800000001
-110.862503,68.4741520000001
