"V1","V2"
123.764427,-8.327223
123.666931,-8.43277699999999
123.536102,-8.56694399999992
123.453873,-8.56972100000002
123.406097,-8.59694500000001
123.375809,-8.57249999999999
123.301651,-8.55472200000003
123.290268,-8.55694399999993
123.283333,-8.55694399999993
123.23526,-8.55277799999993
123.22998,-8.55139000000003
123.225807,-8.54861099999994
123.217484,-8.53666699999997
123.217484,-8.531113
123.223602,-8.52361100000002
123.353867,-8.41472199999998
123.366928,-8.40694400000001
123.386932,-8.39888999999994
123.407211,-8.39222299999994
123.439423,-8.38333299999999
123.45665,-8.373333
123.468651,-8.35594400000002
123.471146,-8.35427800000002
123.47316,-8.35210999999993
123.475655,-8.34644400000002
123.476486,-8.343278
123.476143,-8.33961099999999
123.47316,-8.33427799999998
123.468323,-8.33111200000002
123.467484,-8.31888999999995
123.420258,-8.31277799999998
123.406647,-8.31277799999998
123.394989,-8.31500099999988
123.363602,-8.31749899999988
123.359993,-8.31416699999988
123.364151,-8.30472199999991
123.390823,-8.28361099999995
123.402481,-8.27500199999997
123.414993,-8.26999999999998
123.521652,-8.24305499999997
123.528053,-8.24249799999996
123.534149,-8.24305499999997
123.549713,-8.24777799999993
123.558868,-8.25388900000002
123.561653,-8.264723
123.562187,-8.27083399999998
123.559982,-8.28222299999993
123.554703,-8.29055599999992
123.544434,-8.30055599999992
123.540268,-8.30333300000001
123.531265,-8.32838799999996
123.528267,-8.33372299999996
123.524605,-8.34272199999998
123.523773,-8.34605499999998
123.524277,-8.34955600000001
123.52594,-8.35205500000001
123.540268,-8.37194399999993
123.544983,-8.37388800000002
123.556091,-8.376665
123.582207,-8.37805600000002
123.593597,-8.375832
123.597763,-8.373333
123.601379,-8.36971999999986
123.638321,-8.29916800000001
123.777481,-8.1922229999999
123.785538,-8.18611099999998
123.789703,-8.18333200000001
123.794434,-8.18138900000002
123.801376,-8.18138900000002
123.919144,-8.22805599999998
123.928864,-8.23222199999998
123.933037,-8.2349989999999
123.939148,-8.24249799999996
123.941933,-8.25305600000002
123.941093,-8.25944500000003
123.939148,-8.26416799999998
123.933037,-8.271389
123.919144,-8.27833399999997
123.899429,-8.28583300000003
123.851929,-8.29305599999992
123.764427,-8.327223
