"V1","V2"
-94.366653,78.1591490000001
-94.378052,78.1577610000001
-94.4044489999999,78.1599880000001
-94.506119,78.1727600000001
-94.5200039999999,78.1774750000001
-94.6711119999999,78.2408140000001
-94.68306,78.2472080000001
-94.6941529999999,78.2586060000001
-94.692215,78.264709
-94.6811069999999,78.274155
-94.6608279999999,78.27916
-94.6355589999999,78.2838750000001
-94.602219,78.2872009999999
-94.5722349999999,78.2877660000001
-94.546387,78.2844240000001
-94.5150149999999,78.2780460000001
-94.4819489999999,78.268326
-94.3611149999999,78.2216490000001
-94.344727,78.2147060000001
-94.316666,78.197479
-94.309433,78.1910860000001
-94.3069459999999,78.184982
-94.309158,78.179153
-94.366653,78.1591490000001
