"V1","V2"
77.7624970000001,72.295258
77.5419309999999,72.283325
77.4396970000001,72.289154
77.3785859999999,72.2916560000001
77.2149960000001,72.2897030000001
77.194977,72.28804
77.175262,72.2852629999999
77.1363830000001,72.277206
77.1163790000001,72.275543
77.0963750000001,72.2752690000001
77.0758210000001,72.2760930000001
76.9736020000001,72.2816620000001
76.9324800000001,72.2858120000001
76.911652,72.289154
76.8905490000001,72.293594
76.862488,72.3116460000001
76.856094,72.3238830000001
76.8547060000001,72.3299870000001
76.8682710000001,72.343842
76.873596,72.3483280000001
76.8883210000001,72.3547060000001
76.945526,72.3741460000001
76.9838710000001,72.385818
77.099991,72.4174800000001
77.1383210000001,72.429153
77.196091,72.447479
77.2344210000001,72.460266
77.256653,72.473038
77.2666630000001,72.4855350000001
77.2697140000001,72.4916530000001
77.270538,72.4983220000001
77.279434,72.5169370000001
77.286377,72.523315
77.29332,72.529434
77.3044280000001,72.535812
77.315811,72.5422060000001
77.3308260000001,72.548599
77.3502660000001,72.554977
77.560532,72.6197050000001
77.580276,72.624985
77.620255,72.6305390000001
77.640549,72.631927
77.6819310000001,72.6299740000001
77.807205,72.6197050000001
77.8697050000001,72.6130370000001
78.1619260000001,72.578873
78.184982,72.576096
78.2272030000001,72.56694
78.248596,72.561096
78.3260960000001,72.531372
78.356369,72.51944
78.3833309999999,72.5010990000001
78.393051,72.489151
78.3897090000001,72.482758
78.382477,72.476654
78.193863,72.42276
78.0591430000001,72.397766
78.0000000000001,72.385818
77.9413600000001,72.370255
77.921921,72.3638760000001
77.861099,72.338318
77.838593,72.325821
77.824432,72.313309
77.801926,72.300537
77.782486,72.2966460000001
77.7624970000001,72.295258
