"V1","V2"
98.929153,-0.950277999999969
98.990265,-1.108611
99.0533140000001,-1.22416699999997
99.057205,-1.25999999999999
99.056091,-1.26527799999997
99.0552520000001,-1.27166699999987
99.057205,-1.28333300000003
99.1080320000001,-1.36944399999999
99.2169339999999,-1.58527800000002
99.220535,-1.58888899999999
99.2266540000001,-1.58944400000001
99.232758,-1.58888899999999
99.2477569999999,-1.58333299999993
99.253876,-1.58249999999992
99.276657,-1.61472199999997
99.2799840000001,-1.625
99.2958219999999,-1.70111100000003
99.2972110000001,-1.71333299999998
99.2958219999999,-1.71888899999999
99.286102,-1.73666700000001
99.282211,-1.73944399999993
99.251938,-1.66000000000003
99.243591,-1.64083299999999
99.232758,-1.62444399999993
99.228592,-1.621667
99.223038,-1.62027799999993
99.2183230000001,-1.62222200000002
99.1985930000001,-1.63388900000001
99.2211,-1.65944400000001
99.2383120000001,-1.69555500000001
99.2485960000001,-1.73194399999994
99.2552640000001,-1.75916699999999
99.2547150000001,-1.77222199999994
99.2477569999999,-1.77916699999992
99.238876,-1.78388899999999
99.1155400000001,-1.80527799999993
99.1088710000001,-1.80527799999993
99.0922090000001,-1.80111099999988
99.08194,-1.79777799999999
99.053864,-1.78472199999999
99.0361020000001,-1.77499999999992
98.881088,-1.68055599999997
98.873032,-1.67500000000001
98.869705,-1.67166700000001
98.826385,-1.61888900000002
98.8244320000001,-1.60722199999998
98.8305510000001,-1.59277800000001
98.8319400000001,-1.587222
98.8324890000001,-1.58111100000002
98.8311,-1.57583299999988
98.8244320000001,-1.56194399999998
98.802475,-1.522222
98.7949830000001,-1.50916699999993
98.786652,-1.49694399999998
98.7344210000001,-1.42555499999997
98.718872,-1.40722199999999
98.708603,-1.39694500000002
98.692749,-1.378333
98.6899720000001,-1.37444399999998
98.6324770000001,-1.28805599999998
98.6030430000001,-1.22305499999999
98.5927580000001,-1.19194399999998
98.591934,-1.185833
98.593323,-1.18055599999997
98.5961000000001,-1.17638899999992
98.6124879999999,-1.15111099999996
98.628311,-1.12555600000002
98.639435,-1.10222199999998
98.644714,-1.08666699999992
98.652206,-1.05305600000003
98.6535949999999,-1.04055599999998
98.6535949999999,-1.02694500000001
98.651657,-1.00833299999994
98.6508180000001,-0.988610999999992
98.653046,-0.976944000000003
98.6619260000001,-0.965277999999955
98.6783140000001,-0.954443999999967
98.6922000000001,-0.947499999999991
98.697479,-0.946110999999917
98.7113800000001,-0.946110999999917
98.751099,-0.954443999999967
98.755829,-0.956389000000001
98.766937,-0.959166999999979
98.780548,-0.959166999999979
98.790817,-0.955832999999984
98.8324890000001,-0.928889000000026
98.8833309999999,-0.909721999999988
98.8888850000001,-0.909721999999988
98.896378,-0.916111000000001
98.929153,-0.950277999999969
