"V1","V2"
-21.31028,77.885544
-21.336666,77.8819270000001
-21.365002,77.8833310000001
-21.3905559999999,77.8885960000001
-21.407223,77.89415
-21.429165,77.9113770000001
-21.428055,77.9235989999999
-21.423611,77.928864
-21.41,77.939972
-21.399445,77.94693
-21.390278,77.9524840000001
-21.376945,77.9591520000001
-21.335556,77.9760889999999
-21.2469439999999,78.001663
-21.228054,78.006378
-21.210556,78.0097200000001
-21.141666,78.0174870000001
-21.127224,78.0166630000001
-21.111111,78.012207
-21.108891,78.007217
-21.119446,77.9991460000001
-21.18111,77.9805450000001
-21.192497,77.9744260000001
-21.194443,77.968597
-21.187222,77.9627690000001
-21.184444,77.957214
-21.258057,77.9030460000001
-21.269447,77.898041
-21.31028,77.885544
