"V1","V2"
-78.468887,68.563873
-78.4744419999999,68.558319
-78.4822239999999,68.5533139999999
-78.503067,68.545532
-78.5308379999999,68.541092
-78.5458369999999,68.540817
-78.56221,68.541931
-78.5992279999999,68.550644
-78.6145549999999,68.5536500000001
-78.638901,68.558029
-78.654724,68.558594
-78.668884,68.5541530000001
-78.7247159999999,68.521927
-78.7158359999999,68.515823
-78.691376,68.509155
-78.674438,68.5097200000001
-78.653336,68.5124969999999
-78.6361239999999,68.5130460000001
-78.621948,68.5097200000001
-78.617615,68.5072170000001
-78.610275,68.5022130000001
-78.610825,68.498032
-78.618057,68.492203
-78.705566,68.4516600000001
-78.71611,68.4477540000001
-78.743057,68.442749
-78.776672,68.439148
-78.795273,68.4385830000001
-78.8130489999999,68.4388730000001
-78.828064,68.4408110000001
-78.861664,68.4463650000001
-78.876389,68.4505460000001
-78.959732,68.474701
-78.946106,68.508041
-78.9433289999999,68.5119320000001
-78.936935,68.516388
-78.822784,68.54776
-78.809433,68.5505370000001
-78.791672,68.550262
-78.759171,68.548035
-78.743881,68.546097
-78.723892,68.5474849999999
-78.7041779999999,68.5547030000001
-78.698883,68.558029
-78.688889,68.5646970000001
-78.670837,68.578873
-78.6686099999999,68.583328
-78.6727749999999,68.5885930000001
-78.680557,68.5933230000001
-78.693054,68.5969390000001
-78.705841,68.60054
-78.784164,68.618591
-78.851395,68.6341550000001
-78.894455,68.6463780000001
-78.8980559999999,68.64888
-78.8897249999999,68.6527710000001
-78.863892,68.6597140000001
-78.8377839999999,68.661102
-78.720001,68.6572110000001
-78.6894379999999,68.6533200000001
-78.495834,68.6277620000001
-78.4819489999999,68.624985
-78.4694519999999,68.621094
-78.460556,68.6172030000001
-78.467224,68.5691530000001
-78.468887,68.563873
