"V1","V2"
-64.6538849999999,62.540833
-64.580841,62.5386050000001
-64.559723,62.554161
-64.559998,62.558601
-64.555557,62.5608220000001
-64.549728,62.5622100000001
-64.397507,62.5363850000001
-64.389725,62.5338820000001
-64.385284,62.5311050000001
-64.382767,62.525826
-64.382767,62.5113830000001
-64.3941649999999,62.46138
-64.477219,62.408043
-64.52861,62.3866580000001
-64.590561,62.3672100000001
-64.598892,62.366386
-64.65361,62.37249
-64.772781,62.386383
-64.871109,62.4063800000001
-64.926666,62.4183270000001
-64.93721,62.421104
-64.945831,62.4244380000001
-64.9524989999999,62.428329
-64.9538879999999,62.4313809999999
-64.9658359999999,62.4658279999999
-64.846115,62.555267
-64.815552,62.559715
-64.797501,62.5613780000001
-64.766953,62.5627670000001
-64.753067,62.5624920000001
-64.741669,62.5608220000001
-64.6538849999999,62.540833
