"V1","V2"
82.973038,75.9691470000001
83.0783230000001,75.9613800000001
83.130814,75.9577640000001
83.189972,75.9558259999999
83.2491460000001,75.953598
83.273605,75.951385
83.2947080000001,75.948029
83.3024750000001,75.9413600000001
83.2966460000001,75.9347080000001
83.286926,75.928864
83.2536010000001,75.9199830000001
83.233322,75.916656
83.209427,75.9138790000001
83.178314,75.9144290000001
83.122482,75.917206
83.0588680000001,75.9269260000001
83.027771,75.9274750000001
83.0002749999999,75.9255370000001
82.9563749999999,75.9194340000001
82.912201,75.9130400000001
82.8922120000001,75.9094240000001
82.846375,75.9360960000001
82.772491,75.9444270000001
82.470825,75.946365
82.454163,75.9422
82.4233090000001,75.941086
82.3674770000001,75.9435880000001
82.3113710000001,75.946365
82.2866520000001,75.9488679999999
82.2686,75.952774
82.257217,75.958603
82.2591550000001,75.966095
82.2794340000001,75.969711
82.3033140000001,75.970825
82.3527680000001,75.966385
82.4927520000001,75.978592
82.5388790000001,75.9927520000001
82.5627590000001,75.995255
82.6255340000001,75.9944310000001
82.6535950000001,75.9930420000001
82.772766,75.9863740000001
82.8252720000001,75.982758
82.8466490000001,75.979706
82.8958280000001,75.9749910000001
82.973038,75.9691470000001
