"V1","V2"
-111.799988,75.839157
-111.823624,75.8385930000001
-111.865829,75.840546
-111.900284,75.843597
-111.917221,75.8469390000001
-111.922501,75.852768
-111.919724,75.857758
-111.901398,75.8638760000001
-111.856659,75.867752
-111.799728,75.871094
-111.613052,75.8819270000001
-111.595284,75.8827510000001
-111.583069,75.8819270000001
-111.578613,75.879974
-111.581947,75.8760830000001
-111.593063,75.8730320000001
-111.629173,75.856934
-111.648064,75.851929
-111.756958,75.8416599999999
-111.799988,75.839157
