"V1","V2"
14.4550740000001,44.9096980000001
14.445271,44.878654
14.459444,44.8274990000001
14.465694,44.8092160000001
14.459159,44.7806210000001
14.4738640000001,44.760197
14.4705539999999,44.740555
14.475497,44.700562
14.5063880000001,44.67083
14.529165,44.6402740000001
14.531387,44.6333310000001
14.5299990000001,44.630554
14.518332,44.6152730000001
14.515276,44.612778
14.4933320000001,44.606384
14.488054,44.6058270000001
14.483889,44.607773
14.4511110000001,44.626389
14.3894440000001,44.6950000000001
14.3889020000001,44.732422
14.374197,44.74876
14.365211,44.7977750000001
14.331388,44.849716
14.3161950000001,44.8868220000001
14.294137,44.9072460000001
14.2965879999999,44.9317550000001
14.3088420000001,44.9472770000001
14.339443,44.917221
14.3433320000001,44.914993
14.359165,44.9077760000001
14.365,44.906944
14.387499,44.90583
14.3927760000001,44.9066620000001
14.396944,44.9080510000001
14.399166,44.9111100000001
14.400276,44.9152759999999
14.3925,44.956108
14.357222,45.038605
14.353888,45.0452730000001
14.3516650000001,45.0483320000001
14.343054,45.0555500000001
14.3391670000001,45.057777
14.32111,45.0638890000001
14.3138890000001,45.0680540000001
14.3080540000001,45.0730510000001
14.275276,45.1033330000001
14.2736110000001,45.1149980000001
14.273333,45.119164
14.2761100000001,45.126663
14.3058320000001,45.1674960000001
14.3116659999999,45.1727750000001
14.315277,45.1749950000001
14.3199999999999,45.175827
14.348331,45.1683269999999
14.3577769999999,45.1652760000001
14.3636090000001,45.1605530000001
14.3697199999999,45.151382
14.3686100000001,45.147217
14.365,45.1452710000001
14.3622209999999,45.142494
14.358055,45.1361080000001
14.353888,45.119164
14.3588889999999,45.1011050000001
14.3769440000001,45.052498
14.4100000000001,45.0047150000001
14.4188880000001,44.99305
14.426388,44.984718
14.4640610000001,44.982403
14.4763150000001,44.95953
14.462426,44.950542
14.4550740000001,44.9096980000001
