"V1","V2"
-75.1319579999999,-47.8488919999999
-75.198898,-47.863335
-75.203613,-47.859451
-75.2008359999999,-47.854172
-75.183014,-47.837845
-75.178894,-47.824173
-75.17807,-47.817505
-75.179169,-47.811951
-75.182785,-47.807503
-75.1875,-47.8036119999999
-75.193069,-47.80056
-75.233063,-47.7911149999999
-75.251114,-47.788612
-75.271667,-47.787224
-75.288895,-47.78389
-75.300293,-47.777779
-75.303619,-47.773338
-75.3000029999999,-47.768616
-75.263336,-47.744728
-75.14389,-47.6983339999999
-75.134445,-47.6983339999999
-75.1219479999999,-47.703896
-75.091675,-47.731392
-75.078903,-47.749725
-75.0614009999999,-47.786667
-75.060013,-47.792503
-75.061951,-47.7986149999999
-75.0647279999999,-47.803894
-75.068344,-47.808334
-75.080566,-47.821671
-75.089737,-47.82917
-75.100006,-47.8363949999999
-75.105835,-47.839447
-75.1319579999999,-47.8488919999999
