"V1","V2"
-115.930283,-73.961945
-115.965843,-73.970566
-115.988892,-73.9752809999999
-116.010834,-73.9777829999999
-116.05278,-73.985291
-116.088623,-73.9938959999999
-116.105293,-73.9989009999999
-116.132233,-74.009735
-116.143341,-74.016678
-116.169167,-74.0416719999999
-116.174728,-74.050842
-116.185287,-74.0569459999999
-116.202507,-74.0624999999999
-116.221947,-74.066391
-116.275284,-74.0805659999999
-116.285278,-74.085846
-116.297234,-74.0936129999999
-116.30307,-74.102783
-116.300842,-74.110291
-116.294449,-74.116394
-116.278061,-74.1283419999999
-116.264717,-74.134445
-116.255569,-74.141403
-116.256668,-74.148895
-116.273621,-74.153625
-116.376678,-74.170288
-116.446404,-74.177231
-116.47168,-74.178894
-116.499451,-74.179459
-116.555283,-74.180557
-116.583893,-74.177231
-116.642792,-74.172501
-116.67334,-74.171951
-116.701683,-74.17334
-116.718063,-74.177231
-116.741119,-74.1808469999999
-116.791672,-74.185013
-116.816391,-74.1855619999999
-116.93251,-74.184448
-117.074722,-74.185837
-117.213898,-74.1880649999999
-117.241119,-74.1875
-117.224167,-74.182785
-117.195847,-74.171951
-117.171951,-74.157227
-117.165848,-74.148056
-117.157791,-74.1316679999999
-117.151123,-74.106674
-117.151398,-74.0972289999999
-117.14418,-74.08168
-117.12941,-74.068481
-117.126404,-74.065842
-117.11557,-74.059723
-117.075012,-74.050568
-117.036667,-74.0441739999999
-117.014183,-74.041397
-116.945007,-74.034729
-116.894997,-74.0316769999999
-116.853897,-74.026123
-116.830566,-74.0216669999999
-116.805557,-74.009735
-116.787781,-73.992783
-116.761673,-73.979172
-116.748901,-73.975006
-116.728897,-73.970566
-116.710007,-73.9677889999999
-116.660004,-73.9636229999999
-116.542511,-73.965561
-116.492783,-73.962509
-116.47084,-73.959732
-116.439728,-73.948059
-116.431953,-73.9411159999999
-116.409447,-73.9272309999999
-116.381668,-73.915283
-116.36528,-73.910568
-116.329453,-73.901947
-116.288353,-73.895569
-116.241669,-73.8914029999999
-116.110001,-73.885284
-116.049728,-73.8863979999999
-116.02417,-73.888336
-115.99556,-73.891678
-115.952507,-73.898346
-115.935013,-73.902786
-115.921402,-73.908066
-115.907501,-73.91362
-115.884293,-73.925308
-115.885834,-73.933334
-115.902237,-73.949173
-115.930283,-73.961945
