"V1","V2"
-94.843613,76.1222080000001
-94.831116,76.0966490000001
-94.87027,76.068878
-94.889175,76.0580290000001
-94.9055629999999,76.0538640000001
-94.928604,76.0510860000001
-95.006668,76.0474850000001
-95.0272219999999,76.0477600000001
-95.048889,76.050812
-95.0624999999999,76.056091
-95.0863949999999,76.068054
-95.1019439999999,76.0777740000001
-95.139725,76.1077579999999
-95.1441649999999,76.1119229999999
-95.147232,76.116928
-95.146393,76.118042
-95.121109,76.1185910000001
-95.094452,76.1136020000001
-95.07695,76.1083220000001
-95.060547,76.10582
-95.030563,76.104706
-95.0130619999999,76.10582
-94.992767,76.1094210000001
-94.854446,76.136658
-94.843613,76.1222080000001
