"V1","V2"
25.4416659999999,40.004715
25.3919369999999,39.952209
25.3566670000001,39.9105530000001
25.351662,39.9041599999999
25.3380550000001,39.8799900000001
25.3363880000001,39.8760990000001
25.338329,39.8508220000001
25.3397220000001,39.8477710000001
25.3488850000001,39.836937
25.3519440000001,39.834435
25.3555530000001,39.832497
25.365273,39.825554
25.373608,39.8144380000001
25.3724980000001,39.810822
25.355827,39.7863850000001
25.3388820000001,39.7888790000001
25.3177760000001,39.7938770000001
25.308331,39.796944
25.3008310000001,39.800819
25.2941670000001,39.8052750000001
25.2919429999999,39.8080440000001
25.266937,39.86805
25.278332,39.8888780000001
25.279442,39.8924870000001
25.2791600000001,39.896378
25.267773,39.9099880000001
25.2649960000001,39.912209
25.2597200000001,39.913605
25.239716,39.9138790000001
25.2352710000001,39.9130480000001
25.2286110000001,39.9091570000001
25.2136080000001,39.8969350000001
25.2077710000001,39.8891530000001
25.1819419999999,39.854713
25.178608,39.8466570000001
25.178608,39.84304
25.201664,39.8274919999999
25.2219430000001,39.8105550000001
25.227219,39.8052750000001
25.226662,39.801384
25.2230529999999,39.7994310000001
25.168327,39.7997210000001
25.1624949999999,39.800819
25.06694,39.842499
25.0608329999999,39.848053
25.05444,39.86055
25.043053,39.9633260000001
25.045277,39.9835970000001
25.0499950000001,39.9897160000001
25.1325000000001,40.005272
25.1402700000001,40.0066530000001
25.226662,40.0030520000001
25.2319370000001,40.002495
25.271938,39.988319
25.368607,40.0058289999999
25.447777,40.0336
25.4513820000001,40.0338750000001
25.453606,40.03138
25.4455530000001,40.00972
25.4416659999999,40.004715
