"V1","V2"
4.93416600000006,61.7741619999999
4.92250000000007,61.773048
4.88972200000001,61.783607
4.88111000000009,61.7866589999999
4.80805500000008,61.835831
4.80416600000001,61.8405529999999
4.80888800000008,61.8455509999999
4.86805500000014,61.8852769999999
4.88333299999999,61.891937
4.91416600000014,61.8977740000001
4.92610999999999,61.8988880000001
4.93777799999998,61.8974990000001
4.94916600000005,61.8958280000001
5.20222200000006,61.8541639999999
5.22194400000012,61.8455509999999
5.22305499999999,61.8405529999999
5.2197220000001,61.835274
5.17499900000001,61.8222200000001
4.9961110000001,61.7855530000001
4.93416600000006,61.7741619999999
