"V1","V2"
-69.977219,60.933052
-69.983887,60.9311069999999
-69.9952699999999,60.9313810000001
-70.003616,60.9352650000001
-70.007782,60.939156
-70.026108,60.9958270000001
-70.025009,61.001938
-70.0216669999999,61.008606
-70.016663,61.013611
-70.0091709999999,61.017769
-70.0033419999999,61.0208280000001
-69.9827729999999,61.028328
-69.964722,61.032768
-69.954178,61.033882
-69.943604,61.0313800000001
-69.9313809999999,61.020271
-69.9299929999999,61.0166630000001
-69.9297179999999,61.010826
-69.930832,61.0047150000001
-69.9338839999999,60.9980470000001
-69.977219,60.933052
