"V1","V2"
118.31192,-8.37472200000002
118.318047,-8.37527699999993
118.323318,-8.37388800000002
118.368042,-8.34333199999992
118.374977,-8.33666599999992
118.387207,-8.32305499999995
118.413879,-8.29527899999999
118.437759,-8.27083399999998
118.449417,-8.26194599999991
118.461113,-8.25305600000002
118.469994,-8.24833299999995
118.47554,-8.24694399999987
118.495529,-8.24638699999997
118.586647,-8.26999999999998
118.648331,-8.294445
118.652481,-8.29722199999992
118.657761,-8.30555499999991
118.685257,-8.35277699999989
118.689972,-8.36833200000001
118.690811,-8.37472200000002
118.688026,-8.41250000000002
118.683319,-8.44833399999999
118.681931,-8.45388800000001
118.670822,-8.47694399999995
118.665268,-8.49194299999999
118.651657,-8.53916699999996
118.659149,-8.55222300000003
118.666092,-8.55222300000003
118.670822,-8.54999899999996
118.676933,-8.54277799999988
118.68248,-8.53444500000001
118.706383,-8.49722099999991
118.721649,-8.46472199999999
118.723602,-8.45999899999998
118.725807,-8.44833399999999
118.720261,-8.4266659999999
118.718048,-8.42194599999999
118.713318,-8.39972299999994
118.713318,-8.38611199999997
118.714706,-8.38055400000002
118.732483,-8.35083199999997
118.738037,-8.34277700000001
118.74498,-8.33583299999992
118.767487,-8.31749899999988
118.77916,-8.30888899999997
118.787201,-8.30333300000001
118.796944,-8.29916800000001
118.802467,-8.29805599999992
118.808594,-8.29722199999992
118.87915,-8.28916700000002
118.899147,-8.28861199999994
118.929977,-8.291945
118.946373,-8.29583400000001
118.95665,-8.29916800000001
118.996933,-8.31361199999998
119.001099,-8.31611099999998
119.004707,-8.31972099999996
119.049149,-8.46749899999998
119.051086,-8.47888799999993
119.051086,-8.49249800000001
119.044434,-8.52638999999999
119.036102,-8.538612
119.029984,-8.54611199999994
119.025818,-8.55555500000003
119.021103,-8.59138899999994
119.03804,-8.63138800000002
119.049149,-8.64833499999997
119.05748,-8.65388899999999
119.077209,-8.65444599999995
119.129967,-8.63888900000001
119.13472,-8.63694600000002
119.175262,-8.64972299999999
119.184509,-8.70055699999995
119.17804,-8.72027800000001
119.175812,-8.72499999999991
119.152481,-8.74916599999995
119.148613,-8.75194499999992
119.105263,-8.75944499999991
118.984154,-8.76416799999998
118.97998,-8.76277899999997
118.970261,-8.75889000000001
118.966087,-8.75611099999992
118.952477,-8.74249799999996
118.938873,-8.72222099999999
118.920258,-8.69972199999995
118.913307,-8.69305599999996
118.90332,-8.6897219999999
118.896942,-8.6888889999999
118.887497,-8.69305599999996
118.818878,-8.71194500000001
118.81192,-8.71194500000001
118.761383,-8.71194500000001
118.755257,-8.71277800000001
118.745529,-8.71666499999992
118.741364,-8.71944400000001
118.704437,-8.74444399999993
118.701103,-8.74805500000002
118.70166,-8.75277899999992
118.731491,-8.75977799999993
118.741821,-8.76994499999995
118.74398,-8.77194599999996
118.747147,-8.77277899999996
118.75132,-8.77277899999996
118.75782,-8.77111199999996
118.774323,-8.77111199999996
118.84082,-8.77777899999995
118.889427,-8.78250100000002
118.89415,-8.78444500000001
118.929153,-8.80416700000001
118.936096,-8.81083299999989
118.94693,-8.833889
118.94693,-8.83944300000002
118.944138,-8.84333199999998
118.934708,-8.84749999999997
118.91832,-8.85166499999997
118.905823,-8.85305399999999
118.83194,-8.85416599999996
118.827209,-8.85361099999994
118.824432,-8.84944299999989
118.803864,-8.82916599999993
118.796371,-8.82305500000001
118.78804,-8.81777799999998
118.749161,-8.80927800000001
118.739319,-8.80694499999998
118.730988,-8.80694499999998
118.713318,-8.809777
118.681931,-8.81027799999998
118.642761,-8.81916599999994
118.583878,-8.83611100000002
118.469994,-8.872499
118.457207,-8.87194399999998
118.430267,-8.86444499999993
118.418053,-8.85638799999998
118.411102,-8.84944299999989
118.405548,-8.84138899999999
118.391937,-8.81416699999994
118.383881,-8.79527899999999
118.382477,-8.79000100000002
118.381653,-8.77722399999993
118.383041,-8.77444499999996
118.389977,-8.76749999999998
118.409149,-8.75277899999992
118.421371,-8.73777799999988
118.429703,-8.72555499999999
118.433037,-8.71555499999999
118.44136,-8.66388899999987
118.431091,-8.63361199999991
118.411102,-8.58666599999998
118.406372,-8.58472299999994
118.403587,-8.58861199999996
118.399429,-8.59833300000003
118.395264,-8.62805600000002
118.395264,-8.64166799999998
118.228317,-8.81555599999996
118.218048,-8.82583199999993
118.188583,-8.85083199999997
118.17276,-8.86249900000001
118.164429,-8.86777699999993
118.154984,-8.87194399999998
118.142487,-8.873333
118.125526,-8.86971999999992
118.115807,-8.86583300000001
118.111649,-8.86305399999986
118.108871,-8.85888899999986
118.106934,-8.85416599999996
118.101379,-8.84611099999989
118.095261,-8.84555399999999
118.082207,-8.84611099999989
118.02887,-8.85416599999996
118.008881,-8.86833200000001
117.948593,-8.90222399999999
117.884163,-8.93472300000002
117.794434,-8.93555600000002
117.743591,-8.92055499999998
117.734154,-8.91666599999991
117.721649,-8.915277
117.710274,-8.91722299999998
117.656097,-8.93833399999994
117.652481,-8.94166799999999
117.649719,-8.94555500000001
117.647774,-8.95027700000003
117.644989,-8.95444499999996
117.638321,-8.96111099999996
117.634163,-8.963888
117.629967,-8.96666499999998
117.563599,-9.00250099999994
117.545532,-9.01194600000002
117.530548,-9.01749999999993
117.438873,-9.04166799999996
117.411377,-9.04861099999994
117.405823,-9.04999899999996
117.39415,-9.05055600000003
117.358032,-9.04999899999996
117.344994,-9.04916800000001
117.310532,-9.04249999999996
117.305252,-9.04111099999994
117.301086,-9.03833399999996
117.289429,-9.02555699999999
117.285263,-9.02277800000002
117.279709,-9.021389
117.250267,-9.01666599999993
117.243317,-9.01666599999993
117.231934,-9.01889
117.21138,-9.02611200000001
117.203049,-9.03166799999997
117.196091,-9.03833399999996
117.168053,-9.06555600000002
117.165268,-9.06944499999997
117.155823,-9.08722099999994
117.152481,-9.09055499999994
117.148331,-9.09305599999993
117.142761,-9.09444400000001
117.099716,-9.10333300000002
117.0522,-9.1108319999999
117.046097,-9.11138899999997
117.040543,-9.1099989999999
116.806931,-9.04444499999994
116.8022,-9.04249999999996
116.755707,-9.01425999999998
116.753601,-9.01388900000001
116.751389,-9.00944500000003
116.743874,-8.98416500000002
116.743317,-8.979445
116.754173,-8.88333299999999
116.755547,-8.8780559999999
116.758331,-8.87388800000002
116.794708,-8.82777800000002
116.779427,-8.67333400000001
116.800812,-8.59555399999994
116.802757,-8.59083399999986
116.808868,-8.58333199999998
116.858322,-8.53444500000001
116.885818,-8.52361100000002
116.891098,-8.522223
116.92276,-8.51972199999994
116.935806,-8.52027900000002
116.947479,-8.51833299999993
117.014709,-8.48305499999992
117.079712,-8.43888900000002
117.089981,-8.42888799999997
117.103592,-8.415277
117.116653,-8.38611199999997
117.122757,-8.37861099999998
117.147491,-8.36916500000001
117.153053,-8.36777699999993
117.192749,-8.36361099999993
117.270264,-8.39750099999986
117.424988,-8.46666499999998
117.424988,-8.45999899999998
117.426376,-8.45444500000002
117.442749,-8.40972299999993
117.447746,-8.40916600000003
117.559418,-8.411112
117.565536,-8.411945
117.569717,-8.41472199999998
117.571114,-8.42000000000002
117.570267,-8.42611099999999
117.566093,-8.43555600000002
117.563599,-8.44638800000001
117.563599,-8.45999899999998
117.56749,-8.47638899999993
117.574997,-8.496666
117.579987,-8.50555599999996
117.586929,-8.51222199999995
117.648331,-8.56222200000002
117.758041,-8.64972299999999
117.847214,-8.71055599999994
117.897774,-8.70111100000003
117.95694,-8.73777799999988
117.966377,-8.74860999999993
117.976646,-8.74527699999993
118.021103,-8.70805499999994
118.037773,-8.69027699999998
118.053307,-8.67194599999993
118.064423,-8.66249999999997
118.073318,-8.65777799999995
118.084152,-8.65500099999997
118.130814,-8.6469459999999
118.151382,-8.6469459999999
118.162491,-8.64972299999999
118.17276,-8.65305499999999
118.182213,-8.65722299999999
118.208328,-8.66527699999995
118.215271,-8.66527699999995
118.253601,-8.66249999999997
118.258331,-8.66055699999987
118.262497,-8.65777799999995
118.281097,-8.642223
118.286377,-8.63416699999993
118.289146,-8.62333299999995
118.289146,-8.61638799999997
118.287773,-8.604445
118.284416,-8.59416599999986
118.275543,-8.58249999999998
118.231659,-8.55139000000003
118.084152,-8.46527699999996
118.069992,-8.45916599999998
118.050812,-8.458055
118.039146,-8.45999899999998
118.019989,-8.46805599999999
118.005547,-8.47416700000002
117.994431,-8.47694399999995
117.987762,-8.47694399999995
117.982758,-8.47500000000002
117.832207,-8.373333
117.825272,-8.36638800000003
117.707489,-8.24499899999995
117.703323,-8.23555599999997
117.704712,-8.22333300000003
117.710274,-8.20166599999999
117.714157,-8.1922229999999
117.722488,-8.17305599999986
117.727203,-8.16444599999994
117.735527,-8.15222399999999
117.738876,-8.14861100000002
117.747208,-8.14333299999993
117.802757,-8.11944399999999
117.921921,-8.08555599999988
117.939148,-8.082222
117.951927,-8.083055
118.088318,-8.105278
118.098602,-8.10861
118.112488,-8.11555499999997
118.121368,-8.12027699999999
118.133614,-8.12833199999989
118.152771,-8.14333299999993
118.159714,-8.14999999999998
118.162491,-8.15416699999997
118.164429,-8.15888999999999
118.165817,-8.17111199999994
118.165268,-8.20444499999996
118.166382,-8.20972299999994
118.168587,-8.21444500000001
118.191093,-8.25999999999999
118.199417,-8.272223
118.251389,-8.34277700000001
118.259163,-8.34888799999999
118.31192,-8.37472200000002
