"V1","V2"
174.489685,-0.816666999999939
174.478577,-0.819443999999919
174.490234,-0.809166999999945
174.493835,-0.80583299999995
174.495789,-0.801110999999992
174.495239,-0.788055999999926
174.484955,-0.763889000000006
174.478027,-0.750277999999923
174.464966,-0.697499999999934
174.458008,-0.653610999999955
174.46637,-0.659167000000025
174.469696,-0.662500000000023
174.473022,-0.672777999999994
174.495789,-0.770277999999962
174.5,-0.799721999999974
174.496338,-0.809999999999945
174.489685,-0.816666999999939
