"V1","V2"
-84.972778,29.6088869999999
-85.0055689999999,29.598885
-85.0113979999999,29.597775
-85.045547,29.5933300000001
-85.054169,29.593887
-85.088333,29.6174960000001
-85.093887,29.6222190000001
-85.095001,29.623886
-85.093887,29.62722
-85.089722,29.6266630000001
-85.088821,29.625462
-85.06778,29.615829
-85.0522159999999,29.6097179999999
-85.041672,29.6066630000001
-85.036118,29.6066630000001
-84.9999999999999,29.6119420000001
-84.975006,29.6169400000001
-84.8197329999999,29.6899950000001
-84.703339,29.7583310000001
-84.696106,29.759441
-84.692215,29.7583310000001
-84.69194,29.756107
-84.693054,29.7541660000001
-84.771118,29.694717
-84.972778,29.6088869999999
