"V1","V2"
122.016937,-5.47416700000002
121.963608,-5.47833300000002
121.959991,-5.47500000000002
121.8647,-5.35972199999992
121.81749,-5.29083300000002
121.814697,-5.28666700000002
121.808594,-5.27222299999994
121.808029,-5.26611099999997
121.81192,-5.22527799999989
121.812759,-5.21916699999997
121.85582,-5.103611
121.859993,-5.09416700000003
121.862762,-5.08999999999992
121.869713,-5.08333299999987
121.8936,-5.06611099999998
121.908043,-5.059999
121.913307,-5.05861099999993
121.967484,-5.07027799999997
121.972488,-5.07222299999995
121.981354,-5.08110699999997
122.02388,-5.15638899999988
122.059982,-5.23194399999994
122.053864,-5.42166599999996
122.053307,-5.42777699999994
122.048599,-5.45027799999997
122.043587,-5.45999999999998
122.031937,-5.46888899999993
122.022491,-5.47277700000001
122.016937,-5.47416700000002
