"V1","V2"
112.533867,21.590832
112.522774,21.589718
112.5186,21.5924950000001
112.517212,21.6044430000001
112.518051,21.6111070000001
112.524429,21.626385
112.530823,21.634163
112.56749,21.6758270000001
112.590553,21.6955490000001
112.594711,21.698605
112.605263,21.701939
112.631653,21.7102740000001
112.638321,21.710552
112.643631,21.706085
112.648041,21.702774
112.65332,21.6941600000001
112.65416,21.6886059999999
112.650543,21.6477740000001
112.649429,21.6433299999999
112.646942,21.638607
112.613312,21.615829
112.608597,21.6133310000001
112.533867,21.590832
