"V1","V2"
-90.603058,77.6283110000001
-90.521118,77.6260830000001
-90.492493,77.6260830000001
-90.438599,77.630539
-90.4144439999999,77.631088
-90.3880619999999,77.629425
-90.339172,77.6238710000001
-90.2424929999999,77.612488
-90.219162,77.6088710000001
-90.2088929999999,77.603043
-90.210007,77.5974880000001
-90.206665,77.59166
-90.196655,77.587204
-90.1777799999999,77.582489
-90.059723,77.566376
-89.93721,77.5327610000001
-89.9172209999999,77.527206
-89.84111,77.5041660000001
-89.8066559999999,77.4924770000001
-89.753616,77.473038
-89.719162,77.4583280000001
-89.636124,77.3391570000001
-89.640289,77.3333280000001
-89.6747129999999,77.310257
-89.707779,77.2941440000001
-89.849731,77.25
-89.882767,77.2399750000001
-89.919998,77.23027
-90,77.213814
-90.009171,77.211929
-90.0888979999999,77.199707
-90.118057,77.1985930000001
-90.129166,77.200546
-90.2591709999999,77.2010960000001
-90.366943,77.1977540000001
-90.416656,77.213043
-90.6833189999999,77.2719270000001
-90.7047269999999,77.2763820000001
-90.7272189999999,77.279984
-90.843063,77.2927549999999
-90.909729,77.3030400000001
-90.946655,77.3094180000001
-91.1466669999999,77.3621980000001
-91.182495,77.3869320000001
-91.18721,77.390274
-91.2088929999999,77.4149930000001
-91.206955,77.5686040000001
-91.184433,77.6085970000001
-91.1736149999999,77.613037
-91.15834,77.6172030000001
-91.109436,77.624985
-90.9063869999999,77.6530460000001
-90.8808289999999,77.654434
-90.826401,77.654434
-90.801666,77.6516570000001
-90.727493,77.642212
-90.6836089999999,77.6333310000001
-90.603058,77.6283110000001
