"V1","V2"
66.1719210000001,69.087769
66.2338710000001,69.0744320000001
66.3035890000001,69.054153
66.331665,69.043594
66.401382,69.0166630000001
66.5163880000001,68.9677580000001
66.5269320000001,68.9619290000001
66.5338749999999,68.9561
66.537491,68.9499970000001
66.537766,68.943588
66.525543,68.939972
66.5080410000001,68.945251
66.4010930000001,68.9808200000001
66.390823,68.9863740000001
66.2686,69.0347140000001
66.1566470000001,69.0711060000001
66.135818,69.0760959999999
66.0610960000001,69.080551
66.0433200000001,69.0802760000001
66.00499,69.0838780000001
65.985535,69.086105
65.9660950000001,69.0885930000001
65.9519350000001,69.0938720000001
65.954102,69.0959630000001
65.964706,69.102478
65.9819340000001,69.103867
66.0177610000001,69.104156
66.074707,69.0994260000001
66.112762,69.0961000000001
66.1516570000001,69.09137
66.1719210000001,69.087769
