"V1","V2"
90.937485,22.1127740000001
90.9333190000001,22.1127740000001
90.929153,22.1138840000001
90.9222110000001,22.11694
90.9197080000001,22.119164
90.9163820000001,22.124718
90.9147030000001,22.131939
90.9155430000001,22.136108
90.9322050000001,22.204716
90.935806,22.2061040000001
90.9472050000001,22.208885
90.952209,22.2094380000001
90.9541630000001,22.20694
90.955826,22.199162
90.9572140000001,22.14555
90.9563749999999,22.13694
90.9535980000001,22.1297190000001
90.9505460000001,22.124439
90.9408110000001,22.114441
90.937485,22.1127740000001
