"V1","V2"
60.6388850000001,81.272217
60.6352690000001,81.266388
60.611107,81.25943
60.5808260000001,81.2558290000001
60.48333,81.247757
60.4508290000001,81.2452550000001
60.377487,81.2441410000001
60.334717,81.246643
60.208328,81.2569430000001
60.1455460000001,81.265549
60.1072160000001,81.2694400000001
60.066383,81.270828
59.99305,81.269714
59.874161,81.272217
59.8333279999999,81.2736050000001
59.746941,81.27887
59.7222140000001,81.283325
59.748047,81.289154
59.7783280000001,81.2930450000001
59.8617249999999,81.300262
59.8872450000001,81.3027040000001
59.9608230000001,81.303864
60.110275,81.3052520000001
60.188324,81.304153
60.426102,81.2991490000001
60.510277,81.294983
60.55555,81.291367
60.5936050000001,81.287201
60.6249920000001,81.2830510000001
60.6352690000001,81.277771
60.6388850000001,81.272217
