"V1","V2"
83.6158140000001,74.0930480000001
83.619705,74.0855410000001
83.6172030000001,74.077774
83.6052550000001,74.072495
83.589981,74.0680540000001
83.568604,74.065262
83.5438689999999,74.0635990000001
83.524994,74.064987
83.5369260000001,74.070267
83.5424800000001,74.0772090000001
83.5324860000001,74.083054
83.501099,74.082764
83.3986050000001,74.077774
83.3872070000001,74.072495
83.390823,74.0646970000001
83.4008180000001,74.0588680000001
83.413879,74.053864
83.445816,74.045532
83.4649960000001,74.042206
83.449707,74.0377660000001
83.362488,74.038879
83.2991490000001,74.046936
83.1755370000001,74.063873
83.137207,74.070267
83.0738830000001,74.0783230000001
82.9760890000001,74.0849910000001
82.9508210000001,74.0866550000001
82.8294220000001,74.0836330000001
82.8158109999999,74.0910950000001
82.821106,74.0980380000001
82.8327640000001,74.1033170000001
82.863037,74.112198
82.917755,74.1230320000001
83.143326,74.148331
83.202774,74.1497189999999
83.2502750000001,74.1458280000001
83.3388820000001,74.136383
83.4722140000001,74.1219180000001
83.5385890000001,74.1147000000001
83.602768,74.0980380000001
83.6158140000001,74.0930480000001
