"V1","V2"
52.452492,80.321106
52.3811040000001,80.3205409999999
52.3424910000001,80.3216550000001
52.3074950000001,80.3238830000001
52.281937,80.328049
52.1799930000001,80.344986
52.166664,80.350266
52.180275,80.356094
52.188278,80.357178
52.199432,80.3599850000001
52.2274860000001,80.3630370000001
52.2605510000001,80.3641509999999
52.299164,80.363312
52.3430480000001,80.3605350000001
52.482765,80.3402710000001
52.5080490000001,80.336105
52.5213780000001,80.3308260000001
52.5136109999999,80.325546
52.48555,80.3222200000001
52.452492,80.321106
