"V1","V2"
26.0255550000001,38.1769409999999
26.0147210000001,38.149437
25.9961050000001,38.155266
25.9716610000001,38.163605
25.9647220000001,38.1674960000001
25.924995,38.19471
25.864162,38.238319
25.8624950000001,38.2413790000001
25.8624950000001,38.2461010000001
25.864441,38.253876
25.8691640000001,38.263878
25.873882,38.2694400000001
25.9063840000001,38.2902760000001
25.9180530000001,38.294716
25.9366649999999,38.297211
25.9424930000001,38.297211
25.991665,38.3438800000001
25.989716,38.375275
25.989162,38.383881
25.988049,38.387497
25.9458270000001,38.455269
25.939442,38.459435
25.91666,38.4683230000001
25.9077760000001,38.4705510000001
25.89222,38.471931
25.8880540000001,38.4736100000001
25.8816600000001,38.4777759999999
25.860828,38.493889
25.851944,38.500832
25.8458330000001,38.5094380000001
25.8272210000001,38.53611
25.825554,38.539444
25.8249970000001,38.5436100000001
25.8436090000001,38.5705410000001
25.851109,38.5780490000001
25.8616640000001,38.5836110000001
25.8699990000001,38.586388
25.8847200000001,38.588875
26.0013890000001,38.6013790000001
26.1386110000001,38.5649950000001
26.1508290000001,38.5561070000001
26.1577760000001,38.547768
26.159443,38.544434
26.160553,38.5380480000001
26.138882,38.4316640000001
26.13361,38.417496
26.1333270000001,38.408333
26.146111,38.363602
26.1613850000001,38.329163
26.163052,38.326111
26.1611100000001,38.305275
26.1602750000001,38.3013839999999
26.1022189999999,38.246941
26.0355530000001,38.191933
26.027222,38.1802749999999
26.0255550000001,38.1769409999999
