"V1","V2"
125.883881,3.36222200000009
125.880814,3.36194399999999
125.866379,3.37694399999998
125.791656,3.41222100000005
125.73526,3.52249999999998
125.666931,3.63194400000009
125.647217,3.65499900000003
125.643333,3.66194400000001
125.643333,3.68027700000005
125.648613,3.69999999999999
125.655258,3.71083299999998
125.659416,3.71527699999996
125.663597,3.71833300000003
125.673866,3.72416600000003
125.685806,3.72749900000014
125.729713,3.72249900000014
125.751099,3.71444399999996
125.761383,3.7075000000001
125.778053,3.69305500000002
125.789429,3.68277699999999
125.911377,3.49166599999995
125.912773,3.48666599999996
125.919983,3.42833300000001
125.920258,3.42361100000011
125.919434,3.41750000000002
125.896652,3.37833299999994
125.886932,3.36444400000011
125.883881,3.36222200000009
