"V1","V2"
123.674988,9.2263870000001
123.705551,9.15361000000001
123.708328,9.14583200000004
123.708328,9.14055400000012
123.70694,9.13555500000007
123.700272,9.12610799999999
123.681931,9.11333100000013
123.673309,9.10971999999992
123.609421,9.09222000000005
123.58638,9.08888600000006
123.568329,9.090553
123.556931,9.09666400000003
123.479431,9.16194300000006
123.461113,9.17860999999994
123.457207,9.19055400000002
123.461929,9.21110900000008
123.470833,9.22083099999992
123.473312,9.22194300000012
123.476089,9.22166399999992
123.481369,9.21583200000003
123.502213,9.21027600000008
123.505829,9.21027600000008
123.549149,9.22416499999991
123.559418,9.229443
123.582764,9.24916500000006
123.587486,9.25722100000013
123.590553,9.26472100000001
123.591927,9.27111100000008
123.591927,9.28083200000009
123.594437,9.29249800000002
123.596939,9.29638699999992
123.600273,9.29860900000011
123.603867,9.29860900000011
123.625809,9.29749900000013
123.631363,9.29611000000011
123.646378,9.27833199999998
123.651093,9.27166599999998
123.674988,9.2263870000001
