"V1","V2"
-173.910553,-18.6380579999999
-173.986969,-18.6841699999999
-174.054443,-18.669724
-174.061951,-18.6622199999999
-174.064209,-18.6563869999999
-174.070038,-18.639442
-174.070587,-18.632504
-174.068054,-18.626392
-174.0625,-18.6236109999999
-174.05722,-18.621117
-174.049469,-18.621117
-174.041382,-18.621117
-174.033356,-18.621117
-174.027222,-18.618893
-174.023376,-18.6144489999999
-174.017242,-18.603054
-174.013062,-18.589725
-174.005585,-18.580006
-174.000854,-18.5763889999999
-173.995544,-18.5733379999999
-173.989441,-18.571117
-173.967529,-18.568058
-173.939209,-18.568893
-173.935577,-18.5708349999999
-173.931671,-18.575279
-173.916687,-18.599728
-173.907501,-18.62056
-173.906158,-18.626945
-173.907257,-18.6330599999999
-173.910553,-18.6380579999999
