"V1","V2"
119.965271,11.656942
119.952766,11.6566659999999
119.944977,11.6744420000001
119.943039,11.680832
119.931931,11.7613890000001
119.872482,11.8927760000001
119.864151,11.9341640000001
119.874687,11.9652750000001
119.882477,11.9741650000001
119.884987,11.976109
119.905823,11.9797190000001
119.908867,11.9788860000001
120.012772,11.93111
120.015549,11.929165
120.025269,11.919165
120.070541,11.864998
120.050613,11.8492230000001
120.046677,11.8371490000001
120.042076,11.83203
120.040901,11.8123440000001
120.057701,11.802238
120.068329,11.7886100000001
120.0522,11.7408310000001
120.044434,11.7227750000001
120.042213,11.7188870000001
120.002213,11.6777760000001
119.991653,11.667221
119.965271,11.656942
