"V1","V2"
155.587463,-7.390556
155.550537,-7.39444399999996
155.517761,-7.389723
155.513611,-7.38694499999997
155.508026,-7.37888800000002
155.507477,-7.37360999999993
155.510803,-7.351111
155.516388,-7.34416700000003
155.536926,-7.33055599999994
155.541656,-7.32861099999997
155.558014,-7.32583299999999
155.566376,-7.32444499999997
155.584686,-7.33194400000002
155.599976,-7.34833300000003
155.610779,-7.36472199999997
155.612732,-7.36944399999993
155.612183,-7.37416599999995
155.604675,-7.38027799999992
155.592194,-7.38861199999997
155.587463,-7.390556
