"V1","V2"
-41.333885,63.05027
-41.353889,63.0449980000001
-41.375832,63.0455470000001
-41.464447,63.049164
-41.482216,63.0544360000001
-41.492226,63.0586010000001
-41.5191649999999,63.071938
-41.526108,63.0769420000001
-41.52639,63.081383
-41.51722,63.0858230000001
-41.5072249999999,63.089432
-41.467773,63.10083
-41.4477769999999,63.106102
-41.426949,63.109436
-41.373329,63.109993
-41.3619459999999,63.107498
-41.345833,63.0988770000001
-41.305832,63.074165
-41.304443,63.06916
-41.315277,63.059158
-41.3241729999999,63.0538790000001
-41.333885,63.05027
