"V1","V2"
58.6863780000001,79.944702
58.7572170000001,79.924988
58.779434,79.920258
58.8141560000001,79.9163819999999
58.8505480000001,79.914993
58.927773,79.9099880000001
58.9622120000001,79.9058230000001
58.984161,79.901382
58.988045,79.895538
58.8941570000001,79.8735960000001
58.8658290000001,79.870819
58.831383,79.871094
58.794716,79.8724819999999
58.7605510000001,79.876648
58.7383270000001,79.881088
58.7060999999999,79.891098
58.63916,79.9049840000001
58.5255510000001,79.922211
58.484718,79.925812
58.4480440000001,79.9272
58.315826,79.925262
58.2791600000001,79.926651
58.2811050000001,79.932755
58.362465,79.9380800000001
58.399162,79.9385829999999
58.425552,79.942474
58.4499970000001,79.947479
58.4947130000001,79.9594270000001
58.6316600000001,79.976929
58.662209,79.978592
58.6663820000001,79.9730380000001
58.651932,79.9663850000001
58.6497190000001,79.960266
58.6699910000001,79.949417
58.6863780000001,79.944702
