"V1","V2"
145.311646,-38.467773
145.364136,-38.564445
145.361359,-38.569168
145.354126,-38.57
145.33609,-38.552223
145.319977,-38.5377809999999
145.310242,-38.532501
145.298584,-38.527779
145.271362,-38.520836
145.254974,-38.520554
145.241058,-38.522499
145.228577,-38.525833
145.182465,-38.529442
145.12439,-38.5336149999999
145.116638,-38.533058
145.113586,-38.528885
145.120239,-38.520554
145.161652,-38.484169
145.179413,-38.471664
145.190247,-38.466942
145.202454,-38.463615
145.264709,-38.45417
145.278595,-38.4522249999999
145.287201,-38.452782
145.29303,-38.455276
145.307739,-38.464165
145.311646,-38.467773
