"V1","V2"
-81.530838,21.6002770000001
-81.5439,21.599163
-81.561676,21.60083
-81.561111,21.605831
-81.556946,21.622776
-81.55307,21.626389
-81.391678,21.710278
-81.3861239999999,21.7122190000001
-81.3802799999999,21.713333
-81.373062,21.713333
-81.366959,21.7119410000001
-81.366394,21.708332
-81.3733369999999,21.700832
-81.376953,21.6974980000001
-81.414459,21.6633300000001
-81.421951,21.6566660000001
-81.435287,21.6486090000001
-81.5097349999999,21.608055
-81.524734,21.6016650000001
-81.530838,21.6002770000001
