"V1","V2"
120.481934,-6.483611
120.477203,-6.48416599999996
120.474426,-6.480278
120.473038,-6.47472199999999
120.46138,-6.39361200000002
120.459991,-6.38138900000001
120.459991,-6.37472199999996
120.468872,-6.34277799999995
120.471649,-6.32500099999999
120.471649,-6.30444399999993
120.444977,-6.16083300000003
120.440811,-6.03194399999995
120.440262,-5.93166600000001
120.440262,-5.91138899999999
120.449142,-5.84527799999995
120.455261,-5.81722300000001
120.462769,-5.79055599999998
120.468872,-5.77638899999994
120.471649,-5.77222299999994
120.474991,-5.76888899999994
120.47998,-5.76666599999999
120.48526,-5.76833299999987
120.489433,-5.77083399999992
120.494431,-5.77972199999994
120.495613,-5.78719899999999
120.494431,-5.82472200000001
120.521103,-5.87305499999997
120.549149,-5.96166699999986
120.559418,-6.00611099999992
120.561371,-6.02444499999996
120.561371,-6.03138899999988
120.536102,-6.25138999999996
120.535263,-6.25750099999988
120.50444,-6.42444399999994
120.503326,-6.42972200000003
120.486099,-6.48083299999996
120.481934,-6.483611
