"V1","V2"
104.598312,0.758055000000127
104.515533,0.749166000000059
104.50914,0.749999999999943
104.508591,0.756111000000033
104.50914,0.762222000000122
104.511917,0.773055000000056
104.516647,0.781943999999953
104.524979,0.787500000000136
104.529968,0.789721999999927
104.545517,0.794444000000055
104.551643,0.795000000000016
104.618301,0.786110999999948
104.623581,0.784721999999988
104.626358,0.780833000000086
104.623581,0.776666999999975
104.617416,0.77113700000001
104.608582,0.761389000000122
104.598312,0.758055000000127
