"V1","V2"
124.577766,-8.13583399999993
124.58194,-8.13861300000002
124.670258,-8.17305599999986
124.855263,-8.17722300000003
124.917763,-8.17250100000001
124.926651,-8.16777799999994
124.934143,-8.16166699999997
125.084717,-8.15472199999999
125.090271,-8.15611100000001
125.094437,-8.15888999999999
125.099991,-8.16694499999994
125.133614,-8.22277600000001
125.135536,-8.22749900000002
125.136932,-8.232777
125.138321,-8.25194499999992
125.139709,-8.32222199999995
125.139709,-8.32916599999993
125.132751,-8.34277700000001
125.127197,-8.35083199999997
125.122482,-8.35277699999989
125.10054,-8.35833399999996
125.051376,-8.37055400000003
125.0336,-8.373333
124.81694,-8.40027800000001
124.601646,-8.43138899999997
124.424988,-8.47083299999997
124.419434,-8.47222099999999
124.359154,-8.45999899999998
124.350807,-8.45444500000002
124.347488,-8.45111100000003
124.341927,-8.44305600000001
124.335823,-8.42805699999997
124.334427,-8.422777
124.335274,-8.40972299999993
124.395538,-8.229445
124.400818,-8.22138799999993
124.453598,-8.15083299999998
124.462769,-8.13916799999993
124.466087,-8.13583399999993
124.470833,-8.13389000000001
124.474991,-8.13587000000001
124.506378,-8.13305499999996
124.512772,-8.13249999999994
124.548317,-8.13389000000001
124.571663,-8.13527900000003
124.577766,-8.13583399999993
