"V1","V2"
148.17746,-40.25695
148.128845,-40.274445
148.115234,-40.2716669999999
148.101074,-40.26722
148.064423,-40.253891
148.049133,-40.2455519999999
148.040253,-40.238609
148.036926,-40.2338869999999
148.013611,-40.164444
148.012756,-40.1583329999999
148.016663,-40.1472239999999
148.01944,-40.1425019999999
148.018585,-40.1355589999999
147.90387,-39.975555
147.818298,-39.915833
147.810242,-39.915001
147.804962,-39.912216
147.773865,-39.894722
147.760803,-39.883614
147.758331,-39.878883
147.761932,-39.874718
147.783875,-39.850281
147.881897,-39.7541729999999
147.925812,-39.737503
147.967743,-39.7255549999999
147.971069,-39.736389
147.978302,-39.74472
148.069427,-39.8388899999999
148.165527,-39.929443
148.174408,-39.936111
148.184143,-39.943054
148.189423,-39.945831
148.202759,-39.950279
148.240234,-39.9613879999999
148.247467,-39.962776
148.279419,-39.965836
148.288025,-39.99472
148.335236,-40.192223
148.332184,-40.21611
148.330536,-40.2222209999999
148.324127,-40.2305529999999
148.318573,-40.23333
148.306915,-40.2380519999999
148.299713,-40.239998
148.17746,-40.25695
