"V1","V2"
-20.343056,76.2641600000001
-20.3761099999999,76.2591550000001
-20.393055,76.260818
-20.4063869999999,76.263611
-20.415833,76.267212
-20.4358329999999,76.2774810000001
-20.4494439999999,76.287491
-20.455276,76.293045
-20.465553,76.298874
-20.47583,76.304428
-20.494164,76.309982
-20.534725,76.3199920000001
-20.621387,76.3316650000001
-20.660557,76.337769
-20.660831,76.3388820000001
-20.6458319999999,76.3430480000001
-20.591946,76.353867
-20.484997,76.36554
-20.456387,76.3672030000001
-20.201942,76.3530430000001
-20.172501,76.3505400000001
-20.158611,76.346939
-20.169167,76.34082
-20.182499,76.3383180000001
-20.2225,76.333603
-20.279446,76.2891540000001
-20.343056,76.2641600000001
