"V1","V2"
100.554749,-66.147232
100.491699,-66.150009
100.495613,-66.1414029999999
100.53894,-66.103622
100.580566,-66.067795
100.618652,-66.046951
100.638367,-66.044739
100.658943,-66.0444639999999
100.677803,-66.046112
100.707283,-66.0516969999999
100.720032,-66.055557
100.742249,-66.0652919999999
100.75116,-66.071411
100.756409,-66.079193
100.756958,-66.0866849999999
100.75531,-66.094177
100.739197,-66.106415
100.729736,-66.1116789999999
100.693359,-66.1249999999999
100.680847,-66.1286159999999
100.631958,-66.1389159999999
100.594482,-66.143066
100.554749,-66.147232
