"V1","V2"
107.079712,-2.91166600000003
107.072769,-2.91166600000003
107.067207,-2.91027799999995
107.062477,-2.90833300000003
107.058319,-2.90555499999999
107.054977,-2.90194399999996
107.039146,-2.87666699999994
107.037201,-2.86499999999995
107.038589,-2.85944499999999
107.060532,-2.82666699999999
107.068047,-2.8205559999999
107.072769,-2.81999999999999
107.094711,-2.83916699999992
107.106369,-2.85083300000002
107.109154,-2.85472199999998
107.110527,-2.86027799999999
107.107208,-2.88416699999999
107.10582,-2.88972200000001
107.103592,-2.89444399999991
107.098038,-2.90277799999996
107.094711,-2.90611099999995
107.090553,-2.90888899999987
107.085823,-2.91083300000003
107.079712,-2.91166600000003
