"V1","V2"
-74.291672,-44.3063959999999
-74.299454,-44.307228
-74.3272249999999,-44.305
-74.379456,-44.29834
-74.3988949999999,-44.292229
-74.404175,-44.289169
-74.4175109999999,-44.278061
-74.422226,-44.268059
-74.421402,-44.262779
-74.41806,-44.258057
-74.412781,-44.2550049999999
-74.405838,-44.2533339999999
-74.3441769999999,-44.245285
-74.335556,-44.2450029999999
-74.3272249999999,-44.246391
-74.320557,-44.248894
-74.304169,-44.258057
-74.300003,-44.261673
-74.295563,-44.265556
-74.2852779999999,-44.278336
-74.279724,-44.2877809999999
-74.2794489999999,-44.293892
-74.281403,-44.300003
-74.285568,-44.303894
-74.291672,-44.3063959999999
