"V1","V2"
113.209152,-26.140835
113.205551,-26.144722
113.176086,-26.123055
113.027481,-25.920277
112.953323,-25.786945
112.95166,-25.781944
112.907211,-25.6274989999999
112.907494,-25.5838889999999
112.908333,-25.564724
112.913879,-25.539722
112.91832,-25.529167
112.921097,-25.524723
112.943314,-25.495277
112.951103,-25.488609
112.95665,-25.486942
112.997757,-25.494164
113.00444,-25.4955519999999
113.006104,-25.500557
113.004707,-25.5058359999999
112.997482,-25.5133359999999
112.988312,-25.526112
112.986099,-25.531391
112.983047,-25.5436129999999
112.983047,-25.5552789999999
112.983871,-25.560833
112.987198,-25.570835
113.026932,-25.654446
113.076103,-25.785835
113.099426,-25.8494449999999
113.105263,-25.876389
113.159149,-25.977776
113.18248,-25.998055
113.190262,-26.0052799999999
113.19693,-26.01889
113.20694,-26.0427779999999
113.227768,-26.101391
113.227768,-26.107777
113.226379,-26.113056
113.209152,-26.140835
