"V1","V2"
-73.8527829999999,-44.195839
-73.8666689999999,-44.199173
-73.943344,-44.188614
-73.974457,-44.182228
-73.980835,-44.179726
-73.991669,-44.1736149999999
-74.0005649999999,-44.166115
-74.0072329999999,-44.157501
-74.011948,-44.147507
-74.011124,-44.141945
-73.976959,-44.118614
-73.9719539999999,-44.11528
-73.9511259999999,-44.1027829999999
-73.945282,-44.1002809999999
-73.930557,-44.0977779999999
-73.922226,-44.098892
-73.915558,-44.101395
-73.875565,-44.121391
-73.87001,-44.124451
-73.828903,-44.160561
-73.8275149999999,-44.166115
-73.835007,-44.182228
-73.841675,-44.191673
-73.8527829999999,-44.195839
