"V1","V2"
93.801651,19.2686080000001
93.794983,19.2686080000001
93.7910920000001,19.271664
93.7844239999999,19.279163
93.6663820000001,19.4391630000001
93.660263,19.4474950000001
93.64415,19.481937
93.642761,19.48666
93.650818,19.5111079999999
93.6524810000001,19.516109
93.679703,19.5569420000001
93.6827549999999,19.5605550000001
93.6883090000001,19.5624960000001
93.6935880000001,19.561108
93.7374880000001,19.5491640000001
93.897491,19.4677730000001
93.9616550000001,19.4286080000001
93.9683230000001,19.4208300000001
93.9758150000001,19.3991619999999
93.976379,19.3938870000001
93.967285,19.3693540000001
93.9627690000001,19.3605539999999
93.916382,19.3097190000001
93.904434,19.3005520000001
93.8616490000001,19.277775
93.8513790000001,19.273331
93.801651,19.2686080000001
