"V1","V2"
-16.031948,11.7558330000001
-16.085281,11.7536110000001
-16.090836,11.7547210000001
-16.0952799999999,11.757221
-16.153893,11.8041650000001
-16.157501,11.8074990000001
-16.160004,11.8122220000001
-16.165558,11.840832
-16.162224,11.86861
-16.159168,11.8708320000001
-16.153614,11.8724989999999
-15.9838909999999,11.9055540000001
-15.978334,11.905832
-15.983334,11.8799990000001
-15.985001,11.8730550000001
-15.9919449999999,11.8527770000001
-16.025837,11.763611
-16.027779,11.7588880000001
-16.031948,11.7558330000001
