"V1","V2"
169.447479,69.8088680000001
169.41272,69.7637790000001
169.315521,69.7680510000001
169.296082,69.7680510000001
169.282196,69.763321
169.274994,69.7577670000001
169.274414,69.750824
169.271637,69.7077640000001
169.274414,69.7005460000001
169.293304,69.683868
169.299408,69.6763760000001
169.304688,69.661652
169.304413,69.6549840000001
169.296631,69.6424870000001
169.285522,69.630539
169.278595,69.624695
169.25,69.601929
169.22525,69.5849910000001
169.21579,69.5788729999999
169.205536,69.5738830000001
169.185242,69.569992
169.167755,69.5686040000001
168.926086,69.5672150000001
168.868286,69.5677640000001
168.832458,69.5702670000001
168.683594,69.5922090000001
168.650543,69.5972140000001
168.334412,69.6583250000001
168.151642,69.696365
168.144135,69.6999970000001
168.133026,69.7072140000001
168.093842,69.739975
168.071625,69.753876
168.058868,69.75972
168.044983,69.764435
167.913879,69.785812
167.795258,69.8010860000001
167.779968,69.8047030000001
167.768585,69.8116460000001
167.758606,69.819717
167.751923,69.8274840000001
167.755554,69.8338780000001
167.762207,69.839706
167.799713,69.861374
167.895264,69.915543
167.915802,69.926086
167.949982,69.9413600000001
167.984955,69.954163
168.143585,70.000549
168.250824,70.0205380000001
168.270264,70.0205380000001
168.320251,70.0160980000001
168.35553,70.012497
168.529694,69.9927520000001
168.563293,69.988037
168.613586,69.9808200000001
168.731354,69.963608
168.792755,69.949417
168.820526,69.9396970000001
168.851074,69.932755
168.868011,69.9302670000001
168.902771,69.926376
169.04248,69.9113770000001
169.098297,69.9086
169.137482,69.908325
169.209961,69.902771
169.359955,69.8805389999999
169.407196,69.870819
169.421082,69.866089
169.431641,69.858871
169.441071,69.8505400000001
169.455536,69.8211059999999
169.447479,69.8088680000001
