"V1","V2"
-148.079437,60.282768
-148.091949,60.282494
-148.104431,60.283333
-148.139191,60.3022160000001
-148.141693,60.3077700000001
-148.142792,60.313881
-148.142517,60.3205490000001
-148.133636,60.3299940000001
-148.084717,60.360825
-148.071655,60.36805
-148.026672,60.3797149999999
-148,60.3852690000001
-147.988892,60.3866580000001
-147.983307,60.383881
-147.978607,60.371933
-147.983887,60.353882
-148.010559,60.301659
-148.016968,60.2908330000001
-148.023895,60.287498
-148.03363,60.285553
-148.079437,60.282768
