"V1","V2"
90.3311,21.8405530000001
90.324432,21.8374979999999
90.3205410000001,21.8386080000001
90.3163760000001,21.8441619999999
90.312195,21.85833
90.3116460000001,21.870552
90.312195,21.8794399999999
90.318878,21.90583
90.3230440000001,21.920273
90.3549800000001,21.97805
90.368317,21.993328
90.3708190000001,21.995548
90.378311,21.9977720000001
90.3833310000001,21.9972149999999
90.389984,21.9949950000001
90.3930510000001,21.993328
90.3944400000001,21.989437
90.3938750000001,21.98555
90.3449860000001,21.8636089999999
90.336105,21.8449970000001
90.3311,21.8405530000001
