"V1","V2"
142.278046,-10.643612
142.271912,-10.6438899999999
142.264984,-10.6430569999999
142.261108,-10.640835
142.257751,-10.637222
142.25,-10.624722
142.245239,-10.609722
142.244965,-10.6036109999999
142.245789,-10.5975
142.249695,-10.5874999999999
142.252777,-10.583611
142.257751,-10.581112
142.262482,-10.5799999999999
142.26886,-10.579445
142.286652,-10.5783329999999
142.299988,-10.578056
142.305237,-10.579721
142.314148,-10.5841659999999
142.320526,-10.591944
142.324219,-10.5991859999999
142.32608,-10.606388
142.325806,-10.613333
142.321075,-10.622499
142.310516,-10.631388
142.299713,-10.637779
142.278046,-10.643612
