"V1","V2"
134.790253,34.193321
134.762207,34.184433
134.755249,34.184715
134.748291,34.1872100000001
134.737457,34.1936040000001
134.675262,34.2358249999999
134.672485,34.2399899999999
134.663605,34.2641600000001
134.661926,34.2688830000001
134.660522,34.279434
134.661926,34.2858280000001
134.666931,34.296944
134.674133,34.306656
134.799988,34.438599
134.874969,34.5116650000001
134.982727,34.5863800000001
134.998566,34.5933230000001
135.004822,34.5947420000001
135.010803,34.5952680000001
135.018036,34.592766
135.021912,34.588882
135.027466,34.5802760000001
135.028046,34.5749970000001
135.027771,34.5691600000001
135.026367,34.563049
135.023315,34.557213
134.992188,34.510277
134.973297,34.487213
134.944427,34.4580460000001
134.919983,34.4330520000001
134.909149,34.418053
134.901642,34.398048
134.893585,34.3666610000001
134.894989,34.356102
134.918854,34.3163830000001
134.921631,34.3119350000001
134.933319,34.3002700000001
134.938293,34.296944
134.946075,34.288887
134.951355,34.280273
134.953308,34.2755510000001
134.95163,34.2691570000001
134.948578,34.2633290000001
134.944427,34.259438
134.934967,34.2530520000001
134.790253,34.193321
