"V1","V2"
-128.211945,52.0155490000001
-128.220825,52.014442
-128.238586,52.0147170000001
-128.246368,52.0166629999999
-128.253082,52.0197140000001
-128.291107,52.1019360000001
-128.294159,52.113609
-128.291687,52.1188810000001
-128.252808,52.1713790000001
-128.244446,52.1799930000001
-128.239716,52.1841580000001
-128.231934,52.1874920000001
-128.188049,52.1936040000001
-128.162231,52.1966550000001
-128.153076,52.195267
-128.147797,52.191658
-128.145844,52.186104
-128.148071,52.1833270000001
-128.154724,52.159431
-128.156128,52.1533200000001
-128.15863,52.119713
-128.154449,52.1086040000001
-128.151398,52.1038820000001
-128.147522,52.0927660000001
-128.151123,52.0811080000001
-128.206116,52.0188830000001
-128.211945,52.0155490000001
