"V1","V2"
13.383055,54.6388850000001
13.3913130000001,54.606953
13.4074300000001,54.588757
13.4334240000001,54.577839
13.4563000000001,54.5731580000001
13.481774,54.574718
13.516088,54.5767970000001
13.5930539999999,54.5847170000001
13.6177770000001,54.586105
13.6338880000001,54.5858310000001
13.639166,54.585274
13.646944,54.582771
13.6716650000001,54.5691600000001
13.676666,54.5652769999999
13.678055,54.562775
13.679165,54.5424960000001
13.6777760000001,54.532494
13.6752780000001,54.526382
13.6702770000001,54.522217
13.6669430000001,54.520828
13.6474990000001,54.515549
13.6408330000001,54.5127720000001
13.591389,54.4861070000001
13.585278,54.4827730000001
13.581388,54.477776
13.578333,54.4722210000001
13.5763870000001,54.4624939999999
13.576792,54.4599880000001
13.5777760000001,54.453888
13.5836110000001,54.4416660000001
13.6174980000001,54.4041600000001
13.620554,54.4024960000001
13.631109,54.401108
13.6463870000001,54.4013820000001
13.6666660000001,54.402222
13.6761089999999,54.400833
13.702499,54.3880540000001
13.707499,54.3841630000001
13.7138880000001,54.3777769999999
13.7311100000001,54.3547210000001
13.7438890000001,54.331108
13.7308330000001,54.2758330000001
13.7274990000001,54.274437
13.7149979999999,54.2716599999999
13.711111,54.272217
13.6955550000001,54.2805480000001
13.693888,54.2827760000001
13.6963880000001,54.284164
13.7108329999999,54.2969440000001
13.7127760000001,54.321106
13.7122210000001,54.324165
13.689444,54.3483279999999
13.684444,54.349159
13.508333,54.342773
13.5044440000001,54.34166
13.469444,54.328331
13.3594440000001,54.2747190000001
13.356667,54.2730480000001
13.3550000000001,54.270271
13.357498,54.2597200000001
13.4030549999999,54.265274
13.408333,54.265274
13.4133320000001,54.2647170000001
13.4199980000001,54.2613830000001
13.421944,54.2591629999999
13.426388,54.2519380000001
13.4288880000001,54.2438890000001
13.429443,54.2380520000001
13.4244440000001,54.2336040000001
13.3977780000001,54.2219390000001
13.393055,54.221382
13.318609,54.2486040000001
13.2680550000001,54.2549970000001
13.2569429999999,54.256104
13.249722,54.2583310000001
13.1561110000001,54.30555
13.121944,54.3305510000001
13.1183320000001,54.3338850000001
13.1172220000001,54.3394390000001
13.117777,54.3430480000001
13.129166,54.36805
13.1308330000001,54.3708270000001
13.1341650000001,54.372215
13.141666,54.3744429999999
13.1513880000001,54.375275
13.156666,54.375275
13.2005540000001,54.3727720000001
13.217222,54.369995
13.223055,54.3694380000001
13.2358320000001,54.3716660000001
13.2613890000001,54.378609
13.265276,54.380272
13.2675,54.3825000000001
13.238983,54.4114720000001
13.207789,54.428108
13.1646390000001,54.4343490000001
13.228611,54.464996
13.232224,54.4858170000001
13.1672380000001,54.5133710000001
13.146962,54.5456050000001
13.2313880000001,54.5524980000001
13.2556200000001,54.551323
13.30397,54.5502850000001
13.337764,54.5664019999999
13.3673969999999,54.580437
13.377795,54.558083
13.3949520000001,54.5419650000001
13.420426,54.5216900000001
13.4474610000001,54.4889370000001
13.483854,54.483738
13.5030899999999,54.493095
13.5166070000001,54.5133710000001
13.5025700000001,54.5497670000001
13.4594190000001,54.5508040000001
13.426146,54.5700420000001
13.383514,54.5783579999999
13.374676,54.610073
13.35544,54.6043550000001
13.3297210000001,54.582771
13.3105550000001,54.573326
13.286221,54.565052
13.282054,54.5635530000001
13.2513890000001,54.557777
13.246111,54.557777
13.2447200000001,54.5591660000001
13.2247220000001,54.6338880000001
13.2247220000001,54.639999
13.22611,54.6430510000001
13.2305550000001,54.6477740000001
13.2447200000001,54.6566620000001
13.2633320000001,54.6666640000001
13.27861,54.671387
13.2922209999999,54.6733320000001
13.3644429999999,54.6794429999999
13.383888,54.6808320000001
13.424166,54.6827770000001
13.4299980000001,54.68222
13.437777,54.679718
13.4430540000001,54.6758270000001
13.443609,54.67305
13.441944,54.670555
13.42861,54.6602710000001
13.4224990000001,54.656944
13.3972210000001,54.6522220000001
13.390554,54.649162
13.3855550000001,54.644997
13.383055,54.6388850000001
