"V1","V2"
-67.3105469999999,69.5491490000001
-67.324173,69.533875
-67.33168,69.5313720000001
-67.351105,69.5308230000001
-67.388611,69.5330510000001
-67.4730529999999,69.533875
-67.492767,69.5330510000001
-67.530838,69.52916
-67.5452729999999,69.5258180000001
-67.55249,69.5230410000001
-67.5494379999999,69.519714
-67.507233,69.514999
-67.4999999999999,69.5128330000001
-67.498886,69.5124970000001
-67.48999,69.508606
-67.4816739999999,69.5000000000001
-67.4924929999999,69.495529
-67.507782,69.4949800000001
-67.573624,69.5066530000001
-67.5855559999999,69.5074920000001
-67.598892,69.5063780000001
-67.626663,69.5005490000001
-67.6422269999999,69.500275
-67.7319489999999,69.5136110000001
-67.7444459999999,69.515823
-67.749725,69.521103
-67.7394409999999,69.5408170000001
-67.730835,69.5444340000001
-67.723053,69.545258
-67.70723,69.5444340000001
-67.686661,69.541092
-67.6747129999999,69.540268
-67.66333,69.5419309999999
-67.578064,69.559708
-67.5502779999999,69.5655360000001
-67.541382,69.569153
-67.531387,69.576385
-67.527222,69.58194
-67.484436,69.5902710000001
-67.4250029999999,69.5888820000001
-67.394455,69.5849910000001
-67.3672179999999,69.5783230000001
-67.321396,69.560532
-67.314438,69.5566410000001
-67.309433,69.552765
-67.3105469999999,69.5491490000001
