"V1","V2"
134.831909,-6.47194500000001
134.82663,-6.47333300000003
134.816071,-6.47000000000003
134.80719,-6.46527800000001
134.799713,-6.45916699999992
134.796356,-6.45555599999994
134.792206,-6.44611099999997
134.788025,-6.393056
134.789429,-6.38750099999993
134.793579,-6.37805599999996
134.84079,-6.29305599999998
134.851074,-6.289444
134.858002,-6.289444
134.86969,-6.29166699999996
134.87439,-6.29361199999988
134.882721,-6.29916699999995
134.884705,-6.30388799999997
134.885498,-6.30849899999998
134.888885,-6.32555600000001
134.888885,-6.33249999999998
134.886932,-6.34388899999993
134.838287,-6.46444500000001
134.83609,-6.46916700000003
134.831909,-6.47194500000001
