"V1","V2"
-160.95694,58.556938
-161.085266,58.5547100000001
-161.09082,58.559158
-161.086121,58.5858230000001
-161.113098,58.655273
-161.063049,58.699715
-161.057495,58.7038800000001
-161.042236,58.709991
-160.947784,58.740273
-160.936127,58.7419360000001
-160.884186,58.7463840000001
-160.864166,58.7508320000001
-160.847229,58.7563860000001
-160.775299,58.783333
-160.761414,58.789993
-160.757507,58.7944409999999
-160.746368,58.802216
-160.695557,58.818886
-160.687225,58.8183290000001
-160.686951,58.813324
-160.689453,58.8083270000001
-160.902496,58.5783310000001
-160.911682,58.5697170000001
-160.925568,58.5630490000001
-160.943878,58.5580440000001
-160.95694,58.556938
