"V1","V2"
119.832489,11.376942
119.829163,11.376663
119.814148,11.3805520000001
119.765266,11.40111
119.74942,11.4152760000001
119.729431,11.4333320000001
119.727768,11.436665
119.714706,11.465275
119.713608,11.4711090000001
119.713608,11.474442
119.714706,11.4761090000001
119.809143,11.520832
119.812187,11.521944
119.818329,11.5213870000001
119.844147,11.517221
119.85054,11.5158330000001
119.853317,11.5147210000001
119.871368,11.5066660000001
119.874977,11.503054
119.877472,11.493053
119.873032,11.45083
119.868317,11.437777
119.857208,11.411388
119.837769,11.3797190000001
119.832489,11.376942
