"V1","V2"
167.479126,-13.948334
167.468292,-13.951111
167.457184,-13.8975009999999
167.454681,-13.8933329999999
167.447205,-13.886389
167.413025,-13.8561099999999
167.38916,-13.837221
167.386658,-13.833055
167.385529,-13.827223
167.387482,-13.7716669999999
167.389709,-13.766945
167.407745,-13.742222
167.414703,-13.734999
167.418579,-13.731667
167.431641,-13.724167
167.464966,-13.708611
167.469971,-13.706944
167.476624,-13.7066669999999
167.487732,-13.7099989999999
167.506653,-13.718611
167.524414,-13.7469439999999
167.577759,-13.8472209999999
167.572754,-13.860832
167.486633,-13.941668
167.483032,-13.945
167.479126,-13.948334
