"V1","V2"
57.204712,70.508881
57.125549,70.490265
57.105553,70.4905400000001
57.081665,70.4941410000001
57.0569380000001,70.500458
57.017212,70.5063780000001
56.965828,70.5174870000001
56.915825,70.5377660000001
56.906097,70.5433200000001
56.853882,70.580551
56.844711,70.592758
56.84166,70.5991520000001
56.854713,70.601929
56.8738779999999,70.598877
57.140831,70.550262
57.1983260000001,70.537201
57.215271,70.532486
57.2249910000001,70.526932
57.224159,70.5202640000001
57.219711,70.5133210000001
57.204712,70.508881
