"V1","V2"
11.062777,63.7597200000001
11.034721,63.7438890000001
11.0222210000001,63.7447200000001
11.0172210000001,63.7491610000001
11.0141660000001,63.7541660000001
11.0141660000001,63.760277
11.0175000000001,63.7663880000001
11.0222210000001,63.77166
11.028055,63.7763820000001
11.054722,63.797775
11.064722,63.799995
11.147499,63.8086090000001
11.2072220000001,63.8141630000001
11.2227760000001,63.8133320000001
11.2277769999999,63.8088840000001
11.2294429999999,63.8030550000001
11.224722,63.797775
11.216389,63.7963870000001
11.2036090000001,63.795555
11.1486110000001,63.7902760000001
11.113609,63.7786100000001
11.0700000000001,63.763611
11.062777,63.7597200000001
