"V1","V2"
167.009979,-45.31028
167.000549,-45.3125
166.990234,-45.31028
166.926361,-45.280556
166.918854,-45.27639
166.913025,-45.271667
166.891357,-45.2502819999999
166.890808,-45.241943
166.904144,-45.215004
166.9086,-45.208611
166.955231,-45.157501
166.962189,-45.1533279999999
166.971619,-45.164719
166.971344,-45.166664
166.970795,-45.185829
166.972748,-45.193329
166.984955,-45.2288819999999
166.991058,-45.233887
167.006104,-45.241943
167.010803,-45.2477799999999
167.029694,-45.296394
167.030273,-45.3047179999999
167.009979,-45.31028
