"V1","V2"
-133.598328,55.2338790000001
-133.606384,55.2322080000001
-133.644165,55.2588880000001
-133.653076,55.267212
-133.685547,55.30555
-133.683075,55.311104
-133.653625,55.3694380000001
-133.648895,55.374435
-133.637787,55.3827669999999
-133.58667,55.4172130000001
-133.57251,55.42083
-133.561951,55.419991
-133.44696,55.4102710000001
-133.447784,55.399994
-133.443054,55.374435
-133.447784,55.3694380000001
-133.503082,55.348602
-133.559174,55.3172150000001
-133.560547,55.311104
-133.591949,55.2372130000001
-133.598328,55.2338790000001
