"V1","V2"
96.766937,75.9752660000001
96.738312,75.9747010000001
96.719986,75.978867
96.7055510000001,75.983597
96.6991420000001,75.989975
96.694427,76.0036010000001
96.695816,76.0113830000001
96.7099910000001,76.016663
96.726929,76.021103
96.766937,76.028046
97.202209,76.08638
97.3372800000001,76.1020810000001
97.326935,76.0924840000001
97.312485,76.086929
97.114426,76.021103
97.0830540000001,76.0113830000001
97.065811,76.0069430000001
97.0260930000001,76.0000000000001
96.9147030000001,75.9863740000001
96.8919370000001,75.9838710000001
96.766937,75.9752660000001
