"V1","V2"
-50.863892,-1.91083299999997
-50.849167,-1.98055599999998
-50.8461149999999,-2.00388900000002
-50.8875049999999,-1.99694499999993
-50.919525,-1.97423500000002
-50.943745,-1.96363799999995
-50.970741,-1.98432700000001
-50.98806,-1.99361099999993
-51.0361179999999,-1.97583300000002
-51.047783,-1.96694400000001
-51.1094509999999,-1.90472199999999
-51.14389,-1.86361099999999
-51.148338,-1.854445
-51.14917,-1.84833300000003
-51.148338,-1.82861099999997
-51.145836,-1.82444499999997
-51.140839,-1.82249999999999
-51.065002,-1.82388900000001
-51.058617,-1.82444499999997
-50.981117,-1.84972199999993
-50.971672,-1.85388899999992
-50.8675,-1.90722199999999
-50.863892,-1.91083299999997
