"V1","V2"
127.66832,-8.24444399999987
127.654709,-8.24444399999987
127.643051,-8.24249799999996
127.60582,-8.20694399999996
127.646378,-8.17916700000001
127.666946,-8.16557299999994
127.670258,-8.16222199999999
127.696373,-8.15416699999997
127.702477,-8.15361200000001
127.709427,-8.15361200000001
127.714996,-8.15472199999999
127.736099,-8.16083299999997
127.754707,-8.17027899999994
127.762207,-8.17666600000001
127.771103,-8.18888900000002
127.773041,-8.19361099999998
127.77388,-8.19972199999995
127.76915,-8.20833399999987
127.765549,-8.21194500000001
127.761383,-8.21444500000001
127.751938,-8.21861100000001
127.695824,-8.23749899999996
127.679977,-8.24249799999996
127.66832,-8.24444399999987
