"V1","V2"
-53.070839,66.8660890000001
-53.205833,66.8227690000001
-53.305,66.8252720000001
-53.464165,66.7988740000001
-53.448608,66.8308260000001
-53.443329,66.8366550000001
-53.4155499999999,66.8494260000001
-53.386948,66.8613740000001
-53.356667,66.8713680000001
-53.3458329999999,66.8738710000001
-53.2552799999999,66.888596
-53.221107,66.89415
-53.195549,66.8961029999999
-52.94416,66.9024810000001
-52.876389,66.8991550000001
-52.868233,66.8972170000001
-52.971382,66.8888850000001
-52.9961089999999,66.886383
-53.0188899999999,66.882477
-53.059998,66.86998
-53.070839,66.8660890000001
