"V1","V2"
-55.589722,73.3810880000001
-55.6027829999999,73.378036
-55.626389,73.3788600000001
-55.728333,73.3838810000001
-55.743614,73.3880460000001
-55.751671,73.392212
-55.75296,73.399734
-55.747498,73.40332
-55.739166,73.4063720000001
-55.712776,73.4119260000001
-55.686386,73.475815
-55.8304439999999,73.484657
-56.115837,73.556641
-56.109169,73.56192
-56.100555,73.5652620000001
-56.0505519999999,73.5760960000001
-56.036118,73.5758210000001
-55.943054,73.5702670000001
-55.906105,73.538315
-55.8999939999999,73.535263
-55.875832,73.5283200000001
-55.841385,73.5224910000001
-55.748337,73.507492
-55.711834,73.5038220000001
-55.604446,73.4808200000001
-55.534172,73.462204
-55.523613,73.458328
-55.494164,73.44693
-55.485832,73.4433140000001
-55.4708329999999,73.4319310000001
-55.472771,73.427765
-55.4788819999999,73.4238740000001
-55.589722,73.3810880000001
