"V1","V2"
-74.329453,39.421661
-74.351395,39.404434
-74.365829,39.3947140000001
-74.3758999999999,39.3883740000001
-74.376099,39.3872150000001
-74.386673,39.3836060000001
-74.394455,39.3824920000001
-74.4080509999999,39.3811040000001
-74.4116669999999,39.3811040000001
-74.415833,39.3827670000001
-74.418335,39.3838809999999
-74.426323,39.3957100000001
-74.440552,39.4019320000001
-74.444153,39.406937
-74.446655,39.414711
-74.442215,39.419991
-74.431137,39.422348
-74.4173359999999,39.4111140000001
-74.376251,39.420742
-74.361168,39.4457780000001
-74.363731,39.4611849999999
-74.354996,39.4736020000001
-74.348053,39.474434
-74.3399959999999,39.4738770000001
-74.3077699999999,39.465271
-74.301392,39.4624940000001
-74.3005519999999,39.4599910000001
-74.301392,39.455269
-74.329453,39.421661
