"V1","V2"
11.9741650000001,65.6269380000001
11.900555,65.5830540000001
11.9033320000001,65.5961
11.896111,65.5999909999999
11.8630540000001,65.6116640000001
11.808887,65.61055
11.7994439999999,65.6077730000001
11.7913880000001,65.603882
11.778332,65.604721
11.7672210000001,65.6074980000001
11.760277,65.6113740000001
11.75861,65.6169429999999
11.7697220000001,65.634995
11.7786100000001,65.646378
11.7925000000001,65.663055
11.8027759999999,65.6735990000001
11.814722,65.683319
11.830555,65.6908260000001
11.8944440000001,65.704437
11.908054,65.7049870000001
11.9936099999999,65.698608
12.0008320000001,65.694717
12.0075000000001,65.6847079999999
12.008888,65.6788790000001
12.0052780000001,65.6730500000001
11.9741650000001,65.6269380000001
