"V1","V2"
11.0005550000001,79.7402650000001
11.013611,79.7355350000001
11.0033320000001,79.7308200000001
10.9730529999999,79.729156
10.9252759999999,79.7341460000001
10.8630519999999,79.7363740000001
10.82472,79.7358090000001
10.755278,79.7366490000001
10.6688879999999,79.741364
10.6449990000001,79.743866
10.6391660000001,79.7500000000001
10.65111,79.761108
10.6611100000001,79.7658230000001
10.693331,79.77388
10.756109,79.7833250000001
10.783888,79.781662
10.8677750000001,79.7719270000001
10.9011100000001,79.7641599999999
11.0005550000001,79.7402650000001
