"V1","V2"
53.442215,80.4849850000001
53.4288790000001,80.4816590000001
53.3899920000001,80.482758
53.3519360000001,80.4860990000001
53.3011020000001,80.494705
53.2563860000001,80.5036010000001
53.236938,80.508331
53.214447,80.515747
53.205551,80.5205379999999
53.1988750000001,80.5260930000001
53.197487,80.538315
53.214439,80.55748
53.2263790000001,80.5644230000001
53.262772,80.5788730000001
53.2836070000001,80.585266
53.301659,80.5924840000001
53.3011020000001,80.598328
53.2755510000001,80.6027680000001
53.150543,80.611099
53.118599,80.6147
53.1052700000001,80.6199800000001
53.14138,80.6488800000001
53.1586,80.65387
53.1874920000001,80.6569369999999
53.216934,80.65416
53.398605,80.626648
53.5386050000001,80.533875
53.545547,80.5283200000001
53.5458300000001,80.5222170000001
53.5338820000001,80.515549
53.442215,80.4849850000001
