"V1","V2"
-118.289169,28.8816640000001
-118.302231,28.881107
-118.304459,28.9172209999999
-118.302231,28.9194410000001
-118.305847,28.9363860000001
-118.313606,28.969166
-118.315292,28.97472
-118.332779,29.023331
-118.337509,29.0327760000001
-118.347504,29.051388
-118.355293,29.058331
-118.38501,29.0733300000001
-118.392792,29.0802760000001
-118.400558,29.0938870000001
-118.404167,29.147778
-118.404167,29.153332
-118.389183,29.1730540000001
-118.381393,29.179996
-118.376678,29.1824990000001
-118.365013,29.1861079999999
-118.342789,29.189999
-118.310013,29.195274
-118.303886,29.1938860000001
-118.300568,29.191109
-118.249733,29.0747180000001
-118.24057,29.0419430000001
-118.238342,29.0302770000001
-118.237228,28.953331
-118.238068,28.946941
-118.243622,28.9244420000001
-118.245827,28.9197199999999
-118.263344,28.886944
-118.268066,28.88361
-118.289169,28.8816640000001
