"V1","V2"
-75.176117,-48.999725
-75.1855619999999,-49
-75.194733,-48.9986109999999
-75.206528,-48.994659
-75.226395,-48.9669489999999
-75.312225,-48.8063959999999
-75.3124999999999,-48.800003
-75.3066709999999,-48.796951
-75.2775119999999,-48.798889
-75.227509,-48.809448
-75.212509,-48.8138959999999
-75.184448,-48.8238909999999
-75.150558,-48.837784
-75.12001,-48.853058
-75.114182,-48.8561169999999
-75.1050109999999,-48.8636169999999
-75.0963899999999,-48.871674
-75.0822299999999,-48.889168
-75.0772249999999,-48.89917
-75.059723,-48.9466709999999
-75.058334,-48.952507
-75.060287,-48.958336
-75.063339,-48.96389
-75.0672299999999,-48.968338
-75.072784,-48.971672
-75.168335,-48.9980619999999
-75.176117,-48.999725
