"V1","V2"
-126.273064,50.6527710000001
-126.463333,50.6416629999999
-126.568069,50.6483310000001
-126.584167,50.650269
-126.598892,50.6541599999999
-126.606377,50.6572110000001
-126.612503,50.6599880000001
-126.617493,50.6649930000001
-126.617493,50.66777
-126.545837,50.726097
-126.43721,50.7838820000001
-126.389717,50.806381
-126.382217,50.808044
-126.280563,50.828331
-126.266403,50.827774
-126.258057,50.824715
-126.253891,50.8219380000001
-126.251717,50.8189320000001
-126.238327,50.8111040000001
-126.229446,50.8033220000001
-126.178329,50.7508320000001
-126.177223,50.7486040000001
-126.176666,50.7438810000001
-126.253052,50.6996460000001
-126.256119,50.6613770000001
-126.260834,50.6572110000001
-126.266403,50.6547090000001
-126.273064,50.6527710000001
