"V1","V2"
-102.145279,69.648605
-102.160278,69.648331
-102.178329,69.651093
-102.210281,69.662201
-102.226097,69.6702580000001
-102.231667,69.6746980000001
-102.243057,69.6941380000001
-102.243607,69.704437
-102.241379,69.710266
-102.234161,69.71666
-102.225563,69.721924
-102.215843,69.7266540000001
-102.157784,69.7360990000001
-102.134743,69.7247010000001
-102.12944,69.7202610000001
-102.123322,69.712769
-102.12027,69.708038
-102.117218,69.697754
-102.115547,69.666656
-102.118057,69.6608120000001
-102.122772,69.6549840000001
-102.132217,69.650543
-102.145279,69.648605
