"V1","V2"
145.057739,-4.13527799999991
145.050812,-4.13527799999991
145.041351,-4.13249999999994
145.037201,-4.12999999999994
145.031647,-4.12166599999995
145.027771,-4.11222199999997
145.026367,-4.10666700000002
145.022217,-4.07666699999999
145.026367,-4.06694499999992
145.031647,-4.05888800000002
145.036652,-4.05666599999995
145.068848,-4.04499999999996
145.079132,-4.04777799999994
145.09552,-4.05888800000002
145.101624,-4.06638800000002
145.107178,-4.07527799999997
145.110504,-4.09222199999994
145.109955,-4.09833300000003
145.094696,-4.12444399999998
145.092194,-4.12833299999994
145.088013,-4.13138899999996
145.083313,-4.13333299999994
145.057739,-4.13527799999991
