"V1","V2"
122.635269,10.4436089999999
122.610809,10.43222
122.594147,10.4333320000001
122.565811,10.429165
122.543869,10.4030530000001
122.525543,10.404165
122.520828,10.407499
122.517212,10.413332
122.480553,10.47583
122.479713,10.487776
122.518883,10.584997
122.524429,10.5933299999999
122.543587,10.6197190000001
122.617203,10.70722
122.65387,10.7452749999999
122.659416,10.748331
122.669144,10.746386
122.675262,10.7433300000001
122.709991,10.719442
122.715271,10.715275
122.717209,10.7124980000001
122.722763,10.691109
122.729431,10.638611
122.731087,10.617775
122.685257,10.5041660000001
122.669434,10.4744420000001
122.66748,10.4722189999999
122.635269,10.4436089999999
