"V1","V2"
-124.307503,73.5563660000001
-124.33168,73.5563660000001
-124.343613,73.559982
-124.351936,73.5711060000001
-124.358612,73.6302640000001
-124.346123,73.633606
-124.33139,73.6363830000001
-124.307503,73.6322020000001
-124.303329,73.626648
-124.293877,73.6224819999999
-124.282227,73.6188660000001
-124.268066,73.616089
-124.210281,73.6113740000001
-124.193604,73.609146
-124.179443,73.6063690000001
-124.16777,73.6030430000001
-124.14917,73.5947110000001
-124.126663,73.580826
-124.11972,73.5758210000001
-124.115547,73.570541
-124.113892,73.5641480000001
-124.126389,73.560806
-124.307503,73.5563660000001
