"V1","V2"
-81.1061099999999,53.199715
-81.0877839999999,53.179436
-81.045273,53.1486050000001
-80.9788819999999,53.113052
-80.973618,53.109436
-80.809433,52.9769360000001
-80.775009,52.9444349999999
-80.7633359999999,52.931381
-80.669159,52.7769390000001
-80.66777,52.7719350000001
-80.667496,52.7594380000001
-80.6708369999999,52.7458270000001
-80.6730499999999,52.740547
-80.699722,52.6960980000001
-80.705002,52.692215
-80.712509,52.689156
-80.720551,52.6883240000001
-80.731674,52.688881
-80.739166,52.691376
-80.749161,52.698875
-80.753067,52.703323
-80.765839,52.709717
-80.797501,52.7191539999999
-80.815002,52.723045
-80.8613889999999,52.731102
-80.898895,52.7374950000001
-80.918884,52.7402729999999
-80.9955439999999,52.7461010000001
-81.0155639999999,52.7486040000001
-81.024445,52.750549
-81.1380619999999,52.7880480000001
-81.153061,52.793053
-81.198883,52.8141560000001
-81.2127839999999,52.819992
-81.251953,52.8324970000001
-81.287216,52.8399890000001
-81.3691559999999,52.8561020000001
-81.4172209999999,52.8630520000001
-81.5844419999999,52.8891600000001
-81.64917,52.9072110000001
-81.7636259999999,52.937767
-81.781387,52.9416580000001
-81.811661,52.9452670000001
-81.8341669999999,52.946381
-81.881378,52.954163
-81.916656,52.961662
-81.933319,52.965828
-81.949722,52.971375
-81.9627839999999,52.9769360000001
-82.049988,53.014442
-82.0566559999999,53.0174940000001
-82.061661,53.0211029999999
-82.0633239999999,53.0266570000001
-82.060272,53.031937
-82.053329,53.041939
-82.049164,53.046661
-81.974716,53.113884
-81.9652859999999,53.122215
-81.954178,53.1299900000001
-81.910828,53.1588820000001
-81.892227,53.168327
-81.864441,53.1786040000001
-81.8480529999999,53.181664
-81.826111,53.181381
-81.7147219999999,53.188599
-81.54306,53.2091600000001
-81.3852839999999,53.224991
-81.3749999999999,53.224991
-81.295547,53.217766
-81.116394,53.2008290000001
-81.1061099999999,53.199715
