"V1","V2"
-76.682495,34.702217
-76.68306,34.6974870000001
-76.686386,34.695824
-76.6899869999999,34.6952670000001
-76.703064,34.6944350000001
-76.77417,34.699158
-76.798889,34.7005460000001
-76.8041689999999,34.700272
-76.8422239999999,34.6972119999999
-76.993057,34.672218
-77.045547,34.6616590000001
-77.07251,34.6524890000001
-77.093338,34.6438830000001
-77.0961149999999,34.6458280000001
-77.098053,34.650543
-77.09639,34.6563800000001
-77.093887,34.659431
-77.0888979999999,34.661377
-77.04277,34.6716610000001
-76.9902799999999,34.682213
-76.955566,34.6877670000001
-76.9311069999999,34.691376
-76.814713,34.7052690000001
-76.802216,34.706657
-76.77417,34.707497
-76.717224,34.7072140000001
-76.69249,34.7063830000001
-76.682495,34.702217
