"V1","V2"
11.4536090000001,64.51416
11.418055,64.471939
11.4072210000001,64.478043
11.2827760000001,64.5094300000001
11.2705550000001,64.5113830000001
11.255833,64.5116580000001
11.2324980000001,64.508606
11.2116660000001,64.5041659999999
11.19861,64.5036010000001
11.18611,64.5041659999999
11.175554,64.506943
11.0444430000001,64.5938870000001
11.0394439999999,64.598328
11.0377770000001,64.604156
11.038055,64.6163790000001
11.0386100000001,64.628876
11.043333,64.634155
11.073889,64.6491550000001
11.086943,64.6499940000001
11.25,64.599442
11.448889,64.524994
11.4538880000001,64.520554
11.4536090000001,64.51416
