"V1","V2"
8.1622220000001,63.361382
8.15694400000001,63.3566670000001
8.13110900000009,63.3416599999999
8.093054,63.3272170000001
8.0833320000001,63.324715
7.985277,63.308884
7.99500000000012,63.339722
7.99138800000003,63.3444440000001
7.982778,63.347496
7.92416600000001,63.3572160000001
7.87777699999998,63.35527
7.80333300000012,63.362778
7.79416700000007,63.371941
7.78500000000008,63.3813860000001
7.78277700000001,63.3869400000001
7.77833300000003,63.40583
7.78055499999999,63.410553
7.98805499999997,63.4669420000001
8.0158330000001,63.467499
8.07611100000003,63.467216
8.09166499999998,63.46666
8.09860999999995,63.463051
8.17416599999996,63.401665
8.17944299999999,63.3972170000001
8.18361100000004,63.386108
8.1622220000001,63.361382
