"V1","V2"
-131.325836,54.856941
-131.333893,54.8555530000001
-131.344452,54.8566590000001
-131.378052,54.863609
-131.473877,54.9113770000001
-131.482208,54.919991
-131.484711,54.9247130000001
-131.482758,54.9308240000001
-131.478882,54.9363780000001
-131.473877,54.9413760000001
-131.468048,54.9455410000001
-131.454987,54.951935
-131.447784,54.9541630000001
-131.253357,54.998878
-131.243317,54.9986040000001
-131.236389,54.9952699999999
-131.23526,54.9899900000001
-131.238312,54.986382
-131.241669,54.9797130000001
-131.243591,54.973602
-131.241364,54.931381
-131.22583,54.9249950000001
-131.206116,54.920273
-131.197784,54.9174960000001
-131.190552,54.914154
-131.190277,54.9099880000001
-131.194458,54.90416
-131.233887,54.8772130000001
-131.325836,54.856941
