"V1","V2"
-51.90139,-1.47666700000002
-51.911667,-1.47666700000002
-51.920563,-1.47472199999993
-51.9286119999999,-1.47055599999993
-51.938614,-1.46361099999996
-51.945282,-1.45611099999996
-51.948616,-1.44861099999997
-51.9513929999999,-1.43972200000002
-51.9522249999999,-1.43083300000001
-51.949448,-1.42333299999996
-51.94445,-1.414444
-51.926117,-1.38972199999995
-51.900558,-1.34944499999995
-51.8883359999999,-1.32749999999999
-51.883614,-1.31722200000002
-51.8800049999999,-1.30694499999993
-51.878059,-1.290278
-51.8808359999999,-1.27388899999994
-51.8891679999999,-1.24861099999993
-51.891113,-1.23888899999992
-51.891945,-1.22944499999994
-51.891945,-1.22055599999999
-51.8891679999999,-1.19444499999997
-51.887779,-1.18694399999998
-51.8850019999999,-1.17888899999997
-51.8775019999999,-1.17333300000001
-51.8691709999999,-1.16972199999992
-51.843338,-1.16583300000002
-51.8094479999999,-1.16444399999995
-51.792503,-1.16222199999993
-51.7238919999999,-1.14111099999997
-51.715836,-1.13611100000003
-51.690559,-1.11916699999995
-51.673889,-1.10055599999998
-51.6622239999999,-1.08333299999993
-51.652504,-1.05555600000002
-51.652229,-1.04722199999992
-51.652504,-1.03833299999997
-51.656113,-1.020556
-51.659729,-1.01277800000003
-51.661667,-1.00388899999996
-51.664452,-0.985555999999974
-51.666946,-0.948610999999971
-51.665001,-0.900555999999995
-51.65834,-0.873888999999963
-51.609726,-0.733888999999976
-51.553337,-0.660555999999929
-51.545837,-0.652499999999975
-51.529167,-0.637499999999989
-51.503891,-0.618888999999967
-51.4883349999999,-0.608610999999996
-51.398338,-0.550277999999935
-51.38195,-0.541388999999981
-51.374451,-0.539999999999964
-51.303894,-0.534721999999988
-51.199722,-0.529166999999973
-51.196945,-0.53138899999999
-51.1866679999999,-0.551667000000009
-51.181114,-0.566943999999978
-51.151947,-0.651944999999955
-51.148338,-0.669721999999922
-51.150284,-0.678610999999989
-51.1538929999999,-0.686667
-51.188614,-0.754722000000015
-51.203896,-0.782778000000008
-51.212227,-0.798333000000014
-51.222504,-0.823889000000008
-51.243057,-0.894444000000021
-51.260002,-0.972500000000025
-51.263336,-0.988333000000011
-51.2716669999999,-1.01416699999993
-51.281952,-1.02583299999998
-51.3430559999999,-1.05805600000002
-51.351952,-1.068333
-51.365562,-1.08694500000001
-51.376114,-1.10416699999996
-51.386116,-1.12111099999993
-51.4002839999999,-1.147222
-51.433334,-1.19388899999996
-51.450005,-1.21083399999992
-51.466949,-1.22749999999996
-51.4833369999999,-1.24027799999993
-51.557503,-1.29305599999998
-51.675285,-1.37388899999996
-51.737503,-1.41583299999996
-51.789726,-1.44944499999997
-51.7986149999999,-1.45333299999999
-51.8061139999999,-1.45555599999994
-51.882782,-1.47472199999993
-51.90139,-1.47666700000002
