"V1","V2"
-124.446114,49.7233200000001
-124.4375,49.7230450000001
-124.428879,49.723877
-124.410004,49.7230450000001
-124.381378,49.7133260000001
-124.351387,49.6980440000001
-124.332779,49.6833270000001
-124.134743,49.525269
-124.132217,49.520271
-124.124161,49.4991610000001
-124.122772,49.4936070000001
-124.127487,49.489716
-124.134171,49.4874950000001
-124.141678,49.4858250000001
-124.14917,49.486107
-124.155273,49.488602
-124.281387,49.546661
-124.405838,49.605827
-124.438049,49.628876
-124.442207,49.638046
-124.476669,49.6719360000001
-124.539665,49.692768
-124.552498,49.697105
-124.561676,49.6999359999999
-124.614166,49.713608
-124.627213,49.7191540000001
-124.654167,49.7361070000001
-124.660828,49.7427670000001
-124.656662,49.7969439999999
-124.651108,49.7999950000001
-124.619453,49.797218
-124.604446,49.7894360000001
-124.599442,49.784439
-124.590286,49.7716599999999
-124.56234,49.753326
-124.559334,49.751495
-124.49472,49.73333
-124.446114,49.7233200000001
