"V1","V2"
-95.6597289999999,77.0588680000001
-95.5855559999999,77.0533140000001
-95.560822,77.053589
-95.4652859999999,77.0583190000001
-95.41777,77.056931
-95.386673,77.0524750000001
-95.368332,77.048599
-95.3372189999999,77.0399780000001
-95.2880549999999,77.0224910000001
-95.2247159999999,77.006378
-95.1819459999999,76.9963680000001
-95.168335,76.9941410000001
-95.115829,76.995819
-95,76.99054
-94.9063869999999,76.976089
-94.8138889999999,76.971375
-94.728607,76.9727629999999
-94.714172,76.9738770000001
-94.688599,76.9752660000001
-94.636124,76.976929
-94.593063,76.97554
-94.526398,76.9694370000001
-94.5100099999999,76.966095
-94.4941559999999,76.9602659999999
-94.489716,76.9561
-94.401947,76.91832
-94.257782,76.8963780000001
-94.25473,76.891373
-94.238892,76.8894350000001
-94.2072299999999,76.8880460000001
-94.159729,76.887497
-94.09639,76.8888850000001
-94.08168,76.8902740000001
-94.0549929999999,76.8947140000001
-94.0322269999999,76.90332
-94.026108,76.909149
-94.010559,76.9191440000001
-94.0011139999999,76.923599
-93.986664,76.928864
-93.964722,76.9324800000001
-93.9436039999999,76.933868
-93.8999939999999,76.933319
-93.7550049999999,76.922485
-93.739166,76.920822
-93.6583399999999,76.909988
-93.649445,76.908035
-93.641953,76.9052580000001
-93.635834,76.89888
-93.488602,76.8397060000001
-93.301392,76.7686
-93.208054,76.746933
-93.2027889999999,76.7474819999999
-93.192215,76.747208
-93.1874999999999,76.745529
-93.1797179999999,76.741089
-93.169724,76.68692
-93.174438,76.674988
-93.186386,76.660812
-93.3002779999999,76.5522
-93.3066559999999,76.546646
-93.461395,76.498322
-93.595276,76.462494
-93.62999,76.451935
-93.641953,76.4472050000001
-93.651947,76.44165
-93.6522219999999,76.4377590000001
-93.650284,76.4355320000001
-93.5483399999999,76.3861080000001
-93.52861,76.38472
-93.509445,76.3866580000001
-93.498337,76.388885
-93.4636229999999,76.3994290000001
-93.456955,76.4035950000001
-93.4674,76.407928
-93.48056,76.409927
-93.500839,76.4102630000001
-93.508896,76.4066470000001
-93.520554,76.4058230000001
-93.537781,76.407486
-93.554993,76.4113770000001
-93.570847,76.4163820000001
-93.580566,76.4230350000001
-93.576401,76.426651
-93.533066,76.4430390000001
-93.51889,76.448318
-93.5014039999999,76.4522090000001
-93.476562,76.4547729999999
-93.454224,76.4564360000001
-93.422226,76.4583280000001
-93.392776,76.4616550000001
-93.37027,76.4663850000001
-93.3572239999999,76.4705350000001
-93.1236109999999,76.573044
-93.1111149999999,76.5802760000001
-93.095276,76.590546
-93.0969539999999,76.5966490000001
-93.099731,76.601654
-93.0463869999999,76.6160890000001
-92.945831,76.622482
-92.903061,76.6219180000001
-92.88028,76.620819
-92.8572239999999,76.618317
-92.7897189999999,76.6091460000001
-92.705276,76.5944370000001
-92.683609,76.5924840000001
-92.654999,76.594711
-92.642502,76.598038
-92.632767,76.6024780000001
-92.618057,76.607483
-92.605835,76.6105350000001
-92.5644379999999,76.6160890000001
-92.5411069999999,76.6177520000001
-92.506393,76.617477
-92.468338,76.613037
-92.440826,76.6033170000001
-92.4211119999999,76.598038
-92.400558,76.594986
-92.386948,76.593872
-92.3686069999999,76.5944370000001
-92.330841,76.597214
-92.183319,76.6146999999999
-92.077499,76.637207
-92.0436099999999,76.6469420000001
-92.0043329999999,76.6578979999999
-91.991943,76.660812
-91.970001,76.664429
-91.938599,76.6683200000001
-91.9100039999999,76.6705320000001
-91.7755579999999,76.679703
-91.6686099999999,76.6847080000001
-91.5358279999999,76.6888730000001
-91.4105529999999,76.6891480000001
-91.385284,76.6883090000001
-91.132767,76.664429
-91.0088959999999,76.6516570000001
-90.986115,76.6491550000001
-90.8838959999999,76.626648
-90.871384,76.6227570000001
-90.854721,76.61554
-90.8499909999999,76.6091460000001
-90.8441619999999,76.6035920000001
-90.8372189999999,76.5991520000001
-90.81778,76.593597
-90.779999,76.5858150000001
-90.741104,76.5805510000001
-90.674438,76.5733180000001
-90.626389,76.5699920000001
-90.582504,76.565262
-90.563614,76.559708
-90.5030669999999,76.5313720000001
-90.4986109999999,76.5249939999999
-90.468613,76.479156
-90.468063,76.4730380000001
-90.4833219999999,76.468048
-90.510834,76.4638820000001
-90.5380549999999,76.46138
-90.616104,76.456375
-90.6383359999999,76.4558260000001
-90.779175,76.461105
-90.826401,76.463043
-91.0905609999999,76.4780430000001
-91.304169,76.5041660000001
-91.349731,76.5094300000001
-91.3738859999999,76.511108
-91.4147189999999,76.512772
-91.441101,76.512772
-91.564163,76.500824
-91.566666,76.498871
-91.416397,76.460266
-91.402496,76.457489
-91.2711179999999,76.4538730000001
-91.147507,76.450821
-91.05722,76.4505460000001
-90.991104,76.4477540000001
-90.974167,76.4460910000001
-90.7977749999999,76.426926
-90.642227,76.4105379999999
-90.4144439999999,76.403046
-90.368332,76.399994
-90.3172299999999,76.394714
-90.281387,76.38916
-90.063614,76.3616489999999
-89.8313899999999,76.340271
-89.5438839999999,76.31694
-89.367767,76.304153
-89.305557,76.299149
-89.292496,76.2960970000001
-89.2305599999999,76.272766
-89.2177729999999,76.2666630000001
-89.2086179999999,76.260818
-89.2011109999999,76.2541660000001
-89.192215,76.2422030000001
-89.19249,76.236099
-89.1986079999999,76.2252660000001
-89.209167,76.2211
-89.2955469999999,76.1977540000001
-89.3264009999999,76.189423
-89.349731,76.183594
-89.378052,76.1802670000001
-89.5883329999999,76.1658169999999
-89.831955,76.1608120000001
-89.8886109999999,76.166092
-89.904175,76.1688690000001
-89.976105,76.1738740000001
-90.373322,76.1813660000001
-90.397781,76.1805420000001
-90.416946,76.178864
-90.438599,76.1755370000001
-90.453613,76.170532
-90.455841,76.167206
-90.455566,76.165543
-90.438599,76.1622010000001
-90.4144439999999,76.1599879999999
-90.2569579999999,76.146942
-90.222229,76.1444400000001
-90.1516719999999,76.1416630000001
-90.0641629999999,76.1369320000001
-90.048615,76.132751
-90.063614,76.1277620000001
-90.0852809999999,76.1244200000001
-90.110825,76.124146
-90.308884,76.1383210000001
-90.448608,76.154984
-90.666397,76.166931
-90.786118,76.1713710000001
-90.9372099999999,76.1808170000001
-91.1122129999999,76.1919249999999
-91.2047269999999,76.2127690000001
-91.219727,76.2183230000001
-91.2569579999999,76.2272030000001
-91.274445,76.23027
-91.423615,76.2538760000001
-91.4458309999999,76.256653
-91.5713959999999,76.2652740000001
-91.597229,76.2649990000001
-91.613617,76.262207
-91.599731,76.2561040000001
-91.579453,76.2516630000001
-91.416656,76.2252660000001
-91.332779,76.214157
-91.33667,76.178589
-91.2719419999999,76.1558229999999
-91.220276,76.1616519999999
-91.203339,76.1613770000001
-91.16333,76.159714
-91.116653,76.1563720000001
-90.882492,76.1372070000001
-90.700287,76.1194310000001
-90.679718,76.117203
-90.665009,76.1121980000001
-90.757507,76.0763850000001
-90.7852779999999,76.0727690000001
-90.809433,76.0719300000001
-90.833618,76.0727690000001
-90.85527,76.0722200000001
-90.8625029999999,76.0699920000001
-90.866104,76.067215
-90.864716,76.0649870000001
-90.848892,76.060806
-90.715782,76.063431
-90.7036059999999,76.064926
-90.66394,76.074265
-90.6609419999999,76.076431
-90.611664,76.0847170000001
-90.599167,76.088043
-90.575012,76.0902710000001
-90.5483399999999,76.0913700000001
-90.474167,76.089706
-90.429443,76.0883180000001
-90.408615,76.08638
-90.1944429999999,76.0627590000001
-90.190552,76.061096
-90.193878,76.055252
-90.202499,76.050262
-90.215012,76.0458219999999
-90.2338869999999,76.0410920000001
-90.27417,76.0344240000001
-90.301666,76.032486
-90.328613,76.031372
-90.4047239999999,76.031097
-90.635948,76.028152
-90.718452,76.022659
-90.904175,76.015549
-90.9291689999999,76.015549
-91.00528,76.024994
-91.14473,76.021103
-91.1608279999999,76.0180510000001
-91.1552729999999,76.01416
-91.0697329999999,75.990265
-90.9502869999999,75.9622040000001
-90.94194,75.9555510000001
-90.938599,75.951385
-90.94194,75.945526
-90.948883,75.939972
-90.968063,75.9310910000001
-91.016953,75.9255370000001
-91.070557,75.922485
-91.100281,75.9185940000001
-91.1188809999999,75.9138790000001
-91.12944,75.9086000000001
-91.143341,75.8972170000001
-91.1258239999999,75.857483
-91.132492,75.851929
-91.1358339999999,75.8461
-91.1341709999999,75.8424840000001
-91.12999,75.839157
-91.107498,75.840546
-91.091675,75.8433230000001
-91.0794529999999,75.8480380000001
-91.0533289999999,75.881088
-90.939987,75.9152680000001
-90.9030609999999,75.9246980000001
-90.895844,75.9272
-90.886124,75.931656
-90.847778,75.952209
-90.833618,75.960266
-90.827789,75.966385
-90.805557,75.9855350000001
-90.793884,75.994705
-90.777496,75.996094
-90.755844,75.9949800000001
-90.7172239999999,75.989151
-90.5694579999999,75.9799800000001
-90.4833219999999,75.9802700000001
-90.464447,75.978592
-90.444717,75.9741519999999
-90.433319,75.9702610000001
-90.429443,75.9683230000001
-90.434158,75.9633180000001
-90.44249,75.959717
-90.492218,75.945816
-90.519165,75.9360960000001
-90.526108,75.9305419999999
-90.5283359999999,75.9255370000001
-90.5313869999999,75.9136050000001
-90.5316769999999,75.9035950000001
-90.5299989999999,75.898331
-90.521118,75.8955380000001
-90.5047299999999,75.8952639999999
-90.496948,75.897766
-90.347229,75.9494170000001
-90.342224,75.9530490000001
-90.337784,75.9630430000001
-90.339447,75.9683230000001
-90.2569579999999,75.966934
-90.118057,75.941925
-90.1144409999999,75.947754
-90.102493,75.961655
-90.07251,75.9955290000001
-90.060272,76.0047150000001
-90.05278,76.007217
-90.037506,76.0091550000001
-90.015015,76.0102690000001
-89.9666599999999,76.008606
-89.947495,76.007217
-89.9297179999999,76.0047150000001
-89.924438,76.002213
-89.909164,75.964996
-89.825012,75.9430389999999
-89.6874999999999,75.899994
-89.6899869999999,75.8949890000001
-89.702225,75.8797000000001
-89.7094419999999,75.8741460000001
-89.724442,75.863037
-89.75029,75.8466490000001
-89.772781,75.8363800000001
-89.778885,75.831665
-89.782227,75.825821
-89.776398,75.7927550000001
-89.775009,75.7874910000001
-89.7650149999999,75.7858120000001
-89.738892,75.7866520000001
-89.69249,75.7963710000001
-89.686386,75.802475
-89.688049,75.8044280000001
-89.689163,75.809708
-89.685547,75.814148
-89.619995,75.8535920000001
-89.6111149999999,75.8572080000001
-89.587509,75.8591460000001
-89.558334,75.857483
-89.439163,75.845261
-89.4227749999999,75.8419340000001
-89.4102779999999,75.8297120000001
-89.392502,75.821106
-89.377777,75.816666
-89.320007,75.803864
-89.2774959999999,75.798325
-89.201401,75.7869260000001
-89.172775,75.7805480000001
-89.164169,75.7747040000001
-89.160278,75.7680510000001
-89.1605529999999,75.7558289999999
-89.166946,75.7452550000001
-89.253891,75.631088
-89.262787,75.627762
-89.275009,75.627762
-89.33667,75.627762
-89.54306,75.6105350000001
-89.64917,75.61554
-89.763062,75.577484
-89.7652889999999,75.5755460000001
-89.7394409999999,75.5736079999999
-89.722504,75.574158
-89.6819459999999,75.579987
-89.649994,75.5872040000001
-89.6055599999999,75.589706
-89.5883329999999,75.5885930000001
-89.550995,75.579712
-89.542496,75.570541
-89.548615,75.566086
-89.568069,75.5619200000001
-89.628326,75.561371
-89.676392,75.5621949999999
-89.69249,75.5610960000001
-89.706955,75.5574800000001
-89.700836,75.5530400000001
-89.6455539999999,75.548325
-89.576675,75.54776
-89.550827,75.548874
-89.5263979999999,75.5519260000001
-89.515015,75.554153
-89.500565,75.558868
-89.491943,75.565536
-89.4736179999999,75.5747070000001
-89.458618,75.5794369999999
-89.441666,75.583328
-89.431671,75.584427
-89.403336,75.5872040000001
-89.351669,75.5891570000001
-89.302216,75.5891570000001
-89.235825,75.5866550000001
-89.217224,75.5849910000001
-89.18277,75.577209
-89.174438,75.572769
-89.168335,75.5666660000001
-89.1563869999999,75.5497130000001
-89.154999,75.5444340000001
-89.14917,75.5322110000001
-89.143066,75.5244290000001
-89.099731,75.4841460000001
-88.963898,75.4319310000001
-88.9505619999999,75.4297030000001
-88.921387,75.4272
-88.871109,75.4341430000001
-88.841675,75.4363710000001
-88.818619,75.43692
-88.796951,75.4349820000001
-88.779724,75.43248
-88.7688899999999,75.434708
-88.7477719999999,75.4708250000001
-88.75,75.474991
-88.801392,75.5313720000001
-88.865829,75.5861050000001
-88.755005,75.6766509999999
-88.738892,75.679428
-88.7227779999999,75.679153
-88.678329,75.675262
-88.631668,75.6672060000001
-88.6008299999999,75.6594240000001
-88.5741729999999,75.6488800000001
-88.54277,75.635818
-88.507782,75.6194310000001
-88.448883,75.5952610000001
-88.399445,75.579163
-88.364166,75.5688780000001
-88.315826,75.5563660000001
-88.228882,75.5394290000001
-88.203613,75.5310970000001
-88.198883,75.5285950000001
-88.196945,75.522766
-88.198608,75.517212
-88.201401,75.512207
-88.2174989999999,75.5097200000001
-88.240829,75.5091550000001
-88.290833,75.4969330000001
-88.3058319999999,75.4922030000001
-88.301392,75.4880370000001
-88.295273,75.4849850000001
-88.2630619999999,75.4760890000001
-88.228882,75.4711
-88.213058,75.4705350000001
-88.2008359999999,75.4719240000001
-88.148056,75.4888760000001
-88.122498,75.501099
-88.068069,75.5219270000001
-87.958054,75.5441440000001
-87.7514039999999,75.5766600000001
-87.71611,75.5752719999999
-87.6977689999999,75.5736079999999
-87.6613919999999,75.5672150000001
-87.648346,75.5619200000001
-87.495544,75.485809
-87.494995,75.4838710000001
-87.4988859999999,75.4780430000001
-87.50473,75.474426
-87.5299989999999,75.4652710000001
-87.563889,75.4591520000001
-87.588608,75.456375
-87.601395,75.4533230000001
-87.6063839999999,75.449707
-87.594727,75.4463650000001
-87.582779,75.444702
-87.568344,75.443588
-87.5486149999999,75.4444270000001
-87.5336149999999,75.446091
-87.5,75.4522090000001
-87.459732,75.4613800000001
-87.4458309999999,75.4652710000001
-87.434433,75.468872
-87.4183349999999,75.4797060000001
-87.416397,75.48526
-87.430283,75.501099
-87.437775,75.5086060000001
-87.4444429999999,75.5138850000001
-87.46666,75.5211030000001
-87.4627839999999,75.5630340000001
-87.393066,75.6041560000001
-87.3811039999999,75.609421
-87.354721,75.613037
-87.2855529999999,75.620255
-87.263336,75.621094
-87.251114,75.621094
-87.2341609999999,75.6183170000001
-87.0880579999999,75.579987
-87.079178,75.5666660000001
-87.072784,75.559982
-87.055267,75.546936
-87.011948,75.5313720000001
-86.967499,75.518326
-86.931107,75.508041
-86.914444,75.503876
-86.8627779999999,75.491653
-86.807495,75.479156
-86.7711179999999,75.4755400000001
-86.722229,75.474991
-86.643341,75.4780430000001
-86.631104,75.4777679999999
-86.6019439999999,75.4763790000001
-86.5838929999999,75.474701
-86.567505,75.4722140000001
-86.4833219999999,75.45665
-86.464722,75.452774
-86.375549,75.4274750000001
-86.365555,75.4233090000001
-86.368881,75.4183200000001
-86.389175,75.4077610000001
-86.400284,75.402206
-86.415283,75.3988800000001
-86.5063929999999,75.388046
-86.5538789999999,75.3813630000001
-86.576675,75.377197
-86.611115,75.368317
-86.61528,75.3655400000001
-86.596664,75.361649
-86.544724,75.359146
-86.520279,75.36026
-86.4919429999999,75.3627620000001
-86.376099,75.3763730000001
-86.3583369999999,75.3797
-86.24527,75.401932
-86.1986079999999,75.4160919999999
-86.169998,75.418594
-86.082504,75.4213710000001
-86.0313869999999,75.4224850000001
-85.833618,75.4160919999999
-85.680557,75.408035
-85.674438,75.4183200000001
-85.9086149999999,75.4602660000001
-86.0063929999999,75.4722140000001
-86.109726,75.481934
-86.12471,75.4855350000001
-86.1383359999999,75.4899750000001
-86.149445,75.4963680000001
-86.154449,75.500824
-86.143066,75.508041
-86.113327,75.514999
-86.096954,75.517761
-86.003891,75.5313720000001
-85.9086149999999,75.5438689999999
-85.865555,75.5447080000001
-85.763062,75.5460970000001
-85.4438779999999,75.560257
-85.329178,75.5610960000001
-85.303329,75.5688780000001
-85.1899869999999,75.611923
-85.0741729999999,75.651932
-85.054443,75.656097
-85.039169,75.657761
-84.9269409999999,75.658875
-84.8791659999999,75.656937
-84.797226,75.6527710000001
-84.7630619999999,75.650269
-84.718338,75.6427610000001
-84.6838839999999,75.6344300000001
-84.622498,75.6280360000001
-84.599731,75.626648
-84.572235,75.626373
-84.524719,75.6280360000001
-84.4974979999999,75.631653
-84.503067,75.633331
-84.5194549999999,75.636108
-84.539993,75.6377720000001
-84.55722,75.6388850000001
-84.607773,75.63916
-84.6311039999999,75.640549
-84.651108,75.6436
-84.6572269999999,75.6474910000001
-84.66362,75.686096
-84.644455,75.687195
-84.482773,75.6944270000001
-84.3505549999999,75.697754
-84.322784,75.6991419999999
-84.299164,75.7027740000001
-84.070557,75.7619320000001
-83.9294429999999,75.8108060000001
-83.8781509999999,75.8189620000001
-83.7672269999999,75.8241580000001
-83.740555,75.8244320000001
-83.722504,75.822495
-83.7038879999999,75.8183290000001
-83.6980439999999,75.814423
-83.7063899999999,75.8121950000001
-83.721939,75.8108060000001
-83.748886,75.8066410000001
-83.752228,75.801376
-83.736938,75.795258
-83.698608,75.790268
-83.6727749999999,75.788879
-83.619995,75.789429
-83.5661009999999,75.7916560000001
-83.5152889999999,75.7897030000001
-83.4952699999999,75.7863770000001
-83.4797209999999,75.782211
-83.464722,75.7760930000001
-83.458344,75.7702640000001
-83.447769,75.7558289999999
-83.433609,75.750275
-83.4191589999999,75.748871
-83.2922209999999,75.7377620000001
-83.123611,75.7344210000001
-83.0652769999999,75.739151
-82.960007,75.756104
-82.820282,75.7819370000001
-82.799438,75.7861020000001
-82.664719,75.8113710000001
-82.4664,75.828049
-82.3272249999999,75.836929
-82.279175,75.8366550000001
-82.1399989999999,75.826935
-81.9566649999999,75.815262
-81.885559,75.8110960000001
-81.6608279999999,75.8113710000001
-81.536942,75.809418
-81.450562,75.8008120000001
-81.212509,75.7713780000001
-81.22084,75.704712
-81.276672,75.6683200000001
-81.281677,75.663605
-81.285278,75.657486
-81.271118,75.6513820000001
-81.256958,75.649719
-81.01001,75.633331
-80.983887,75.633331
-80.857773,75.634995
-80.7799989999999,75.6377720000001
-80.547226,75.650818
-80.5025019999999,75.6522060000001
-80.48056,75.651093
-80.46666,75.649429
-80.3169559999999,75.6305390000001
-80.275284,75.6249850000001
-80.256119,75.6216430000001
-80.199158,75.6088710000001
-80.101944,75.5869290000001
-80.068344,75.578873
-79.953613,75.5402680000001
-79.9486079999999,75.534149
-79.956116,75.530823
-80.0850069999999,75.5077669999999
-80.1916659999999,75.4899750000001
-80.252502,75.485809
-80.35527,75.4738770000001
-80.371933,75.468872
-80.3730469999999,75.463043
-80.358337,75.458603
-80.3386079999999,75.456375
-80.3066559999999,75.4561
-80.1080469999999,75.469147
-80.0002899999999,75.476929
-79.9291689999999,75.4797060000001
-79.7333219999999,75.4719240000001
-79.714722,75.4705350000001
-79.644165,75.462494
-79.586395,75.4547120000001
-79.5747219999999,75.4499970000001
-79.581955,75.4463650000001
-79.635559,75.445816
-79.656387,75.4441380000001
-79.6755519999999,75.44136
-79.68306,75.4358060000001
-79.682495,75.4308170000001
-79.622223,75.402481
-79.60556,75.3980410000001
-79.561661,75.3949890000001
-79.520004,75.391098
-79.503067,75.3885960000001
-79.4880519999999,75.383331
-79.486938,75.3799740000001
-79.488602,75.3624879999999
-79.51001,75.3380430000001
-79.5274959999999,75.3222200000001
-79.5394439999999,75.317764
-79.563324,75.3186040000001
-79.596664,75.316086
-79.6100009999999,75.310806
-79.6147159999999,75.305542
-79.611938,75.2983250000001
-79.5875089999999,75.287491
-79.570847,75.283051
-79.548889,75.281097
-79.443085,75.2801900000001
-79.5069579999999,75.2299800000001
-79.571121,75.1991420000001
-79.62944,75.1749879999999
-79.651672,75.172485
-79.7319489999999,75.164703
-79.77417,75.167206
-79.835556,75.160263
-79.9294429999999,75.1405490000001
-79.9441529999999,75.136383
-79.9547269999999,75.1269230000001
-79.955841,75.1138760000001
-79.955276,75.106644
-79.955841,75.100266
-79.9605559999999,75.0947110000001
-79.9741669999999,75.0899810000001
-80.128876,75.068054
-80.150833,75.0655360000001
-80.215012,75.063309
-80.296112,75.0588680000001
-80.440552,75.03804
-80.4274899999999,75.0299840000001
-80.4024959999999,75.021103
-80.327499,74.9985960000001
-80.310547,74.9963680000001
-80.297226,74.996643
-80.238892,74.9944310000001
-80.194443,74.989975
-80.1822199999999,74.986649
-80.1738889999999,74.9824830000001
-80.184158,74.979431
-80.21611,74.976089
-80.243057,74.973038
-80.258347,74.9697110000001
-80.271942,74.964996
-80.2788849999999,74.9594270000001
-80.2788849999999,74.9572140000001
-80.27417,74.9510960000001
-80.266113,74.9466400000001
-80.240829,74.9466400000001
-80.0336149999999,74.9744260000001
-80.0269469999999,74.9799800000001
-80.013062,74.9869230000001
-79.975281,74.9994200000001
-79.942764,75.0069430000001
-79.9191589999999,75.010544
-79.795273,75.027481
-79.776947,75.0283200000001
-79.7164,75.02887
-79.692764,75.028046
-79.613892,75.019989
-79.597229,75.0174870000001
-79.5825039999999,75.014435
-79.5050049999999,74.998322
-79.501953,74.995819
-79.507233,74.9930420000001
-79.5358279999999,74.9916530000001
-79.555557,74.9871980000001
-79.5519409999999,74.9816590000001
-79.464722,74.9333190000001
-79.4424899999999,74.9216460000001
-79.426392,74.917206
-79.391953,74.911102
-79.3572239999999,74.9074860000001
-79.338608,74.9033200000001
-79.334732,74.899994
-79.3336179999999,74.8963780000001
-79.3336179999999,74.89444
-79.3358309999999,74.8891600000001
-79.370544,74.8763730000001
-79.390839,74.872482
-79.501953,74.8594210000001
-79.5302889999999,74.857758
-79.580002,74.858322
-79.732773,74.8366550000001
-79.8519439999999,74.818878
-79.86055,74.8146970000001
-79.8805539999999,74.8130340000001
-79.930557,74.8133090000001
-80.068069,74.8363800000001
-80.2530669999999,74.870819
-80.27417,74.881088
-80.281952,74.8899840000001
-80.2938839999999,74.9199830000001
-80.29361,74.9263760000001
-80.296951,74.9310909999999
-80.306381,74.9391480000001
-80.321671,74.9377590000001
-80.335281,74.9330440000001
-80.362213,74.923599
-80.3861239999999,74.913605
-80.396118,74.9085999999999
-80.413055,74.897766
-80.4166559999999,74.893875
-80.416107,74.8888850000001
-80.361115,74.868866
-80.3477779999999,74.8649900000001
-80.329727,74.8613740000001
-80.296951,74.8569340000001
-80.261124,74.852768
-80.224167,74.8494260000001
-80.186386,74.8433230000001
-80.15361,74.8366550000001
-80.108612,74.8244320000001
-80.097778,74.8202670000001
-80.101669,74.7891540000001
-80.159164,74.73027
-80.1913759999999,74.6980290000001
-80.1561129999999,74.6369320000001
-80.1488949999999,74.631088
-80.146667,74.626923
-80.149445,74.6224820000001
-80.1613919999999,74.6121980000001
-80.231674,74.5780490000001
-80.248047,74.5760960000001
-80.253716,74.5760500000001
-80.339996,74.5805510000001
-80.38501,74.5816650000001
-80.454453,74.5808259999999
-80.4688869999999,74.579437
-80.488892,74.5755460000001
-80.591675,74.5644230000001
-80.753067,74.5633090000001
-80.844162,74.5627590000001
-80.95195,74.566086
-80.9747159999999,74.56694
-80.9941559999999,74.5697170000001
-81.029999,74.5766600000001
-81.049728,74.5791630000001
-81.0694579999999,74.579712
-81.219162,74.5713810000001
-81.26973,74.566086
-81.287506,74.5630340000001
-81.510834,74.5144349999999
-81.6708369999999,74.4785920000001
-81.7591709999999,74.4611050000001
-81.785004,74.4577640000001
-81.810822,74.4569400000001
-81.854721,74.4594270000001
-82.0605469999999,74.47554
-82.08168,74.4772030000001
-82.101395,74.4797060000001
-82.327499,74.5105440000001
-82.511124,74.527206
-82.55722,74.5147090000001
-82.574722,74.5116580000001
-82.592499,74.5105440000001
-82.61528,74.511108
-82.747498,74.518051
-82.7836149999999,74.520264
-82.871933,74.5385890000001
-82.914169,74.549149
-82.953613,74.565811
-83.0183409999999,74.5944369999999
-83.056381,74.61554
-83.0797269999999,74.6302640000001
-83.088608,74.6366580000001
-83.092499,74.641373
-83.1022189999999,74.65416
-83.123886,74.684982
-83.128052,74.691925
-83.131943,74.7083280000001
-83.128052,74.7174840000001
-83.107773,74.748032
-83.0908359999999,74.7577670000001
-83.075012,74.7622069999999
-83.0413819999999,74.7699890000001
-83.0288849999999,74.7749939999999
-83.0230559999999,74.7805480000001
-83.02417,74.783325
-83.08168,74.8180540000001
-83.09584,74.8238830000001
-83.10527,74.82666
-83.116104,74.8285979999999
-83.155838,74.826935
-83.203064,74.820831
-83.2277829999999,74.820541
-83.248886,74.8236080000001
-83.299728,74.8355410000001
-83.33667,74.8494260000001
-83.380829,74.8663790000001
-83.4022219999999,74.8752590000001
-83.4755549999999,74.8966520000001
-83.511398,74.9016570000001
-83.528061,74.9016570000001
-83.547501,74.8974910000001
-83.559723,74.8924870000001
-83.560547,74.887207
-83.559433,74.880814
-83.5569459999999,74.8752590000001
-83.527222,74.8452610000001
-83.518616,74.839432
-83.472504,74.815262
-83.4586179999999,74.808029
-83.4299929999999,74.7974849999999
-83.394165,74.790268
-83.3752749999999,74.7869260000001
-83.354996,74.784424
-83.3274989999999,74.77916
-83.318893,74.7749939999999
-83.324173,74.7552640000001
-83.3274989999999,74.75
-83.454727,74.591095
-83.474442,74.579712
-83.484161,74.5749969999999
-83.598892,74.5435940000001
-83.611664,74.540817
-83.72084,74.545532
-83.7855529999999,74.548599
-83.805557,74.5508120000001
-83.830841,74.5513760000001
-83.85527,74.5508120000001
-83.907501,74.5469360000001
-84.0377809999999,74.5341490000001
-84.063324,74.530823
-84.107498,74.523315
-84.145844,74.515549
-84.2164,74.507217
-84.238892,74.505554
-84.2855529999999,74.5036010000001
-84.3327789999999,74.5038760000001
-84.355835,74.50444
-84.396118,74.5074920000001
-84.641678,74.506943
-84.850281,74.502213
-84.871384,74.501389
-84.88945,74.502213
-84.899445,74.5033260000001
-84.911942,74.5080410000001
-84.9166559999999,74.511108
-84.983063,74.570541
-84.985275,74.5791630000001
-84.9747159999999,74.6174770000001
-84.960281,74.6569370000001
-84.9550019999999,74.6627660000001
-84.950836,74.668869
-84.950836,74.6727600000001
-84.952499,74.679153
-84.955566,74.6847080000001
-84.964172,74.691925
-84.9733279999999,74.6960910000001
-84.990555,74.6980290000001
-85.003342,74.697479
-85.063889,74.651657
-85.07251,74.6410980000001
-85.0447239999999,74.6121980000001
-85.037506,74.541092
-85.036942,74.535263
-85.038605,74.5288700000001
-85.0436099999999,74.523315
-85.0741729999999,74.508881
-85.0877839999999,74.5049900000001
-85.104721,74.5016630000001
-85.1252749999999,74.498596
-85.214447,74.491928
-85.259445,74.4905400000001
-85.353058,74.498596
-85.363617,74.501938
-85.369995,74.5094300000001
-85.363892,74.537491
-85.365555,74.5441440000001
-85.37027,74.5524750000001
-85.468613,74.658875
-85.4741669999999,74.664429
-85.482773,74.6716460000001
-85.494995,74.679153
-85.5044559999999,74.6833189999999
-85.520554,74.688034
-85.5272219999999,74.6888730000001
-85.543335,74.6863710000001
-85.549988,74.681931
-85.52417,74.5986020000001
-85.520844,74.5930480000001
-85.509171,74.579987
-85.486938,74.5610960000001
-85.4819489999999,74.554153
-85.479996,74.54776
-85.4791719999999,74.541656
-85.4802859999999,74.537201
-85.503891,74.5205380000001
-85.5272219999999,74.5102690000001
-85.5422209999999,74.505554
-85.5605469999999,74.501389
-85.580841,74.4983220000001
-85.604172,74.4958189999999
-86.013336,74.4794310000001
-86.059433,74.4785920000001
-86.082504,74.479156
-86.120834,74.482208
-86.1230469999999,74.4833219999999
-86.1227719999999,74.4899750000001
-86.101105,74.511383
-86.085556,74.529434
-86.079178,74.5391540000001
-86.0777889999999,74.5452579999999
-86.082779,74.5552519999999
-86.15361,74.609146
-86.1777799999999,74.615265
-86.1974949999999,74.615265
-86.2158359999999,74.6108090000001
-86.224442,74.607758
-86.235001,74.601929
-86.240555,74.596939
-86.242767,74.59137
-86.234436,74.5811000000001
-86.227493,74.575272
-86.2230529999999,74.562195
-86.232224,74.5402680000001
-86.235275,74.535263
-86.24472,74.52388
-86.278885,74.5086059999999
-86.332779,74.4902650000001
-86.39917,74.4794310000001
-86.423325,74.4788669999999
-86.443604,74.481094
-86.462509,74.4855350000001
-86.633331,74.526093
-86.664169,74.5347140000001
-86.6911009999999,74.5441440000001
-86.708618,74.5510860000001
-86.7208399999999,74.5585940000001
-86.759171,74.5863800000001
-86.7627869999999,74.591934
-86.761673,74.598038
-86.7514039999999,74.603867
-86.746109,74.6088710000001
-86.751114,74.6136020000001
-86.7669529999999,74.616089
-86.7852779999999,74.6169280000001
-86.799438,74.615265
-86.801102,74.6113740000001
-86.8005519999999,74.5522
-86.797226,74.5435940000001
-86.794449,74.5399780000001
-86.705566,74.500275
-86.6936039999999,74.4680480000001
-86.905838,74.4605410000001
-87.2258299999999,74.4669340000001
-87.270279,74.4683230000001
-87.304169,74.4716490000001
-87.320847,74.476654
-87.3527829999999,74.495255
-87.474442,74.475815
-87.508621,74.4677580000001
-87.527222,74.465546
-87.574722,74.4619290000001
-87.669998,74.4599910000001
-87.7108309999999,74.460815
-87.732224,74.4663850000001
-87.755005,74.4794310000001
-87.848053,74.4760890000001
-87.90361,74.4722140000001
-88.0361179999999,74.476929
-88.263626,74.4835970000001
-88.3561099999999,74.489151
-88.4969479999999,74.4977570000001
-88.517227,74.49971
-88.529724,74.501938
-88.5352779999999,74.5036010000001
-88.539993,74.5061040000001
-88.571121,74.549988
-88.570847,74.5560910000001
-88.560822,74.5930480000001
-88.542221,74.616089
-88.406387,74.736099
-88.347504,74.784714
-88.484726,74.857758
-88.5280609999999,74.901932
-88.537216,74.906937
-88.5477749999999,74.907761
-88.55722,74.906647
-88.568069,74.9013820000001
-88.6647189999999,74.844986
-88.675827,74.8369290000001
-88.7436069999999,74.7838750000001
-88.7497249999999,74.777771
-88.752502,74.768326
-88.7530669999999,74.756104
-88.7497249999999,74.7497099999999
-88.7488859999999,74.741364
-88.7494349999999,74.7260890000001
-88.7533419999999,74.7141570000001
-88.811935,74.6722110000001
-88.821396,74.6663820000001
-88.835556,74.6613770000001
-88.848343,74.6591490000001
-88.862213,74.658875
-88.8738859999999,74.6602630000001
-88.883057,74.665268
-88.889725,74.6705319999999
-88.917221,74.7197110000001
-88.9180599999999,74.7324830000001
-88.914169,74.749146
-88.910278,74.75499
-88.905563,74.7599950000001
-88.904175,74.7655490000001
-88.906387,74.773041
-88.9097289999999,74.777771
-88.9269409999999,74.7838750000001
-89.0736239999999,74.833878
-89.088608,74.837204
-89.097778,74.8361050000001
-89.099167,74.8352660000001
-89.059998,74.7974849999999
-89.053329,74.793594
-89.0427699999999,74.789703
-89.0111239999999,74.7808229999999
-89.010284,74.7755430000001
-89.0127869999999,74.770538
-89.041382,74.73027
-89.047501,74.722488
-89.055832,74.719147
-89.0777889999999,74.717209
-89.102219,74.719437
-89.1788789999999,74.7322080000001
-89.1788789999999,74.73526
-89.181107,74.7397
-89.190552,74.744431
-89.223053,74.752487
-89.243057,74.7552640000001
-89.2650149999999,74.7563780000001
-89.271118,74.754715
-89.2164,74.7211000000001
-89.2024989999999,74.7138820000001
-89.1897129999999,74.7086029999999
-89.141113,74.6980290000001
-89.122498,74.6960910000001
-89.10527,74.6930390000001
-89.09584,74.688034
-89.09584,74.681931
-89.125,74.6169280000001
-89.1319429999999,74.6113740000001
-89.1505579999999,74.5997160000001
-89.185272,74.5874940000001
-89.196945,74.584427
-89.438889,74.5508120000001
-89.4550019999999,74.548599
-89.489716,74.545532
-89.580566,74.5402680000001
-89.928604,74.530823
-89.946106,74.5322110000001
-90.106659,74.5494229999999
-90.2238919999999,74.5635990000001
-90.244995,74.56694
-90.2633359999999,74.570541
-90.363052,74.5947110000001
-90.4566649999999,74.6008150000001
-90.496384,74.6016540000001
-90.5299989999999,74.6052550000001
-90.589722,74.6133120000001
-90.6072239999999,74.616379
-90.619995,74.6199800000001
-90.7080539999999,74.6480410000001
-90.7316739999999,74.664154
-90.736938,74.669434
-90.739441,74.6738740000001
-90.747772,74.703049
-90.751114,74.7163850000001
-90.8674929999999,74.7024840000001
-90.875824,74.691925
-90.885559,74.683594
-90.895615,74.6811370000001
-91.013626,74.6988680000001
-91.0247189999999,74.7027740000001
-91.023621,74.70694
-91.012222,74.717209
-90.978333,74.7397
-90.965012,74.747757
-90.9458309999999,74.7513890000001
-90.938599,74.750824
-90.926102,74.7516630000001
-90.896118,74.7574920000001
-90.8838959999999,74.761658
-90.851395,74.7760930000001
-90.758057,74.8311
-90.7527919999999,74.8358150000001
-90.740829,74.8474880000001
-90.7424929999999,74.852768
-90.746658,74.8605350000001
-90.757782,74.880814
-90.772232,74.8849950000001
-90.816956,74.883606
-90.84111,74.8794250000001
-90.8538819999999,74.8752590000001
-90.863892,74.86998
-90.87027,74.864426
-90.874435,74.8591460000001
-90.873886,74.853043
-90.883331,74.84166
-90.975006,74.7994230000001
-91,74.789703
-91.0752869999999,74.761108
-91.1019439999999,74.7510990000001
-91.132767,74.744431
-91.14473,74.747482
-91.1441649999999,74.7513890000001
-91.1466669999999,74.7555540000001
-91.171661,74.7574920000001
-91.188599,74.752777
-91.21611,74.7388760000001
-91.2258299999999,74.7335970000001
-91.2288819999999,74.7277680000001
-91.226944,74.722488
-91.1852719999999,74.6847080000001
-91.17749,74.67804
-91.154999,74.665543
-91.1147159999999,74.645828
-91.105835,74.6399840000001
-91.0980529999999,74.633331
-91.099731,74.6283110000001
-91.106659,74.6258090000001
-91.133057,74.62442
-91.256393,74.628586
-91.455841,74.639709
-91.5399929999999,74.646378
-91.553329,74.648331
-91.6761019999999,74.6719210000001
-91.684998,74.6777650000001
-91.671661,74.6896970000001
-91.664169,74.693314
-91.634171,74.6960910000001
-91.621933,74.700272
-91.62027,74.7049870000001
-91.624435,74.7099910000001
-91.6358339999999,74.7152710000001
-91.651672,74.7199860000001
-91.708618,74.7274780000001
-91.754181,74.7277680000001
-91.779449,74.7258150000001
-91.7988889999999,74.7222140000001
-91.811111,74.718048
-91.8124999999999,74.713043
-91.8029629999999,74.706184
-91.7988889999999,74.699417
-91.815552,74.6947020000001
-91.833069,74.6960910000001
-91.851105,74.6988680000001
-91.8666529999999,74.7022090000001
-91.876663,74.70694
-91.8752749999999,74.711929
-91.859161,74.7211000000001
-91.8922269999999,74.750824
-91.961945,74.7641600000001
-91.998611,74.773041
-92.015839,74.77832
-92.045547,74.789703
-92.057495,74.796646
-92.063614,74.803589
-92.0652769999999,74.807205
-92.066391,74.8133090000001
-92.057495,74.8249970000001
-92.051666,74.8305510000001
-92.043335,74.8363800000001
-92.0191649999999,74.8461
-92.013062,74.851929
-92.008057,74.863602
-92.006393,74.8880460000001
-92.0133359999999,74.9083250000001
-92.0152889999999,74.913605
-92.043335,74.9519350000001
-92.04805,74.9583280000001
-92.063324,74.9638820000001
-92.0916749999999,74.971649
-92.1058349999999,74.9766540000001
-92.164169,74.998032
-92.209732,75.0385889999999
-92.228882,75.071106
-92.2258299999999,75.0738830000001
-92.215561,75.0763850000001
-92.1863859999999,75.081375
-92.152496,75.0838780000001
-92.111664,75.08194
-92.046188,75.0849610000001
-92.0299989999999,75.08638
-92.012512,75.095261
-92.01001,75.1010890000001
-92.051392,75.146942
-92.055557,75.150269
-92.0705569999999,75.1530460000001
-92.083618,75.15332
-92.10527,75.1519320000001
-92.193329,75.143326
-92.325562,75.1516570000001
-92.490829,75.2136080000001
-92.4688869999999,75.2847140000001
-92.428604,75.3944400000001
-92.3883359999999,75.4419250000001
-92.328064,75.4891510000001
-92.220276,75.5460970000001
-92.210281,75.5513760000001
-92.1994319999999,75.553864
-92.155838,75.5566410000001
-92.100281,75.5627590000001
-92.085831,75.564987
-92.069458,75.5688780000001
-92.056656,75.573044
-92.013901,75.5891570000001
-92.0050049999999,75.5949860000001
-92.008347,75.6613770000001
-92.0436099999999,75.6855320000001
-92.057495,75.69136
-92.089996,75.700272
-92.137512,75.7211000000001
-92.156662,75.7310940000001
-92.174438,75.7444310000001
-92.1755519999999,75.7505490000001
-92.139725,75.77832
-92.1191559999999,75.7891540000001
-92.112778,75.794708
-92.104721,75.8052520000001
-92.1005549999999,75.8230439999999
-92.1038819999999,75.8413699999999
-92.10527,75.8474880000001
-92.108612,75.8588710000001
-92.113327,75.863602
-92.129715,75.8763730000001
-92.138062,75.879974
-92.151108,75.8830410000001
-92.1727749999999,75.885544
-92.215012,75.8883210000001
-92.238327,75.8913730000001
-92.3177799999999,75.9049840000001
-92.3363949999999,75.9086000000001
-92.408615,75.928589
-92.43306,75.936371
-92.4444429999999,75.941086
-92.583618,76.008881
-92.635834,76.104156
-92.635834,76.1097110000001
-92.637222,76.115814
-92.7938839999999,76.207489
-92.809433,76.212494
-92.946655,76.2458189999999
-93.066956,76.299149
-93.0766749999999,76.31694
-93.05722,76.3266600000001
-93.054993,76.3324890000001
-93.0563809999999,76.3385930000001
-93.059158,76.3438720000001
-93.071945,76.353317
-93.083618,76.358032
-93.1152799999999,76.363876
-93.1380619999999,76.366379
-93.186935,76.3683170000001
-93.2127839999999,76.3680420000001
-93.23999,76.3666530000001
-93.3152769999999,76.36026
-93.345276,76.356094
-93.3813779999999,76.3463750000001
-93.449997,76.3263850000001
-93.5619349999999,76.2972110000001
-93.5877839999999,76.292755
-93.617493,76.291092
-93.635834,76.291656
-93.6583399999999,76.293869
-93.666397,76.298599
-93.6533359999999,76.3027650000001
-93.6244349999999,76.305817
-93.6236109999999,76.3108060000001
-93.636124,76.3266600000001
-93.6541749999999,76.3258210000001
-93.6788789999999,76.3222200000001
-93.718887,76.312485
-93.731384,76.306931
-93.763901,76.286377
-93.763901,76.2822110000001
-93.761948,76.280273
-93.753891,76.275818
-93.741104,76.2719270000001
-93.720551,76.267761
-93.69722,76.2638850000001
-93.784439,76.2530520000001
-93.954453,76.257767
-93.956116,76.257767
-93.958344,76.257767
-94.097504,76.2594300000001
-94.118881,76.261383
-94.1341709999999,76.2647090000001
-94.1413879999999,76.2699890000001
-94.1516719999999,76.2741550000001
-94.16861,76.2783200000001
-94.212509,76.280823
-94.47084,76.2810969999999
-94.641678,76.29332
-94.780289,76.2888790000001
-94.789993,76.2836000000001
-94.803329,76.2783200000001
-94.838608,76.2683260000001
-95.029175,76.236099
-95.3549959999999,76.2341460000001
-95.376099,76.2344210000001
-95.386948,76.235809
-95.3880619999999,76.2836000000001
-95.374435,76.29776
-95.3669429999999,76.3013760000001
-95.357224,76.3027650000001
-95.343063,76.3002620000001
-95.318069,76.2908170000001
-95.279175,76.2813720000001
-95.258896,76.282761
-95.118332,76.298035
-95.0927729999999,76.3027650000001
-95.0755619999999,76.3077549999999
-95.0697329999999,76.3133090000001
-95.066559,76.319862
-95.058884,76.3247069999999
-95.0105589999999,76.3311000000001
-94.983887,76.3324890000001
-94.958893,76.3322140000001
-94.9150089999999,76.329712
-94.866394,76.3255460000001
-94.849731,76.323318
-94.840561,76.3197170000001
-94.8499909999999,76.3144230000001
-94.8627779999999,76.309982
-94.861664,76.306931
-94.843613,76.303864
-94.828613,76.3060910000001
-94.8086089999999,76.311371
-94.80249,76.315536
-94.800827,76.321655
-94.814163,76.3291630000001
-94.834442,76.334427
-94.8947299999999,76.34166
-94.965012,76.3474879999999
-95.132767,76.3613740000001
-95.274719,76.372208
-95.299438,76.3724820000001
-95.326401,76.370819
-95.3316799999999,76.365265
-95.3413849999999,76.359711
-95.388901,76.351929
-95.399994,76.353317
-95.44722,76.3658139999999
-95.645279,76.3841550000001
-95.668335,76.3861080000001
-95.7158359999999,76.3922119999999
-95.7375029999999,76.393875
-95.851105,76.4010930000001
-95.995834,76.43692
-96.0816799999999,76.4780430000001
-96.106949,76.494431
-96.1041719999999,76.5
-96.0991669999999,76.505554
-96.090561,76.510269
-96.065552,76.5213780000001
-96.0524899999999,76.524155
-95.997223,76.5194400000001
-95.944992,76.518326
-95.8063809999999,76.5163880000001
-95.77861,76.5188750000001
-95.694153,76.5452580000001
-95.680557,76.5505370000001
-95.657776,76.5613710000001
-95.5938869999999,76.5930480000001
-95.584167,76.598328
-95.587784,76.6035920000001
-95.599442,76.6052550000001
-95.61972,76.606094
-95.638901,76.604156
-95.6602779999999,76.5994260000001
-95.696106,76.5841520000001
-95.695541,76.5802760000001
-95.696655,76.5744320000001
-95.712784,76.5686039999999
-95.759171,76.553589
-95.7805629999999,76.5488740000001
-95.992493,76.548035
-96.016953,76.549149
-96.1586149999999,76.583328
-96.178604,76.5941470000001
-96.2252809999999,76.625809
-96.270279,76.6327510000001
-96.339447,76.6322019999999
-96.355835,76.6330410000001
-96.3813779999999,76.635818
-96.4033359999999,76.6397090000001
-96.421387,76.646103
-96.445831,76.6572110000001
-96.454178,76.662491
-96.4613949999999,76.668594
-96.461121,76.673599
-96.464447,76.679703
-96.470276,76.685532
-96.5277859999999,76.693039
-96.611938,76.702484
-96.636124,76.704437
-96.661667,76.704712
-96.736938,76.6972050000001
-96.764175,76.6955260000001
-96.7897189999999,76.6958160000001
-96.816391,76.697479
-96.857773,76.7019350000001
-96.87999,76.705826
-96.915833,76.7144320000001
-96.946655,76.7236020000001
-96.959167,76.7291559999999
-96.964447,76.733322
-96.900284,76.795258
-96.887222,76.8055420000001
-96.8738859999999,76.8108060000001
-96.854996,76.813034
-96.839722,76.8102570000001
-96.724716,76.783325
-96.6797179999999,76.7702640000001
-96.5924989999999,76.758881
-96.426102,76.7447050000001
-96.3302919999999,76.7502749999999
-96.311935,76.7513890000001
-96.305557,76.753876
-96.315552,76.8024750000001
-96.320557,76.8066410000001
-96.3669429999999,76.812759
-96.453613,76.8152620000001
-96.501114,76.8180540000001
-96.547226,76.8227690000001
-96.7975009999999,76.861374
-96.813614,76.868042
-96.8488919999999,76.887497
-96.865829,76.898041
-96.869156,76.90416
-96.869446,76.9138790000001
-96.864166,76.9197080000001
-96.857773,76.9249879999999
-96.8336179999999,76.9327550000001
-96.796387,76.9374849999999
-96.771942,76.937759
-96.761124,76.937759
-96.723892,76.935257
-96.708054,76.933319
-96.698608,76.934143
-96.660828,76.947205
-96.659164,76.9491420000001
-96.66777,76.9544369999999
-96.67778,76.9577640000001
-96.696945,76.9605410000001
-96.718887,76.963043
-96.765289,76.965271
-96.8083339999999,76.966095
-96.8244479999999,76.9677580000001
-96.8277889999999,76.968872
-96.825562,76.9744260000001
-96.810272,76.9791560000001
-96.772034,76.9810180000001
-96.742035,76.982208
-96.673325,76.982208
-96.622772,76.9799800000001
-96.483612,76.9711
-96.353882,76.9930420000001
-96.391113,77.026932
-96.387787,77.030548
-96.373322,77.031937
-96.284729,77.039429
-96.2730559999999,77.0402679999999
-96.244995,77.041931
-96.226105,77.043045
-96.103058,77.0447080000001
-95.96666,77.0530400000001
-95.8880619999999,77.061096
-95.752502,77.0686040000001
-95.734726,77.0686040000001
-95.7075039999999,77.06694
-95.6597289999999,77.0588680000001
