"V1","V2"
17.786942,59.310555
17.777775,59.3086090000001
17.7544439999999,59.309441
17.721664,59.316109
17.6869430000001,59.3280490000001
17.6719440000001,59.3347170000001
17.6619420000001,59.3430480000001
17.617496,59.3977740000001
17.605553,59.416664
17.6105540000001,59.4216609999999
17.61861,59.424438
17.627777,59.4261090000001
17.6388850000001,59.4261090000001
17.6505550000001,59.4241640000001
17.737499,59.3933260000001
17.7441640000001,59.3897170000001
17.7738880000001,59.3727719999999
17.7772220000001,59.36805
17.789165,59.3213880000001
17.789165,59.315826
17.786942,59.310555
