"V1","V2"
-165.560577,54.1102680000001
-165.569153,54.108887
-165.601105,54.1133190000001
-165.609711,54.11554
-165.619476,54.1233220000001
-165.623077,54.127762
-165.679749,54.23304
-165.681976,54.2380450000001
-165.669464,54.2591629999999
-165.665588,54.2644350000001
-165.625275,54.2911000000001
-165.520844,54.2924960000001
-165.493896,54.2908330000001
-165.48642,54.288048
-165.483063,54.2836
-165.478088,54.2019349999999
-165.48584,54.1733250000001
-165.548096,54.1166530000001
-165.553894,54.113045
-165.560577,54.1102680000001
