"V1","V2"
152.225525,47.174713
152.206604,47.1250150000001
152.236633,47.145271
152.259705,47.1608199999999
152.268585,47.1586
152.286377,47.1524890000001
152.29303,47.147774
152.289703,47.1416630000001
152.277191,47.1299900000001
152.269989,47.124435
152.253601,47.113052
152.231903,47.102493
152.174133,47.063049
152.087357,46.9778820000001
152.035248,46.925552
152.029968,46.9197160000001
152.026642,46.9136050000001
152.024994,46.907211
152.018311,46.894714
152.013031,46.888885
151.831909,46.782768
151.821625,46.778603
151.801086,46.7730480000001
151.781647,46.7713780000001
151.772217,46.7722170000001
151.763306,46.7747120000001
151.737183,46.785271
151.720245,46.7949980000001
151.712189,46.801102
151.704407,46.841103
151.705811,46.847488
151.714691,46.8533250000001
151.72525,46.857216
151.745239,46.8616640000001
151.764709,46.8622130000001
151.829956,46.854996
151.839417,46.8552700000001
151.849396,46.8566590000001
151.859955,46.860825
151.868835,46.866386
152.020462,46.98872
152.0448,47.013386
152.051117,47.02055
152.104401,47.073051
152.120239,47.0908280000001
152.181091,47.143051
152.202454,47.160271
152.216919,47.1716610000001
152.225525,47.174713
