"V1","V2"
129.392212,33.164711
129.385254,33.164711
129.362183,33.1680530000001
129.359955,33.1713790000001
129.454132,33.331665
129.536652,33.385551
129.541656,33.3880460000001
129.558594,33.3897170000001
129.564697,33.38694
129.567749,33.3827670000001
129.569702,33.3780440000001
129.566925,33.343323
129.564423,33.3372120000001
129.537964,33.307487
129.538879,33.292221
129.502472,33.231659
129.492737,33.216385
129.484406,33.208603
129.471069,33.1986010000001
129.456635,33.189987
129.441345,33.1824950000001
129.409698,33.1688840000001
129.39859,33.1655430000001
129.392212,33.164711
