"V1","V2"
125.802467,10.688887
125.766388,10.685555
125.75,10.68972
125.671371,10.7427750000001
125.662491,10.750832
125.659988,10.754999
125.659988,10.759722
125.660538,10.7786100000001
125.660812,10.7833330000001
125.663879,10.790554
125.681091,10.812777
125.6922,10.823608
125.694977,10.823887
125.701927,10.8216650000001
125.713043,10.8163870000001
125.814697,10.7302760000001
125.821663,10.7227750000001
125.823608,10.715275
125.82222,10.7111090000001
125.814697,10.694443
125.813599,10.692221
125.802467,10.688887
