"V1","V2"
-148.533905,-76.722504
-148.498077,-76.7238919999999
-148.425842,-76.7227779999999
-148.359467,-76.7194519999999
-148.297791,-76.723618
-148.264191,-76.726669
-148.216675,-76.735565
-148.197784,-76.74057
-148.170013,-76.751953
-148.161133,-76.758347
-148.157227,-76.765289
-148.160858,-76.7716669999999
-148.165283,-76.775284
-148.184448,-76.780563
-148.353058,-76.805008
-148.377808,-76.8083339999999
-148.43335,-76.812225
-148.466675,-76.811951
-148.55307,-76.8139039999999
-148.64447,-76.816681
-148.700012,-76.820557
-148.775024,-76.830002
-148.855835,-76.836945
-148.905029,-76.832779
-148.952515,-76.8238979999999
-149.008362,-76.808624
-149.104736,-76.7761229999999
-149.136688,-76.765289
-149.150024,-76.759445
-149.15863,-76.7533419999999
-149.169189,-76.7322239999999
-149.164734,-76.725845
-149.150574,-76.718063
-149.131134,-76.7127839999999
-149.108917,-76.7086179999999
-149.00946,-76.6961209999999
-148.934723,-76.686951
-148.881958,-76.684723
-148.815308,-76.6911159999999
-148.758362,-76.698898
-148.667786,-76.709732
-148.533905,-76.722504
