"V1","V2"
-132.81723,56.2338790000001
-132.834167,56.2308199999999
-132.845001,56.2316590000001
-132.861389,56.237495
-132.910278,56.2611080000001
-133.041687,56.330276
-133.047791,56.3338780000001
-133.056396,56.3422160000001
-133.05777,56.3474880000001
-133.053894,56.353325
-132.992218,56.4191590000001
-132.986389,56.423325
-132.940277,56.4477689999999
-132.925018,56.4524920000001
-132.916656,56.454163
-132.887787,56.4555510000001
-132.732758,56.458328
-132.722504,56.458328
-132.703064,56.4561
-132.683075,56.4524920000001
-132.656403,56.4441530000001
-132.641388,56.437767
-132.635559,56.434158
-132.6297,56.4247130000001
-132.614166,56.3963850000001
-132.614441,56.390831
-132.634735,56.298332
-132.638336,56.28611
-132.642242,56.2802730000001
-132.648071,56.2761000000001
-132.677216,56.265549
-132.700836,56.2591630000001
-132.75946,56.2458270000001
-132.81723,56.2338790000001
