"V1","V2"
-75.314728,24.213886
-75.289734,24.1497189999999
-75.2900089999999,24.144165
-75.296951,24.1438870000001
-75.3336179999999,24.1522219999999
-75.3419489999999,24.158333
-75.34639,24.1600000000001
-75.428619,24.150833
-75.438339,24.145832
-75.462509,24.1224980000001
-75.5033419999999,24.129444
-75.507782,24.1325000000001
-75.515015,24.139721
-75.525848,24.1555519999999
-75.516678,24.160553
-75.4727779999999,24.1816640000001
-75.4630579999999,24.288055
-75.4675139999999,24.290833
-75.47084,24.2944410000001
-75.506393,24.344166
-75.518066,24.360554
-75.530014,24.38361
-75.580231,24.467276
-75.583733,24.476276
-75.585068,24.4826110000001
-75.587395,24.488441
-75.594902,24.505775
-75.596565,24.5084420000001
-75.633057,24.552277
-75.637398,24.55661
-75.691116,24.621944
-75.695557,24.6249960000001
-75.723068,24.642498
-75.737503,24.6438869999999
-75.7444459999999,24.645832
-75.7547299999999,24.6502760000001
-75.759171,24.653332
-75.760834,24.6583329999999
-75.758347,24.663055
-75.739456,24.6950000000001
-75.734726,24.697498
-75.728622,24.698608
-75.715012,24.696388
-75.710007,24.6941640000001
-75.6841739999999,24.6822200000001
-75.637512,24.6549989999999
-75.633057,24.651943
-75.626678,24.6438869999999
-75.6236109999999,24.63472
-75.600677,24.576777
-75.6013409999999,24.568443
-75.596512,24.5529420000001
-75.5935059999999,24.54361
-75.523895,24.429996
-75.476669,24.369442
-75.4727779999999,24.365833
-75.451401,24.3505550000001
-75.4411159999999,24.3461070000001
-75.431671,24.3405529999999
-75.405563,24.322498
-75.3983459999999,24.3152770000001
-75.3950039999999,24.311665
-75.3194579999999,24.223053
-75.314728,24.213886
