"V1","V2"
-75.0963899999999,-50.516396
-75.196396,-50.600563
-75.212784,-50.603058
-75.223892,-50.602226
-75.241959,-50.599167
-75.257507,-50.594727
-75.274734,-50.5847239999999
-75.277786,-50.612785
-75.273346,-50.677505
-75.2688899999999,-50.7477799999999
-75.2697299999999,-50.754448
-75.2797239999999,-50.777504
-75.2838899999999,-50.782227
-75.288895,-50.785835
-75.30278,-50.790558
-75.318619,-50.793892
-75.3281249999999,-50.7926709999999
-75.425293,-50.7755579999999
-75.44223,-50.771667
-75.449448,-50.769173
-75.4544529999999,-50.765282
-75.458069,-50.760834
-75.515015,-50.663063
-75.513901,-50.6563949999999
-75.505844,-50.647224
-75.4630579999999,-50.6186139999999
-75.4572299999999,-50.615562
-75.431671,-50.604729
-75.4236149999999,-50.603058
-75.413895,-50.603058
-75.403061,-50.603615
-75.395844,-50.606117
-75.377792,-50.615562
-75.371124,-50.616112
-75.368057,-50.590561
-75.369446,-50.583618
-75.3966669999999,-50.5411149999999
-75.4025119999999,-50.5377809999999
-75.428619,-50.523895
-75.46167,-50.5108339999999
-75.464172,-50.505562
-75.4655609999999,-50.5
-75.462509,-50.494728
-75.457504,-50.490837
-75.4166719999999,-50.4672239999999
-75.40889,-50.4655609999999
-75.390289,-50.464447
-75.186676,-50.493057
-75.1041719999999,-50.495285
-75.09584,-50.497223
-75.089737,-50.500282
-75.0905609999999,-50.5058359999999
-75.0963899999999,-50.516396
