"V1","V2"
26.377216,39.273598
26.377773,39.2694400000001
26.379993,39.266663
26.383327,39.264709
26.4049989999999,39.253876
26.474716,39.219437
26.5283320000001,39.1541600000001
26.606667,39.0533220000001
26.612221,39.0441670000001
26.6183320000001,39.0261080000001
26.6188890000001,39.021935
26.61694,39.0152660000001
26.614441,39.012497
26.525272,38.9741520000001
26.5183299999999,38.9724880000001
26.4505540000001,38.9683230000001
26.39027,38.9710999999999
26.3238870000001,38.9777760000001
26.1874920000001,39.0172200000001
26.1363870000001,39.040276
26.089165,39.07222
26.0869410000001,39.0749970000001
26.088608,39.078049
26.1077770000001,39.090828
26.112495,39.09166
26.117222,39.090828
26.1675000000001,39.1027760000001
26.276939,39.1563800000001
26.2861100000001,39.1677629999999
26.29277,39.176384
26.293327,39.1805499999999
26.2922170000001,39.184166
26.2869420000001,39.1894380000001
26.2616620000001,39.202492
26.2524990000001,39.2044300000001
26.240555,39.2044300000001
26.2352710000001,39.2041630000001
26.1991620000001,39.201111
26.1724970000001,39.19471
26.1652759999999,39.191109
26.1611100000001,39.1849980000001
26.1577760000001,39.1691670000001
26.153606,39.1585999999999
26.1122210000001,39.112221
26.1097179999999,39.1097109999999
26.0847210000001,39.0897220000001
26.077496,39.086098
26.06805,39.0844350000001
26.062775,39.084717
26.045277,39.089432
25.9881060000001,39.105164
25.889996,39.141106
25.864162,39.153603
25.8366619999999,39.1780550000001
25.8338810000001,39.1805499999999
25.8322220000001,39.183601
25.8547170000001,39.2500000000001
25.856384,39.253052
25.861938,39.258041
25.8802760000001,39.2711110000001
25.9077760000001,39.2869420000001
25.9238819999999,39.2919390000001
25.921944,39.2841570000001
25.9224970000001,39.279999
25.9247210000001,39.2772220000001
25.928883,39.275826
25.950272,39.2738880000001
25.9786109999999,39.2719350000001
25.9844440000001,39.2716600000001
26.169167,39.323601
26.172771,39.3255540000001
26.175831,39.327766
26.1763879999999,39.33194
26.1708300000001,39.345551
26.164993,39.3677750000001
26.1658330000001,39.371941
26.1783290000001,39.374985
26.221661,39.383041
26.2274929999999,39.383041
26.3238870000001,39.3744349999999
26.3961110000001,39.341103
26.419994,39.3258289999999
26.414719,39.3224949999999
26.394997,39.3058320000001
26.392494,39.303055
26.3797190000001,39.2852710000001
26.377216,39.273598
