"V1","V2"
-79.540558,62.411102
-79.4499969999999,62.382767
-79.442764,62.3799900000001
-79.433884,62.3713760000001
-79.4291689999999,62.3616640000001
-79.427216,62.3561020000001
-79.424438,62.3441540000001
-79.4205469999999,62.3399890000001
-79.359161,62.2961040000001
-79.3472289999999,62.288887
-79.328613,62.283333
-79.272781,62.2622150000001
-79.266113,62.258049
-79.260834,62.253609
-79.256393,62.244438
-79.2555689999999,62.2397159999999
-79.2613979999999,62.163605
-79.262222,62.1588820000001
-79.329727,62.0152740000001
-79.353882,61.9997180000001
-79.3963929999999,61.96888
-79.4572299999999,61.893883
-79.461945,61.88166
-79.4655609999999,61.8760990000001
-79.524445,61.8113780000001
-79.5413209999999,61.7997890000001
-79.5527799999999,61.796387
-79.568344,61.7902760000001
-79.583618,61.783051
-79.596664,61.774437
-79.60527,61.765274
-79.611115,61.7544400000001
-79.612778,61.7427670000001
-79.611938,61.738045
-79.6083369999999,61.732208
-79.60611,61.7266540000001
-79.60556,61.7211
-79.607498,61.7088850000001
-79.6288759999999,61.669159
-79.632217,61.664993
-79.642227,61.655823
-79.656952,61.6424940000001
-79.740829,61.5886000000001
-79.753891,61.580276
-79.7613979999999,61.576942
-79.779449,61.5719380000001
-79.8058319999999,61.5680540000001
-79.8277889999999,61.566666
-79.8461149999999,61.569992
-79.871109,61.609718
-79.954178,61.6836010000001
-80.068069,61.7452700000001
-80.079453,61.7477720000001
-80.092224,61.7480469999999
-80.1386109999999,61.7486040000001
-80.161942,61.7486040000001
-80.173325,61.7502750000001
-80.1916659999999,61.7555540000001
-80.205276,61.7627720000001
-80.275284,61.806656
-80.278061,61.8102720000001
-80.2788849999999,61.816383
-80.2913819999999,61.9299930000001
-80.295273,61.983604
-80.268616,62.107216
-80.266663,62.111382
-80.198608,62.1988750000001
-80.180283,62.2174910000001
-80.017502,62.358604
-80.009445,62.3624950000001
-79.9813839999999,62.3741610000001
-79.94722,62.386108
-79.938049,62.388603
-79.919724,62.393051
-79.900284,62.3958280000001
-79.8427729999999,62.403603
-79.8336179999999,62.4041600000001
-79.730835,62.3991620000001
-79.60556,62.4130480000001
-79.584167,62.4172130000001
-79.5619349999999,62.4172130000001
-79.540558,62.411102
