"V1","V2"
-125.165558,50.3744350000001
-125.061394,50.240547
-125.051941,50.226654
-125.050278,50.2216570000001
-125.048607,50.2077710000001
-125.049156,50.193321
-125.051666,50.1908260000001
-125.116386,50.136658
-125.129173,50.126099
-125.133904,50.122765
-125.140289,50.121658
-125.14473,50.1219330000001
-125.150833,50.124992
-125.154167,50.1333310000001
-125.139717,50.1594310000001
-125.156113,50.239159
-125.210831,50.3130489999999
-125.213623,50.3166660000001
-125.220001,50.318329
-125.263634,50.323608
-125.271942,50.323883
-125.315552,50.318054
-125.321121,50.31694
-125.32695,50.313881
-125.333069,50.304436
-125.334732,50.2997209999999
-125.339447,50.2958300000001
-125.35611,50.2902760000001
-125.372223,50.289436
-125.385277,50.2899930000001
-125.390289,50.292221
-125.393066,50.2958300000001
-125.39917,50.3111040000001
-125.400284,50.3208310000001
-125.399437,50.3311080000001
-125.398064,50.3338780000001
-125.391953,50.3405460000001
-125.291946,50.4338760000001
-125.284439,50.4358220000001
-125.275009,50.4333270000001
-125.273064,50.4311070000001
-125.236656,50.4158250000001
-125.2164,50.4047090000001
-125.165558,50.3744350000001
