"V1","V2"
-18.838612,74.5383150000001
-18.860001,74.537201
-19.010834,74.542755
-19.1583329999999,74.5502620000001
-19.206944,74.572769
-19.215553,74.577484
-19.219997,74.5811000000001
-19.217777,74.5872040000001
-19.20472,74.5941470000001
-19.1877779999999,74.6002660000001
-19.0691679999999,74.63443
-19.017223,74.6480410000001
-18.9961089999999,74.6533200000001
-18.866665,74.674988
-18.821945,74.6727600000001
-18.807224,74.6710970000001
-18.752781,74.656097
-18.748333,74.652481
-18.7252769999999,74.6294249999999
-18.720554,74.6235960000001
-18.7294429999999,74.613876
-18.7394409999999,74.6088710000001
-18.7277759999999,74.586655
-18.72583,74.5760960000001
-18.73,74.5697170000001
-18.736111,74.5635990000001
-18.7650029999999,74.5530400000001
-18.824444,74.5405430000001
-18.838612,74.5383150000001
