"V1","V2"
-55.70417,72.7149959999999
-55.710556,72.708878
-55.719719,72.7035980000001
-55.7716669999999,72.681366
-55.786949,72.6838680000001
-55.84111,72.700546
-55.936111,72.687759
-55.961945,72.6727599999999
-56.036667,72.6502689999999
-56.061668,72.6508180000001
-56.17028,72.658325
-56.180557,72.6622010000001
-56.1841659999999,72.664993
-56.224716,72.7024840000001
-56.226105,72.7061
-56.218056,72.7091520000001
-56.208611,72.7102660000001
-56.164444,72.7097170000001
-56.141113,72.7105410000001
-56.102501,72.7147060000001
-56.070557,72.7208249999999
-55.974442,72.743866
-55.8933329999999,72.763611
-55.753059,72.7785950000001
-55.6630549999999,72.7833250000001
-55.645554,72.7799840000001
-55.639442,72.7777710000001
-55.638054,72.775543
-55.638336,72.774155
-55.6463929999999,72.7711030000001
-55.656662,72.7685999999999
-55.70417,72.7149959999999
