"V1","V2"
-7.22305599999993,57.337494
-7.231112,57.332771
-7.24611199999998,57.3277740000001
-7.25222299999996,57.3266600000001
-7.25888900000001,57.327217
-7.28527799999995,57.336105
-7.28805599999998,57.3224950000001
-7.25916699999993,57.152496
-7.21472299999994,57.114441
-7.21527899999995,57.1102750000001
-7.22583400000002,57.0969390000001
-7.230278,57.0947190000001
-7.265556,57.1036070000001
-7.28722299999998,57.1061100000001
-7.30333400000001,57.1061100000001
-7.33361100000002,57.0999980000001
-7.356112,57.0991589999999
-7.36305599999997,57.0999980000001
-7.38139000000001,57.108604
-7.38666699999999,57.114716
-7.39250099999998,57.1249920000001
-7.39611099999996,57.131943
-7.41750000000002,57.1824950000001
-7.41888899999992,57.186661
-7.42083400000001,57.21833
-7.42500000000001,57.3822170000001
-7.42222299999992,57.385277
-7.41222299999993,57.3897170000001
-7.36805600000002,57.401382
-7.33555599999994,57.3958280000001
-7.28583299999997,57.381104
-7.27194500000002,57.375275
-7.267222,57.3722150000001
-7.224445,57.3416600000001
-7.22305599999993,57.337494
