"V1","V2"
-74.4116669999999,-51.208336
-74.4216769999999,-51.208336
-74.42807,-51.206673
-74.5614009999999,-51.1663889999999
-74.5738979999999,-51.160004
-74.577515,-51.155838
-74.6050109999999,-51.1066739999999
-74.605286,-51.100281
-74.603058,-51.0775069999999
-74.5991669999999,-51.0730589999999
-74.498337,-51.0272289999999
-74.491394,-51.025002
-74.4825129999999,-51.023895
-74.4727779999999,-51.0252839999999
-74.466675,-51.028336
-74.455002,-51.041389
-74.393341,-51.122223
-74.3880619999999,-51.13195
-74.385284,-51.143333
-74.384171,-51.168335
-74.386124,-51.174446
-74.4066769999999,-51.204445
-74.4116669999999,-51.208336
