"V1","V2"
-74.194168,-52.1366729999999
-74.127792,-52.178612
-74.0863949999999,-52.208336
-73.938065,-52.317223
-73.9341739999999,-52.3213959999999
-73.9325099999999,-52.3272249999999
-73.935013,-52.3372269999999
-73.976959,-52.3566739999999
-74.1033479999999,-52.3969499999999
-74.1319579999999,-52.3988949999999
-74.139725,-52.396393
-74.144669,-52.392838
-74.1822359999999,-52.375557
-74.188614,-52.3725049999999
-74.193619,-52.368896
-74.226669,-52.3272249999999
-74.233902,-52.248611
-74.2269589999999,-52.238617
-74.214737,-52.232506
-74.207779,-52.230003
-74.199722,-52.22834
-74.178345,-52.230003
-74.1544489999999,-52.237503
-74.143066,-52.244446
-74.1216739999999,-52.2522279999999
-74.113892,-52.254723
-74.1050109999999,-52.253891
-74.1064,-52.2480619999999
-74.145844,-52.197227
-74.156403,-52.189728
-74.181671,-52.1775049999999
-74.26918,-52.159172
-74.3261259999999,-52.164452
-74.342514,-52.167778
-74.361679,-52.167503
-74.370285,-52.1658399999999
-74.3855589999999,-52.160835
-74.4108429999999,-52.148338
-74.4161219999999,-52.14473
-74.418625,-52.1397249999999
-74.41806,-52.134171
-74.412781,-52.13028
-74.348068,-52.0944519999999
-74.333893,-52.089447
-74.32695,-52.087227
-74.310837,-52.083893
-74.3005679999999,-52.0836179999999
-74.285568,-52.088615
-74.273056,-52.094727
-74.2425079999999,-52.11084
-74.194168,-52.1366729999999
