"V1","V2"
154.71579,49.263885
154.707184,49.262215
154.697479,49.263611
154.631622,49.280273
154.593903,49.291031
154.598572,49.347488
154.600525,49.3672100000001
154.602448,49.3736040000001
154.606354,49.379715
154.638306,49.42305
154.703033,49.4808200000001
154.751099,49.5716629999999
154.745239,49.5791630000001
154.743286,49.586105
154.749115,49.591934
154.814423,49.6363830000001
154.856354,49.633331
154.895264,49.6266560000001
154.904419,49.6241610000001
154.904419,49.6174930000001
154.882172,49.5474930000001
154.878296,49.541664
154.870789,49.537216
154.847748,49.528328
154.837738,49.5230480000001
154.829956,49.5174940000001
154.818024,49.5058290000001
154.794128,49.4561
154.790253,49.443321
154.790253,49.4299930000001
154.793854,49.42305
154.799713,49.415543
154.823029,49.3924940000001
154.826904,49.385269
154.834961,49.3458250000001
154.814972,49.308884
154.811096,49.3027730000001
154.803314,49.297218
154.791656,49.2922210000001
154.71579,49.263885
