"V1","V2"
-86.426392,68.069153
-86.397507,68.0216520000001
-86.378326,67.9933170000001
-86.376663,67.988586
-86.368607,67.954712
-86.3708339999999,67.939972
-86.3961179999999,67.8597110000001
-86.40361,67.8488770000001
-86.465012,67.7866520000001
-86.47084,67.7813720000001
-86.48999,67.770538
-86.571945,67.728867
-86.5836179999999,67.7252660000001
-86.596664,67.7255400000001
-86.676666,67.7316589999999
-86.690552,67.733871
-86.8583369999999,67.796936
-86.8794399999999,67.8102570000001
-86.8838959999999,67.814987
-86.910278,67.8477630000001
-86.91861,67.861923
-86.926941,67.8763730000001
-86.9458309999999,67.9094240000001
-86.9519499999999,67.923874
-86.948608,67.928864
-86.940552,67.9344180000001
-86.926102,67.9313660000001
-86.91333,67.9319310000001
-86.8544459999999,67.9541630000001
-86.843338,67.958603
-86.838898,67.9863740000001
-86.836945,68.0010990000001
-86.8408359999999,68.010818
-86.847504,68.020264
-86.851944,68.024994
-86.863892,68.0291599999999
-86.878326,68.032211
-86.904175,68.0305480000001
-86.932495,68.035812
-86.942215,68.040268
-86.986664,68.0616460000001
-86.9927669999999,68.0666660000001
-86.9919429999999,68.0716550000001
-86.988327,68.081665
-86.978882,68.0969390000001
-86.9063869999999,68.1802670000001
-86.8980559999999,68.185532
-86.7424929999999,68.2827609999999
-86.711945,68.299149
-86.7005619999999,68.303589
-86.675003,68.3060910000001
-86.6466669999999,68.3016510000001
-86.602783,68.291367
-86.538605,68.2705380000001
-86.487503,68.248596
-86.4586179999999,68.2355350000001
-86.411118,68.208878
-86.406662,68.204163
-86.402786,68.194427
-86.434998,68.1624910000001
-86.433884,68.098602
-86.432495,68.0888820000001
-86.426392,68.069153
