"V1","V2"
-71.671112,-53.943893
-71.72139,-53.9747239999999
-71.710556,-53.986115
-71.688614,-53.999168
-71.6530609999999,-54.0813899999999
-71.654175,-54.093613
-71.656952,-54.099167
-71.660568,-54.1038889999999
-71.714737,-54.148338
-71.730011,-54.1602779999999
-71.7361149999999,-54.1636119999999
-71.746948,-54.163895
-71.7572329999999,-54.163063
-71.7941739999999,-54.1563949999999
-71.809174,-54.1511149999999
-71.821671,-54.144447
-71.836945,-54.133057
-71.90834,-54.066391
-71.9214019999999,-54.0536119999999
-71.925003,-54.042503
-71.9236149999999,-54.0361179999999
-71.920563,-54.030838
-71.918335,-54.019173
-71.920288,-54.013618
-71.92334,-54.008614
-71.931396,-54.0063929999999
-71.9405669999999,-54.006111
-71.945847,-54.0100019999999
-71.953613,-54.019447
-71.955292,-54.025558
-71.955841,-54.032501
-71.955292,-54.038612
-71.9505619999999,-54.049171
-71.9177859999999,-54.1169509999999
-71.914459,-54.1216739999999
-71.882507,-54.144173
-71.876953,-54.147781
-71.8700099999999,-54.150558
-71.861954,-54.151672
-71.84584,-54.1561129999999
-71.840286,-54.1597289999999
-71.835007,-54.163338
-71.7463989999999,-54.2277829999999
-71.741959,-54.232224
-71.740005,-54.237785
-71.741669,-54.243896
-71.7447359999999,-54.249168
-71.752502,-54.258614
-71.8319549999999,-54.334724
-71.838058,-54.338058
-71.84668,-54.339729
-71.8572239999999,-54.3386149999999
-71.9422299999999,-54.327225
-71.9605559999999,-54.3066709999999
-71.9505619999999,-54.265007
-71.9472349999999,-54.252785
-72.0289,-54.2041699999999
-72.104736,-54.159172
-72.195557,-54.101395
-72.20668,-54.093895
-72.210846,-54.0897289999999
-72.218338,-54.0805589999999
-72.224457,-54.070839
-72.253067,-53.9647289999999
-72.256958,-53.947227
-72.257507,-53.941116
-72.256958,-53.934174
-72.2550049999999,-53.928062
-72.25,-53.9241709999999
-72.210281,-53.921112
-72.199448,-53.9208369999999
-72.189178,-53.921951
-72.131958,-53.936111
-72.1239009999999,-53.938339
-72.114182,-53.946396
-72.101959,-53.9661179999999
-72.060013,-53.965836
-72.007782,-53.892502
-71.99501,-53.8661119999999
-71.988892,-53.86306
-71.966125,-53.8561169999999
-71.9505619999999,-53.851669
-71.940842,-53.850563
-71.724731,-53.89917
-71.659454,-53.9166719999999
-71.6539,-53.92028
-71.653336,-53.9266739999999
-71.661118,-53.936111
-71.671112,-53.943893
