"V1","V2"
145.492737,-38.374443
145.485504,-38.376663
145.462463,-38.374718
145.424408,-38.376663
145.418304,-38.378334
145.408325,-38.384445
145.363281,-38.423332
145.355804,-38.4311139999999
145.331909,-38.427498
145.285797,-38.4108279999999
145.281921,-38.407219
145.27359,-38.374443
145.271088,-38.363335
145.293304,-38.300278
145.298035,-38.297226
145.305817,-38.296951
145.449127,-38.321114
145.454956,-38.323616
145.459137,-38.327225
145.486908,-38.3522259999999
145.494965,-38.360283
145.498016,-38.364449
145.496613,-38.3705519999999
145.492737,-38.374443
