"V1","V2"
-68.816116,-72.474457
-68.8861239999999,-72.478348
-68.928894,-72.4761199999999
-68.951401,-72.473068
-68.968903,-72.468903
-68.977509,-72.4605559999999
-68.976669,-72.4547269999999
-68.973068,-72.4480589999999
-68.954727,-72.438614
-68.940002,-72.4319459999999
-68.893616,-72.415009
-68.8525089999999,-72.4039
-68.735565,-72.377228
-68.713348,-72.372513
-68.6874999999999,-72.3688959999999
-68.662506,-72.366959
-68.641113,-72.368057
-68.6239009999999,-72.371948
-68.603622,-72.378891
-68.598068,-72.3858339999999
-68.59584,-72.393341
-68.59639,-72.39917
-68.598068,-72.406403
-68.603348,-72.411957
-68.618622,-72.424454
-68.6450039999999,-72.437225
-68.6636199999999,-72.443619
-68.7227779999999,-72.459732
-68.7927859999999,-72.4716799999999
-68.816116,-72.474457
