"V1","V2"
23.5086099999999,39.159721
23.4558300000001,39.1299969999999
23.3974989999999,39.1438830000001
23.393608,39.1449970000001
23.392498,39.152222
23.3938870000001,39.159996
23.395832,39.16333
23.4444430000001,39.198883
23.4613880000001,39.2083280000001
23.471664,39.2080540000001
23.486942,39.2052760000001
23.4899980000001,39.2030490000001
23.501389,39.193329
23.5066640000001,39.1883320000001
23.5099980000001,39.1822200000001
23.5119439999999,39.1755519999999
23.512218,39.1716610000001
23.5105550000001,39.163055
23.5086099999999,39.159721
