"V1","V2"
161.060791,-8.74805500000002
161.063599,-8.75222400000001
161.063599,-8.75889000000001
161.060791,-8.76305600000001
161.053314,-8.76916699999998
161.049133,-8.77166699999998
161.044434,-8.77250099999998
161.050537,-8.76083399999999
161.051086,-8.75472300000001
161.048309,-8.750834
161.036652,-8.74860999999993
161.025818,-8.75139000000001
161.011932,-8.75833499999999
161.00943,-8.75416799999999
161.009979,-8.74805500000002
161.012756,-8.74388900000002
161.024994,-8.73861099999993
161.031372,-8.73777799999993
161.037476,-8.73861099999993
161.046936,-8.74138800000003
161.056641,-8.74527699999993
161.060791,-8.74805500000002
