"V1","V2"
167.716949,-77.405838
167.804169,-77.4102779999999
167.900543,-77.405563
168.036407,-77.392227
168.058899,-77.388077
168.130554,-77.371414
168.195557,-77.361389
168.229431,-77.357513
168.262482,-77.3553009999999
168.353333,-77.35556
168.46109,-77.3633419999999
168.544434,-77.371124
168.873627,-77.402252
169.094177,-77.433334
169.298065,-77.4436339999999
169.32724,-77.444748
169.35553,-77.447525
169.381104,-77.45253
169.423004,-77.462982
169.450836,-77.470001
169.451111,-77.496689
169.421967,-77.5283509999999
169.392517,-77.540573
169.286102,-77.568893
169.232788,-77.580017
168.940552,-77.640289
168.904694,-77.645294
168.839142,-77.648895
168.594177,-77.683075
168.565308,-77.687225
168.507751,-77.688339
168.41861,-77.6844479999999
168.301941,-77.6764069999999
168.27475,-77.672516
168.254974,-77.667526
168.213043,-77.653625
168.188873,-77.6469569999999
168.163086,-77.641968
168.103638,-77.639175
168.072754,-77.638916
167.91275,-77.643341
167.819702,-77.6428069999999
167.766418,-77.640289
167.709991,-77.634735
167.680542,-77.633362
167.617249,-77.6341859999999
167.583618,-77.636688
167.547211,-77.641403
167.348907,-77.6916959999999
167.337494,-77.696411
167.336395,-77.703079
167.329468,-77.709457
167.31665,-77.715576
167.284729,-77.727249
167.259735,-77.732788
167.107788,-77.759186
167.012482,-77.773636
166.975586,-77.778351
166.950287,-77.7839049999999
166.931396,-77.789459
166.890289,-77.8141779999999
166.875824,-77.826675
166.873322,-77.840027
166.866119,-77.846405
166.846924,-77.8519589999999
166.811127,-77.85556
166.776642,-77.857788
166.74527,-77.857513
166.698303,-77.843063
166.681946,-77.8355559999999
166.677246,-77.828613
166.679993,-77.815292
166.705017,-77.8047329999999
166.782227,-77.781967
166.795288,-77.775848
166.874176,-77.734451
166.87558,-77.727783
166.87085,-77.72084
166.839722,-77.720581
166.774414,-77.722519
166.71225,-77.721954
166.589142,-77.719742
166.564178,-77.714172
166.54776,-77.70668
166.554993,-77.7003019999999
166.584442,-77.696686
166.714722,-77.692795
166.776947,-77.693344
166.809143,-77.6922299999999
166.844727,-77.688919
166.86972,-77.6833339999999
166.882751,-77.677505
166.882507,-77.671951
166.858582,-77.665573
166.83194,-77.661392
166.684448,-77.653625
166.625305,-77.650558
166.594421,-77.650299
166.533905,-77.648361
166.505859,-77.6455839999999
166.479431,-77.641403
166.375,-77.623901
166.351654,-77.6172329999999
166.25058,-77.580841
166.234711,-77.573349
166.213348,-77.5386349999999
166.220856,-77.532242
166.258881,-77.521118
166.2836,-77.515579
166.420837,-77.4830779999999
166.613861,-77.392227
166.628052,-77.37973
166.623627,-77.372787
166.591644,-77.357513
166.54834,-77.34169
166.503906,-77.32724
166.437805,-77.310287
166.41333,-77.3050229999999
166.376129,-77.289459
166.366119,-77.2822419999999
166.36972,-77.271118
166.376923,-77.26474
166.416931,-77.240005
166.429993,-77.234192
166.584991,-77.182251
166.603333,-77.176697
166.631653,-77.172806
166.69278,-77.1722409999999
166.722473,-77.172516
166.810822,-77.174469
166.896118,-77.179184
166.92334,-77.1819609999999
166.991943,-77.1911159999999
167.055298,-77.205017
167.071136,-77.212509
167.091949,-77.226959
167.151947,-77.2836149999999
167.156677,-77.2905729999999
167.154449,-77.303894
167.140839,-77.316406
167.13974,-77.3230589999999
167.183594,-77.338913
167.229187,-77.353073
167.302246,-77.3702849999999
167.32724,-77.37558
167.3797,-77.3836209999999
167.458069,-77.3902889999999
167.716949,-77.405838
