"V1","V2"
-122.50473,48.309715
-122.504997,48.3027730000001
-122.51445,48.296104
-122.526947,48.290833
-122.546387,48.283607
-122.555832,48.2830510000001
-122.562767,48.2852710000001
-122.570557,48.2944410000001
-122.574448,48.2977750000001
-122.58139,48.300827
-122.588608,48.302216
-122.606659,48.3038790000001
-122.613892,48.301933
-122.619164,48.298607
-122.663887,48.244713
-122.653343,48.2280430000001
-122.645279,48.226379
-122.624161,48.2197110000001
-122.607224,48.211105
-122.592216,48.2005460000001
-122.583328,48.1927640000001
-122.486389,48.101105
-122.36528,48.0374980000001
-122.338058,47.981659
-122.334442,47.970543
-122.335831,47.964439
-122.342216,47.954712
-122.367767,47.9233250000001
-122.372223,47.9194410000001
-122.423317,47.925827
-122.531677,47.9811020000001
-122.561394,48.022217
-122.606659,48.087494
-122.741379,48.2105480000001
-122.75029,48.219154
-122.755836,48.2283250000001
-122.757782,48.2338790000001
-122.75528,48.2461010000001
-122.752228,48.2511060000001
-122.661118,48.377487
-122.598892,48.408325
-122.593887,48.40416
-122.588333,48.3922200000001
-122.520279,48.327217
-122.508621,48.314713
-122.50473,48.309715
