"V1","V2"
-147.849976,59.7769390000001
-147.860809,59.775826
-147.871918,59.7760999999999
-147.882751,59.7774890000001
-147.891968,59.779716
-147.905273,59.786659
-147.910278,59.790833
-147.912781,59.796387
-147.898071,59.8363800000001
-147.89502,59.841934
-147.890564,59.846382
-147.792236,59.930824
-147.671661,60.006386
-147.604431,60.0272140000001
-147.475555,60.078606
-147.445831,60.091103
-147.431396,60.097488
-147.404175,60.1113820000001
-147.386688,60.123322
-147.382202,60.1280440000001
-147.37915,60.1333310000001
-147.375275,60.1455460000001
-147.336945,60.178879
-147.202209,60.2688830000001
-147.208893,60.2894360000001
-147.209717,60.2955470000001
-147.202789,60.34388
-147.199432,60.349434
-147.193604,60.3533250000001
-147.157501,60.369713
-147.131927,60.377213
-147.112213,60.380821
-147.099731,60.381378
-147.089996,60.379158
-146.92334,60.309158
-146.922241,60.3044360000001
-146.937775,60.2863849999999
-146.963898,60.258888
-146.984711,60.241661
-147.092773,60.193047
-147.129974,60.17749
-147.176941,60.1599880000001
-147.185547,60.157494
-147.214172,60.1444400000001
-147.227203,60.1372150000001
-147.238892,60.1291580000001
-147.480286,59.9463810000001
-147.484711,59.9416580000001
-147.487762,59.936378
-147.486938,59.9302750000001
-147.483063,59.92527
-147.478058,59.9211040000001
-147.531128,59.851936
-147.713898,59.814438
-147.849976,59.7769390000001
