"V1","V2"
134.683868,-6.56110999999999
134.677765,-6.56194399999998
134.668854,-6.55722199999997
134.633881,-6.49638800000002
134.633331,-6.49027699999988
134.636658,-6.480278
134.649719,-6.46583399999992
134.661377,-6.45694400000002
134.671082,-6.45277800000002
134.683319,-6.45166699999987
134.688873,-6.45277800000002
134.693024,-6.45475199999993
134.69693,-6.45694400000002
134.719696,-6.47555499999999
134.726349,-6.48222299999998
134.731903,-6.49027699999988
134.746918,-6.52305599999988
134.743561,-6.53333300000003
134.740784,-6.53750000000002
134.729126,-6.546111
134.683868,-6.56110999999999
