"V1","V2"
117.022217,7.80888700000014
117.015266,7.80527700000005
117.002487,7.81083200000012
116.99971,7.81222100000014
116.994713,7.81916600000011
116.974152,7.87166499999995
116.960823,7.91027699999995
116.954437,7.94360999999998
116.949997,8.03222099999994
116.954437,8.04416500000002
116.959427,8.05361000000011
116.961113,8.05555300000009
116.962769,8.05610799999999
117.065536,8.07860900000014
117.068047,8.07722100000001
117.076393,8.06055500000008
117.093872,7.90888799999999
117.092758,7.90527699999996
117.076393,7.86777699999999
117.067757,7.8505540000001
117.062759,7.84222100000005
117.059143,7.83750000000003
117.022217,7.80888700000014
