"V1","V2"
159.683319,-8.54694599999993
159.677765,-8.54833399999995
159.650543,-8.54277799999994
159.644989,-8.54138899999998
159.635254,-8.53749999999997
159.551086,-8.48194299999994
159.546936,-8.47916600000002
159.537476,-8.46833199999998
159.531097,-8.45333299999999
159.532471,-8.415277
159.533875,-8.41000000000003
159.539429,-8.40388899999994
159.568848,-8.37888700000002
159.605225,-8.377499
159.630524,-8.38611199999997
159.643036,-8.39444499999996
159.645538,-8.39833499999992
159.700531,-8.51222199999995
159.701904,-8.51777800000002
159.686646,-8.54361199999994
159.683319,-8.54694599999993
