"V1","V2"
-64.427673,60.372932
-64.452789,60.357216
-64.4427639999999,60.3097150000001
-64.438324,60.3055500000001
-64.423615,60.282494
-64.4294429999999,60.281937
-64.4380489999999,60.282494
-64.448608,60.284164
-64.501114,60.3019330000001
-64.521713,60.31073
-64.541107,60.32444
-64.5572199999999,60.331383
-64.6019439999999,60.350273
-64.610001,60.353607
-64.6322169999999,60.357498
-64.6438899999999,60.3577730000001
-64.655563,60.357498
-64.666107,60.3569409999999
-64.675552,60.3552700000001
-64.710007,60.3583300000001
-64.728882,60.3633270000001
-64.7902829999999,60.3911060000001
-64.815552,60.406097
-64.831116,60.419159
-64.8674929999999,60.450272
-64.868607,60.4533230000001
-64.868057,60.458885
-64.85611,60.473877
-64.847229,60.4788740000001
-64.837784,60.482491
-64.8230589999999,60.4852680000001
-64.639999,60.4847180000001
-64.6186069999999,60.477211
-64.4269409999999,60.401382
-64.423889,60.397217
-64.422501,60.3919370000001
-64.423889,60.3830490000001
-64.427673,60.372932
