"V1","V2"
79.386108,74.6172030000001
79.412201,74.616089
79.4413600000001,74.616089
79.519714,74.612762
79.569153,74.609421
79.58638,74.6055450000001
79.600815,74.6008150000001
79.6121980000001,74.5949860000001
79.5969390000001,74.5827640000001
79.55304,74.5688780000001
79.519714,74.5527650000001
79.515549,74.5458220000001
79.5183260000001,74.537491
79.5238800000001,74.529709
79.532211,74.523041
79.5277710000001,74.518051
79.4985960000001,74.518051
79.4791560000001,74.51944
79.4358060000001,74.524429
79.395264,74.530273
79.323044,74.5447080000001
79.253601,74.560257
79.2219240000001,74.5688780000001
79.192749,74.578598
79.1580349999999,74.595535
79.1491550000001,74.603043
79.1643980000001,74.6052400000001
79.16748,74.606094
79.228317,74.597214
79.2516630000001,74.5858150000001
79.260269,74.5791630000001
79.2747040000001,74.5744320000001
79.30304,74.5760960000001
79.2884829999999,74.588654
79.2909930000001,74.592819
79.2913210000001,74.5974879999999
79.287979,74.601982
79.273979,74.608818
79.263657,74.611145
79.251488,74.612976
79.233978,74.612976
79.1969300000001,74.623032
79.18248,74.627762
79.1841430000001,74.632202
79.191925,74.638321
79.2174840000001,74.648331
79.253601,74.656097
79.279434,74.656647
79.302765,74.6547090000001
79.3172150000001,74.6497190000001
79.3323290000001,74.639214
79.325653,74.636047
79.3148270000001,74.633713
79.321823,74.630203
79.3321530000001,74.6278690000001
79.3443220000001,74.6262050000001
79.386108,74.6172030000001
