"V1","V2"
-57.570557,-63.787781
-57.55584,-63.788895
-57.541389,-63.788612
-57.468338,-63.786667
-57.437782,-63.785561
-57.382225,-63.782227
-57.336945,-63.782227
-57.2491679999999,-63.783615
-57.175285,-63.79306
-57.0549999999999,-63.8177799999999
-57.045563,-63.822784
-57.046669,-63.8297269999999
-57.162224,-63.887222
-57.176674,-63.8925019999999
-57.209167,-63.8916699999999
-57.2358399999999,-63.88945
-57.24778,-63.883057
-57.251114,-63.8766709999999
-57.312782,-63.8775019999999
-57.347778,-63.9044489999999
-57.35556,-63.898895
-57.367783,-63.8925019999999
-57.399445,-63.8766709999999
-57.414452,-63.8716739999999
-57.443893,-63.869728
-57.473335,-63.8700029999999
-57.518616,-63.873894
-57.546112,-63.877228
-57.590004,-63.8791729999999
-57.6022259999999,-63.87278
-57.688614,-63.822784
-57.6947249999999,-63.816391
-57.6938929999999,-63.809174
-57.691116,-63.803894
-57.6786119999999,-63.790283
-57.668892,-63.783058
-57.65889,-63.777229
-57.64473,-63.77195
-57.6316679999999,-63.76973
-57.615562,-63.772781
-57.585556,-63.785278
-57.570557,-63.787781
