"V1","V2"
27.8547170000001,36.5272220000001
27.8402750000001,36.5249940000001
27.7966610000001,36.551941
27.7905500000001,36.5561070000001
27.7649960000001,36.5749970000001
27.7688869999999,36.5858310000001
27.8124920000001,36.6280520000001
27.8269389999999,36.6413880000001
27.8344380000001,36.64444
27.8511090000001,36.649155
27.85527,36.650269
27.8597179999999,36.650269
27.8655550000001,36.6413880000001
27.8666650000001,36.637772
27.872772,36.614716
27.876106,36.59861
27.8763890000001,36.594437
27.875275,36.542763
27.873882,36.538879
27.858051,36.528885
27.8547170000001,36.5272220000001
