"V1","V2"
-153.411407,59.3302760000001
-153.503632,59.3258290000001
-153.515839,59.326103
-153.533905,59.3305510000001
-153.549164,59.336105
-153.554993,59.339989
-153.552216,59.3647160000001
-153.521942,59.383331
-153.515564,59.38694
-153.442505,59.410545
-153.431946,59.412209
-153.403076,59.4069370000001
-153.393066,59.4024890000001
-153.354431,59.380821
-153.344727,59.3647160000001
-153.346954,59.359161
-153.372498,59.344994
-153.386688,59.3383260000001
-153.402222,59.332497
-153.411407,59.3302760000001
