"V1","V2"
-177.122223,51.784431
-177.128357,51.724434
-177.13031,51.7188800000001
-177.1539,51.6994250000001
-177.26059,51.6719279999999
-177.270599,51.6724930000001
-177.285858,51.676384
-177.333893,51.7027660000001
-177.374176,51.726372
-177.384216,51.7269290000001
-177.425842,51.7249909999999
-177.62085,51.6960910000001
-177.626373,51.69249
-177.640015,51.6805499999999
-177.642242,51.6494369999999
-177.651978,51.649994
-177.666412,51.6547090000001
-177.672241,51.658043
-177.701111,51.6960910000001
-177.704468,51.7008290000001
-177.643341,51.7313770000001
-177.63559,51.733597
-177.626923,51.732491
-177.614441,51.727768
-177.606689,51.7258150000001
-177.565857,51.717484
-177.536133,51.7158279999999
-177.52533,51.716103
-177.294769,51.776932
-177.243347,51.7933200000001
-177.213043,51.808884
-177.203369,51.8172150000001
-177.200317,51.8222200000001
-177.199432,51.828331
-177.199768,51.8447040000001
-177.197784,51.8827670000001
-177.195587,51.92054
-177.181427,51.9324869999999
-177.175049,51.9352650000001
-177.157257,51.9383240000001
-177.146393,51.9383240000001
-177.137512,51.937202
-177.105286,51.9297100000001
-177.093079,51.926659
-177.079712,51.9210970000001
-177.049469,51.90554
-177.046112,51.9008260000001
-177.043884,51.8952640000001
-177.045868,51.8885959999999
-177.122223,51.784431
