"V1","V2"
-93.36528,-72.654449
-93.395569,-72.656403
-93.4466709999999,-72.655838
-93.464447,-72.6533359999999
-93.475571,-72.6463929999999
-93.474731,-72.638901
-93.461426,-72.584518
-93.448334,-72.579453
-93.353622,-72.566681
-93.327225,-72.5641779999999
-93.240005,-72.558334
-93.216675,-72.559723
-93.194336,-72.5622559999999
-93.170288,-72.575562
-93.1741789999999,-72.583344
-93.183624,-72.5961149999999
-93.19223,-72.601395
-93.237793,-72.62529
-93.265564,-72.634735
-93.297501,-72.643341
-93.319458,-72.647781
-93.36528,-72.654449
