"V1","V2"
-179.011719,-17.995277
-179.018097,-17.996109
-179.023926,-17.99472
-179.0289,-17.992496
-179.060028,-17.9738879999999
-179.070587,-17.963333
-179.076416,-17.954998
-179.078613,-17.950275
-179.07782,-17.944164
-179.068359,-17.932503
-179.058929,-17.927502
-179.048096,-17.9236149999999
-179.026978,-17.923058
-179.021393,-17.9244419999999
-179.016998,-17.927223
-179.001709,-17.9402769999999
-178.991119,-17.950832
-178.988892,-17.9555589999999
-178.988312,-17.974171
-178.989746,-17.9797209999999
-178.992798,-17.987225
-178.995544,-17.9900019999999
-179.011719,-17.995277
