"V1","V2"
-133.249725,55.20916
-133.323059,55.19471
-133.41333,55.197212
-133.420563,55.200272
-133.427795,55.203606
-133.436401,55.2119370000001
-133.44223,55.2211000000001
-133.446381,55.231102
-133.447784,55.2361070000001
-133.450562,55.2522200000001
-133.439453,55.3019330000001
-133.435547,55.3077700000001
-133.429169,55.311104
-133.331665,55.3349910000001
-133.322784,55.335823
-133.311951,55.3349910000001
-133.296661,55.3305510000001
-133.230835,55.264999
-133.223602,55.2505490000001
-133.239441,55.218323
-133.243317,55.212494
-133.249725,55.20916
