"V1","V2"
-73.557495,64.312759
-73.5777889999999,64.3099820000001
-73.601669,64.3102570000001
-73.6263889999999,64.312759
-73.650284,64.3172150000001
-73.655563,64.320267
-73.65834,64.3349910000001
-73.6695329999999,64.4268490000001
-73.610443,64.47049
-73.682495,64.5097200000001
-73.6799929999999,64.526093
-73.6777799999999,64.5322110000001
-73.6666559999999,64.5355380000001
-73.577225,64.559982
-73.5372159999999,64.567764
-73.527786,64.56694
-73.521118,64.5630340000001
-73.509171,64.5524750000001
-73.5047299999999,64.54248
-73.5030669999999,64.5341490000001
-73.489166,64.4633180000001
-73.488052,64.453598
-73.488327,64.4438630000001
-73.4902799999999,64.439148
-73.555267,64.3146970000001
-73.557495,64.312759
