"V1","V2"
143.677765,-8.17472299999991
143.665527,-8.17611099999993
143.654968,-8.17250100000001
143.625519,-8.15416699999997
143.621613,-8.15166699999997
143.618835,-8.14750099999998
143.607727,-8.13055399999996
143.60495,-8.11971999999997
143.604401,-8.11361099999999
143.60495,-8.10888899999992
143.609131,-8.10611
143.636658,-8.09249899999998
143.642212,-8.09055499999994
143.654968,-8.08972199999994
143.679138,-8.09333199999998
143.688568,-8.09722099999993
143.700256,-8.10611
143.707184,-8.11277799999999
143.71051,-8.11638799999997
143.716064,-8.12444299999999
143.718842,-8.13527900000003
143.719421,-8.15500099999997
143.711914,-8.16111199999995
143.702454,-8.16527699999995
143.683319,-8.17333400000001
143.677765,-8.17472299999991
