"V1","V2"
92.691086,12.7961099999999
92.6883089999999,12.7919429999999
92.6847080000001,12.795553
92.669434,12.849165
92.668869,12.8552760000001
92.6838680000001,12.957775
92.6855320000001,12.963331
92.703873,12.9866640000001
92.708038,12.9891640000001
92.7144320000001,12.989998
92.722763,12.9844420000001
92.7263790000001,12.9811100000001
92.7313689999999,12.9719430000001
92.7343749999999,12.960632
92.7330470000001,12.9094430000001
92.7316589999999,12.890276
92.7280430000001,12.8730530000001
92.723877,12.8633310000001
92.691086,12.7961099999999
