"V1","V2"
21.2261050000001,79.037491
21.204716,79.0269320000001
21.188049,79.023315
21.1616630000001,79.0219270000001
21.125828,79.022766
21.066387,79.026093
21.039997,79.024704
20.9994389999999,79.018051
20.982494,79.0141600000001
20.954994,79.0160980000001
20.9430500000001,79.0205380000001
20.9236070000001,79.0299840000001
20.929996,79.0347140000001
20.9533270000001,79.0369259999999
21.021664,79.036102
21.103886,79.039703
21.150829,79.0449830000001
21.173328,79.045822
21.198883,79.045822
21.2186050000001,79.0424800000001
21.2261050000001,79.037491
