"V1","V2"
155.858856,-7.10027799999995
155.856079,-7.10416700000002
155.851898,-7.10694399999994
155.846619,-7.10833400000001
155.832733,-7.10166599999997
155.827454,-7.10166599999997
155.803314,-7.10916600000002
155.786377,-7.11916600000001
155.769135,-7.12944399999998
155.729401,-7.12388899999996
155.723846,-7.12277699999999
155.674683,-7.09666699999997
155.671082,-7.09333299999997
155.669708,-7.08805599999999
155.691071,-7.02944500000001
155.709412,-6.99611099999993
155.72995,-6.96749999999992
155.740234,-6.96749999999992
155.745239,-6.96972199999999
155.849396,-7.03361100000001
155.85968,-7.043612
155.867737,-7.05610999999999
155.869965,-7.06083299999995
155.86911,-7.06694499999992
155.858856,-7.10027799999995
