"V1","V2"
149.900818,-22.228333
149.896362,-22.230831
149.885254,-22.230553
149.876617,-22.22472
149.871063,-22.216389
149.866913,-22.186111
149.865784,-22.173889
149.876617,-22.102501
149.885803,-22.0741689999999
149.888306,-22.069447
149.893585,-22.060833
149.899719,-22.05278
149.903595,-22.049446
149.908325,-22.046947
149.914154,-22.0477789999999
149.930267,-22.128056
149.930817,-22.134167
149.922485,-22.185276
149.919128,-22.19611
149.917206,-22.201389
149.90387,-22.224167
149.900818,-22.228333
