"V1","V2"
-52.0247269999999,-1.58027800000002
-52.0633389999999,-1.58972199999999
-52.088341,-1.59333299999992
-52.121948,-1.58499999999992
-52.131111,-1.585556
-52.15834,-1.59722199999999
-52.1666719999999,-1.601944
-52.174728,-1.60888899999998
-52.200836,-1.64666699999998
-52.197502,-1.58416699999992
-52.198616,-1.57666699999993
-52.202782,-1.56861099999998
-52.210556,-1.56111099999998
-52.172226,-1.49722199999997
-52.0372239999999,-1.44055600000002
-52.029449,-1.43972200000002
-52.0211179999999,-1.44055600000002
-51.995285,-1.44944499999997
-51.986389,-1.45416699999998
-51.97084,-1.46499999999992
-51.963058,-1.47138899999993
-51.914452,-1.516389
-51.91584,-1.52416699999998
-51.920563,-1.53166699999997
-51.929451,-1.54055599999992
-51.937782,-1.54527799999994
-51.971947,-1.5625
-51.999451,-1.57333399999993
-52.0247269999999,-1.58027800000002
