"V1","V2"
24.5350000000001,37.182495
24.534164,37.1305540000001
24.509163,37.1127780000001
24.501389,37.1102749999999
24.4949990000001,37.1216660000001
24.492222,37.1238859999999
24.460278,37.135826
24.456108,37.1361080000001
24.439442,37.132217
24.433609,37.127777
24.4219440000001,37.1238859999999
24.4169430000001,37.124443
24.414719,37.1272200000001
24.4152759999999,37.1311040000001
24.4211080000001,37.1563870000001
24.4308320000001,37.171387
24.4419440000001,37.1841660000001
24.460278,37.1958310000001
24.479443,37.201942
24.492222,37.2027740000001
24.515831,37.201111
24.5311090000001,37.19194
24.533333,37.1891630000001
24.5347209999999,37.186104
24.5350000000001,37.182495
