"V1","V2"
56.3080440000001,80.381363
56.2594380000001,80.371094
56.2233200000001,80.3713680000001
55.9797130000001,80.3847200000001
55.8222200000001,80.397491
55.791664,80.4016570000001
55.7861100000001,80.4072110000001
55.7930530000001,80.4136050000001
55.8027500000001,80.4171450000001
55.8197170000001,80.4272
55.873047,80.435257
55.913879,80.4330440000001
56.0299910000001,80.4260860000001
56.2069400000001,80.4108120000001
56.2869420000001,80.40387
56.311104,80.3994289999999
56.3224949999999,80.39415
56.3277739999999,80.388596
56.3080440000001,80.381363
