"V1","V2"
120.281937,13.7541660000001
120.281372,13.684998
120.274696,13.6683310000001
120.257767,13.698332
120.25499,13.701664
120.25,13.7052760000001
120.202477,13.7352750000001
120.195251,13.7377760000001
120.191093,13.738331
120.189423,13.7374970000001
120.181091,13.7366640000001
120.129433,13.7605550000001
120.108871,13.779165
120.102768,13.7872199999999
120.094711,13.8005540000001
120.079987,13.849165
120.083878,13.855553
120.095543,13.8633310000001
120.106369,13.864719
120.114151,13.8633310000001
120.149429,13.8533310000001
120.223312,13.818054
120.238876,13.808054
120.259163,13.7886100000001
120.281937,13.7541660000001
