"V1","V2"
-50.5569459999999,-0.0625
-50.680557,-0.166667000000018
-50.70639,-0.179167000000007
-50.714729,-0.180277999999987
-50.733063,-0.180277999999987
-50.7411119999999,-0.183889000000022
-50.748894,-0.18861099999998
-50.7750019999999,-0.209166999999923
-50.809723,-0.239999999999952
-50.85778,-0.283055999999931
-50.87278,-0.270832999999982
-50.8900069999999,-0.266110999999967
-50.905006,-0.265277999999967
-50.928894,-0.268889000000001
-51.011116,-0.233888999999976
-51.01889,-0.230277999999998
-51.0272289999999,-0.224166999999966
-51.0313949999999,-0.207778000000019
-51.029724,-0.198888999999951
-51.021393,-0.169443999999942
-51.016113,-0.153055999999992
-51.011948,-0.145555999999999
-51.001114,-0.128332999999941
-50.9858399999999,-0.105000000000018
-50.972778,-0.089999999999975
-50.956947,-0.0863889999999401
-50.949722,-0.0877779999999575
-50.9319459999999,-0.0877779999999575
-50.8497239999999,-0.0638890000000174
-50.779167,-0.0419440000000009
-50.762505,-0.0358329999999683
-50.7386169999999,-0.0194440000000213
-50.71389,-0.00833299999999326
-50.70639,-0.00638899999995601
-50.698616,-0.00555599999995593
-50.6311109999999,-0.00638899999995601
-50.6227799999999,-0.00777799999997342
-50.613892,-0.0105559999999514
-50.5625,-0.0541669999999499
-50.5569459999999,-0.0625
