"V1","V2"
124.019875,11.118942
124.017487,11.055553
124.019989,11.055832
124.030823,11.056665
124.036743,11.055796
124.042213,11.049999
124.043053,11.0449980000001
124.045822,11.0097220000001
124.054703,10.8780540000001
124.034988,10.7955530000001
124.031662,10.617775
124.018333,10.451942
124.00499,10.4102760000001
124.005257,10.405277
124.008881,10.3947220000001
124.018883,10.387499
124.025269,10.3838880000001
124.026932,10.3819410000001
124.003052,10.356665
124.000267,10.3541640000001
123.965271,10.325554
123.961929,10.3233320000001
123.795822,10.2308310000001
123.773041,10.22583
123.769707,10.2238860000001
123.766937,10.221109
123.717484,10.1686100000001
123.638603,10.076109
123.63443,10.06361
123.623871,10.0286100000001
123.622482,10.023888
123.62442,9.97944300000006
123.626923,9.97083099999998
123.627197,9.94222100000013
123.610527,9.87888500000008
123.595543,9.86694100000005
123.577477,9.85166400000008
123.571114,9.84527600000001
123.539146,9.80249800000007
123.516098,9.73666399999996
123.511932,9.72083100000003
123.513893,9.71305300000006
123.514427,9.70583199999999
123.512497,9.68277500000005
123.510818,9.67499900000001
123.472763,9.57194300000003
123.439423,9.51972000000006
123.371643,9.43416400000007
123.364151,9.42555399999998
123.354713,9.41666600000002
123.349152,9.41361000000012
123.340271,9.41111000000001
123.333603,9.41027600000012
123.310257,9.41194300000001
123.304428,9.41472100000004
123.302757,9.41749800000008
123.301376,9.42277500000012
123.297211,9.48471999999992
123.296944,9.49027400000011
123.30748,9.55694199999994
123.348038,9.7758310000001
123.371628,9.87125000000003
123.387627,9.867932
123.393875,9.86871200000002
123.400505,9.87534800000003
123.406166,9.88491199999999
123.403633,9.91496600000011
123.39856,9.93155500000012
123.392509,9.93955600000004
123.3797,9.93611000000004
123.372208,9.94277600000004
123.369713,9.95249699999999
123.373032,9.986942
123.374977,9.99444200000011
123.410263,10.0499990000001
123.427757,10.063887
123.454987,10.0877760000001
123.465271,10.098053
123.506653,10.1427760000001
123.549423,10.2286090000001
123.599152,10.3508300000001
123.607483,10.356386
123.625526,10.3708310000001
123.664146,10.4127770000001
123.709991,10.4938870000001
123.709991,10.5041660000001
123.707207,10.5158330000001
123.7061,10.5324990000001
123.70665,10.5383320000001
123.711647,10.5558320000001
123.716927,10.5661090000001
123.758881,10.643888
123.792213,10.6891650000001
123.832764,10.751944
123.863876,10.812777
123.873871,10.8399980000001
123.90332,10.9219439999999
123.96138,11.089998
123.962486,11.117497
123.961487,11.119498
123.953598,11.1349980000001
123.947479,11.1452770000001
123.945251,11.153332
123.944702,11.1652760000001
123.945251,11.1708320000001
123.94664,11.183332
123.950272,11.1905540000001
123.998596,11.265833
124.001663,11.2694440000001
124.008614,11.271944
124.027771,11.277498
124.050262,11.277498
124.071663,11.2538870000001
124.07222,11.2519440000001
124.071457,11.25
124.068604,11.2427750000001
124.065536,11.238052
124.053864,11.227221
124.050262,11.221386
124.041931,11.203331
124.019875,11.118942
