"V1","V2"
-50.923332,69.8927610000001
-50.899994,69.891098
-50.879723,69.891098
-50.7797239999999,69.885269
-50.67028,69.860535
-50.66333,69.855255
-50.659164,69.848877
-50.653885,69.8366550000001
-50.661385,69.830276
-50.693611,69.805252
-50.702782,69.799423
-50.796669,69.7613830000001
-50.8075029999999,69.759995
-50.840553,69.758041
-50.8530579999999,69.757492
-50.850838,69.764999
-50.856392,69.7694400000001
-50.875832,69.770828
-50.8897249999999,69.7674870000001
-50.948334,69.7371980000001
-50.957504,69.7316590000001
-50.965279,69.7244260000001
-50.986946,69.637207
-50.986946,69.630264
-50.9791639999999,69.610809
-50.9647219999999,69.5933230000001
-50.9494399999999,69.569992
-50.946945,69.5635990000001
-50.949165,69.556091
-50.958336,69.550537
-50.9680559999999,69.546936
-51.109444,69.5055540000001
-51.121941,69.50444
-51.135559,69.50444
-51.170837,69.5088810000001
-51.211113,69.5191500000001
-51.241386,69.5294339999999
-51.249168,69.533325
-51.250282,69.5391540000001
-51.2488859999999,69.545258
-51.334442,69.685257
-51.344719,69.6885830000001
-51.361946,69.6902620000001
-51.378052,69.6935880000001
-51.385277,69.6988679999999
-51.388054,69.7052610000001
-51.375557,69.717484
-51.350838,69.734146
-51.342499,69.7383120000001
-51.254837,69.779358
-51.222771,69.793869
-51.18,69.809982
-51.157501,69.8183290000001
-51.135559,69.825272
-51.0791699999999,69.847763
-51.024719,69.8699800000001
-51.013893,69.874985
-51.00695,69.8799740000001
-51.011673,69.8824770000001
-51.0274959999999,69.882751
-51.0494459999999,69.8799740000001
-51.078339,69.874985
-51.117775,69.8655400000001
-51.1422269999999,69.8574830000001
-51.153053,69.8527680000001
-51.162216,69.8469390000001
-51.181946,69.83638
-51.197495,69.8333280000001
-51.217499,69.8338780000001
-51.234726,69.835541
-51.350838,69.847763
-51.362778,69.8519290000001
-51.221107,69.9130400000001
-51.207222,69.916382
-51.19194,69.9188690000001
-51.154442,69.920822
-51.0594409999999,69.924423
-51.019722,69.9230350000001
-51.008896,69.921097
-51.001945,69.918594
-50.96611,69.9030460000001
-50.93972,69.8958280000001
-50.923332,69.8927610000001
