"V1","V2"
-44.5863949999999,-3.05249999999995
-44.590004,-3.06277799999992
-44.5938949999999,-3.01194499999997
-44.577106,-2.98833500000001
-44.5598409999999,-2.91309899999993
-44.586113,-2.84750000000003
-44.585556,-2.84138899999994
-44.577507,-2.80194499999993
-44.571945,-2.78611099999995
-44.567505,-2.77666699999997
-44.561951,-2.76861100000002
-44.519173,-2.72194499999995
-44.510834,-2.71666699999997
-44.506111,-2.71472299999994
-44.483894,-2.70999999999998
-44.480835,-2.72583300000002
-44.4769519999999,-2.74861099999998
-44.480835,-2.86166699999995
-44.4936139999999,-2.94416699999994
-44.494728,-2.95027800000003
-44.496948,-2.95388899999995
-44.518616,-2.96611100000001
-44.532501,-2.97249999999997
-44.54306,-2.98249999999996
-44.548889,-2.99055600000003
-44.570282,-3.02416699999998
-44.5863949999999,-3.05249999999995
