"V1","V2"
56.242493,81.1010889999999
56.2880479999999,81.0977630000001
56.3263850000001,81.0977630000001
56.3599930000001,81.0997160000001
56.3883290000001,81.1035920000001
56.421661,81.1055450000001
56.633606,81.1058200000001
56.6719360000001,81.1055450000001
56.7152710000001,81.1033170000001
56.7863850000001,81.095535
56.850548,81.087494
56.8760990000001,81.0830540000001
56.894714,81.078049
56.920273,81.0736080000001
56.952217,81.069717
56.990829,81.0658109999999
57.129433,81.0547030000001
57.2161029999999,81.059708
57.247215,81.0624850000001
57.2811050000001,81.0608060000001
57.4866559999999,81.0463710000001
57.5119399999999,81.041931
57.6577680000001,81.010269
57.6580430000001,81.0066530000001
57.6627660000001,81.0010990000001
57.686104,80.9905400000001
57.697487,80.985535
57.727211,80.975266
57.770271,80.9660950000001
57.864441,80.9535980000001
57.9024890000001,80.949707
57.9894330000001,80.943863
58.069443,80.94136
58.1538770000001,80.9363710000001
58.236107,80.929153
58.2672120000001,80.924988
58.278603,80.919708
58.2522200000001,80.9147030000001
58.0780490000001,80.8927610000001
57.8661040000001,80.8541560000001
57.774162,80.845825
57.7366560000001,80.8461
57.6102749999999,80.8566440000001
57.5347209999999,80.864151
57.389992,80.8794249999999
57.226379,80.8997190000001
57.2016600000001,80.90416
57.2030490000001,80.9102630000001
57.217766,80.9169310000001
57.2338790000001,80.9294280000001
57.2238770000001,80.9405360000001
57.2055510000001,80.9455260000001
57.1805500000001,80.949997
57.14222,80.9535980000001
57.0619350000001,80.9561
56.9766540000001,80.960815
56.9383240000001,80.9644319999999
56.909431,80.980545
56.8922200000001,80.991089
56.893608,80.9972080000001
56.869156,81.011108
56.786659,81.024155
56.665268,81.0405430000001
56.4049910000001,81.064423
56.1994320000001,81.0811
56.1585999999999,81.082214
56.122215,81.084717
56.0963820000001,81.089157
56.097214,81.094986
56.104507,81.103073
56.109993,81.1088710000001
56.1241610000001,81.11554
56.1552659999999,81.118317
56.185265,81.11554
56.242493,81.1010889999999
