"V1","V2"
14.7573110000001,44.8037530000001
14.7787260000001,44.79248
14.825219,44.762333
14.861944,44.721664
14.865276,44.7066650000001
14.861111,44.7052760000001
14.8466660000001,44.702499
14.8408320000001,44.7033310000001
14.836666,44.7049940000001
14.74111,44.7627720000001
14.6998280000001,44.764023
14.659252,44.7947350000001
14.687993,44.7953000000001
14.6998280000001,44.806572
14.726944,44.797218
14.710278,44.820274
14.695276,44.829437
14.686666,44.8369370000001
14.6849990000001,44.8402710000001
14.686943,44.84333
14.72361,44.8533330000001
14.7449990000001,44.847496
14.758888,44.838608
14.7573110000001,44.8037530000001
