"V1","V2"
60.9852680000001,80.9160920000001
60.9141540000001,80.915268
60.8391570000001,80.9163820000001
60.482765,80.9305420000001
60.399162,80.935806
60.3319400000001,80.944138
60.065544,80.978592
60.041939,80.9833220000001
60.024994,80.991653
60.034996,80.998032
60.051384,81.004715
60.0830539999999,81.0072170000001
60.1010890000001,81.0074770000001
60.159714,81.011658
60.2188800000001,81.01915
60.246384,81.0238800000001
60.3952710000001,81.0574800000001
60.630272,81.089157
60.660271,81.0927580000001
60.756386,81.100815
61.0663830000001,81.11554
61.169159,81.120255
61.239716,81.1222080000001
61.3847200000001,81.1241460000001
61.4974900000001,81.123306
61.5374980000001,81.1216430000001
61.65416,81.110809
61.6560970000001,81.093872
61.6333310000001,81.053864
61.629433,81.04776
61.6080470000001,81.035538
61.583603,81.028595
61.380547,80.979156
61.143608,80.9294280000001
61.08416,80.9219210000001
61.0524900000001,80.919434
60.9852680000001,80.9160920000001
