"V1","V2"
130.606079,-0.541110999999887
130.594971,-0.543888999999979
130.581909,-0.543332999999961
130.471619,-0.528888999999992
130.466064,-0.527499999999918
130.462189,-0.524721999999997
130.461365,-0.519999999999925
130.455811,-0.468610999999953
130.477753,-0.451944000000026
130.481903,-0.449444000000028
130.614136,-0.410278000000005
130.62439,-0.413611000000003
130.637482,-0.419167999999956
130.660248,-0.426666999999952
130.69165,-0.450832999999989
130.694427,-0.454999999999984
130.695801,-0.46027799999996
130.695801,-0.467221999999879
130.693024,-0.471943999999951
130.670258,-0.509721999999954
130.666931,-0.513055999999949
130.658875,-0.518611000000021
130.640259,-0.527499999999918
130.635529,-0.529444000000012
130.606079,-0.541110999999887
