"V1","V2"
90.5472110000001,22.7194400000001
90.51944,22.685829
90.49498,22.7402730000001
90.4919280000001,22.746384
90.4860990000001,22.754719
90.4830470000001,22.756664
90.470825,22.7586100000001
90.462494,22.761108
90.4566500000001,22.764442
90.4547119999999,22.76722
90.465546,22.863052
90.4672090000001,22.866665
90.469711,22.868885
90.4772030000001,22.8705519999999
90.5505370000001,22.882496
90.587769,22.882217
90.641663,22.8702740000001
90.6608120000001,22.8649980000001
90.683594,22.853886
90.6910860000001,22.846943
90.693863,22.839996
90.6930390000001,22.835831
90.6908110000001,22.828609
90.682205,22.812775
90.6785890000001,22.8077740000001
90.675812,22.805553
90.656372,22.7963870000001
90.645828,22.792496
90.626373,22.7880520000001
90.565437,22.7838230000001
90.5416180000001,22.783195
90.5444410000001,22.751226
90.5472110000001,22.7194400000001
