"V1","V2"
-73.929459,-44.448059
-73.936401,-44.449722
-73.944733,-44.4483339999999
-73.951401,-44.446114
-73.95668,-44.443062
-73.9672849999999,-44.43483
-74.071396,-44.395004
-74.0822299999999,-44.388893
-74.085556,-44.384727
-74.0877839999999,-44.379723
-74.106949,-44.333618
-74.108063,-44.3280559999999
-74.1055599999999,-44.322784
-74.089172,-44.321671
-73.937225,-44.353058
-73.930847,-44.35556
-73.9283449999999,-44.3602829999999
-73.926117,-44.4358369999999
-73.926956,-44.4425049999999
-73.929459,-44.448059
