"V1","V2"
-79.942764,53.266937
-80.0091709999999,53.2638850000001
-80.0180659999999,53.265831
-80.024445,53.2688830000001
-80.0816799999999,53.316101
-80.083893,53.321106
-80.085281,53.3269420000001
-80.073334,53.3488770000001
-80.0688929999999,53.353325
-80.0613859999999,53.355553
-79.999725,53.364716
-79.944717,53.36805
-79.9505619999999,53.3497160000001
-79.95195,53.348328
-79.913055,53.2961040000001
-79.911942,53.2905500000001
-79.9133299999999,53.2830510000001
-79.9208369999999,53.2730480000001
-79.927216,53.270271
-79.942764,53.266937
