"V1","V2"
-74.0116729999999,-44.284172
-74.0072329999999,-44.3325039999999
-74.024734,-44.331673
-74.0366669999999,-44.3275069999999
-74.075562,-44.303062
-74.088623,-44.2919459999999
-74.0919489999999,-44.2877809999999
-74.094177,-44.2827839999999
-74.126114,-44.207779
-74.125565,-44.200836
-74.1230619999999,-44.195557
-74.06723,-44.151947
-74.0594479999999,-44.151115
-74.051682,-44.152779
-74.045288,-44.155281
-73.98584,-44.208336
-73.9508359999999,-44.240562
-74.0063929999999,-44.253891
-74.010834,-44.257782
-74.012222,-44.2716669999999
-74.0116729999999,-44.284172
