"V1","V2"
-114.115013,67.883881
-114.08223,67.8830410000001
-114.022232,67.8841550000001
-114.005836,67.8836060000001
-113.955002,67.881363
-113.921387,67.878036
-113.925003,67.874695
-113.941383,67.8752590000001
-113.986389,67.87442
-114,67.873306
-114.010277,67.8713680000001
-114.051666,67.870255
-114.083069,67.8705290000001
-114.195267,67.872482
-114.229721,67.8741460000001
-114.252502,67.879974
-114.296387,67.892212
-114.296951,67.8952639999999
-114.275558,67.9005429999999
-114.251106,67.904434
-114.219727,67.90416
-114.206123,67.9019320000001
-114.173889,67.8924870000001
-114.148621,67.887207
-114.133057,67.8852690000001
-114.115013,67.883881
