"V1","V2"
93.0644230000001,13.237497
93.0474850000001,13.0772210000001
93.045258,13.065554
93.0352630000001,13.047777
93.0294340000001,13.0394420000001
93.0260930000001,13.0361100000001
93.021103,13.0338880000001
92.984421,13.024443
92.978592,13.0247209999999
92.960266,13.034443
92.959717,13.0405540000001
92.965546,13.055553
92.966095,13.061943
92.966095,13.068609
92.9633180000001,13.0797200000001
92.9577640000001,13.0797200000001
92.9330440000001,13.0680540000001
92.9272,13.0599980000001
92.874985,12.9149990000001
92.87442,12.908888
92.8771970000001,12.90472
92.880539,12.9011100000001
92.8857350000001,12.8984510000001
92.8820110000001,12.8898130000001
92.8783950000001,12.8864790000001
92.873405,12.885922
92.868134,12.888219
92.858963,12.89892
92.853149,12.89892
92.845963,12.8940280000001
92.826553,12.9007540000001
92.813416,12.897921
92.8108060000001,12.9208320000001
92.806366,13.034443
92.8080290000001,13.052221
92.8108060000001,13.063053
92.813034,13.0680540000001
92.832489,13.160831
92.831665,13.166943
92.8402710000001,13.324442
92.8410950000001,13.3305530000001
92.8608400000001,13.370144
92.885056,13.3791230000001
92.900299,13.4346630000001
92.8924870000001,13.464998
92.9438630000001,13.543055
93.003876,13.5711100000001
93.008881,13.571665
93.042755,13.571386
93.0472110000001,13.5688880000001
93.0588680000001,13.54611
93.081375,13.3994430000001
93.0644230000001,13.237497
