"V1","V2"
178.280823,-17.4030529999999
178.302765,-17.4302789999999
178.372467,-17.474998
178.591064,-17.635834
178.598297,-17.643055
178.601074,-17.6580539999999
178.6008,-17.6705549999999
178.598572,-17.682499
178.595245,-17.693611
178.597748,-17.784168
178.620789,-17.89389
178.693298,-18.025002
178.697479,-18.0472219999999
178.6922,-18.056946
178.681091,-18.0741689999999
178.67804,-18.0783349999999
178.661102,-18.089722
178.588287,-18.1352769999999
178.560791,-18.115555
178.557465,-18.100277
178.553314,-18.0975
178.532196,-18.092224
178.400818,-18.103611
178.395813,-18.104168
178.348846,-18.1161119999999
178.338562,-18.119999
178.273315,-18.147499
178.243561,-18.18861
178.23053,-18.1899989999999
178.219421,-18.193054
178.194427,-18.217777
178.18219,-18.234165
178.175537,-18.241665
178.164703,-18.251945
178.160248,-18.254723
178.154968,-18.256668
178.019135,-18.26778
177.960236,-18.2683329999999
177.864136,-18.2638889999999
177.619965,-18.1816669999999
177.616364,-18.178333
177.611908,-18.175556
177.606079,-18.173889
177.516083,-18.1530529999999
177.473022,-18.162777
177.333313,-18.1194459999999
177.329681,-18.115833
177.299133,-18.078613
177.259155,-17.9983329999999
177.24884,-17.962776
177.248291,-17.956387
177.256653,-17.874168
177.25943,-17.869999
177.274994,-17.8572239999999
177.279419,-17.854446
177.294128,-17.8477779999999
177.371338,-17.8124999999999
177.429688,-17.761669
177.431915,-17.756668
177.433044,-17.7436099999999
177.432465,-17.737499
177.423859,-17.6908339999999
177.422485,-17.685276
177.419708,-17.68111
177.390259,-17.6675
177.387207,-17.6630549999999
177.385254,-17.6513899999999
177.388031,-17.6327779999999
177.510254,-17.509445
177.519135,-17.503891
177.624664,-17.444721
177.820251,-17.364723
177.825256,-17.3627779999999
177.831085,-17.3627779999999
177.834412,-17.373333
177.835236,-17.379723
177.834961,-17.386387
177.833313,-17.396111
177.897766,-17.407776
177.94635,-17.410557
177.953583,-17.410557
177.959412,-17.4091639999999
178.124664,-17.3577769999999
178.170532,-17.342499
178.18692,-17.3233339999999
178.188568,-17.30389
178.193024,-17.301113
178.217468,-17.3100009999999
178.239685,-17.3233339999999
178.24411,-17.326111
178.269135,-17.343891
178.271362,-17.348888
178.279694,-17.378056
178.281647,-17.389721
178.280823,-17.4030529999999
