"V1","V2"
29.8266640000001,69.7569430000001
29.793331,69.7544400000001
29.730553,69.75943
29.7161100000001,69.7619320000001
29.7163890000001,69.7669370000001
29.7700610000001,69.801353
29.808542,69.8219150000001
29.810123,69.865135
29.821663,69.901382
29.83083,69.9066620000001
29.8419420000001,69.910263
29.8752749999999,69.9072110000001
29.8933300000001,69.904434
29.978054,69.890823
30.0027770000001,69.8847200000001
30.048054,69.8274990000001
30.0425,69.8083189999999
29.959999,69.788055
29.8386080000001,69.75943
29.8266640000001,69.7569430000001
