"V1","V2"
-56.097778,73.0863800000001
-56.1322169999999,73.0819400000001
-56.131943,73.083328
-56.117218,73.0919340000001
-56.095833,73.0988770000001
-56.06778,73.111099
-56.053612,73.117477
-56.03928,73.1356510000001
-56.0271109999999,73.1621550000001
-56.0257799999999,73.166321
-56.026947,73.180817
-56.053612,73.1858060000001
-56.059998,73.1947020000001
-56.061111,73.198868
-56.01722,73.228592
-56.006393,73.2324830000001
-55.9575039999999,73.2488710000001
-55.931114,73.2558290000001
-55.895836,73.2608180000001
-55.886116,73.2613830000001
-55.8650049999999,73.259995
-55.858337,73.258331
-55.844444,73.2502750000001
-55.815552,73.2247010000001
-55.8144449999999,73.2213750000001
-55.816948,73.215271
-55.823059,73.211105
-55.8438869999999,73.2055510000001
-55.89167,73.1994170000001
-55.899445,73.197479
-55.945274,73.1755370000001
-55.9513929999999,73.1716460000001
-55.9788359999999,73.1468730000001
-55.9798359999999,73.144043
-55.980278,73.131088
-55.972771,73.125534
-55.9713819999999,73.1219180000001
-55.979721,73.118866
-56.097778,73.0863800000001
