"V1","V2"
-79.797501,57.418884
-79.801666,57.4158250000001
-79.805557,57.418053
-79.835831,57.4602740000001
-79.8269499999999,57.5380480000001
-79.808884,57.561661
-79.79277,57.5788800000001
-79.749161,57.609718
-79.740829,57.6155470000001
-79.7341609999999,57.618881
-79.7277829999999,57.61721
-79.723053,57.61277
-79.706116,57.5855480000001
-79.7066649999999,57.580826
-79.704727,57.5766600000001
-79.698608,57.5633240000001
-79.695831,57.531662
-79.698608,57.5199890000001
-79.7050019999999,57.5086059999999
-79.712509,57.500549
-79.797501,57.418884
