"V1","V2"
-51.380562,-0.48472199999992
-51.390007,-0.486110999999994
-51.398338,-0.485277999999994
-51.406113,-0.477777999999944
-51.408058,-0.470277999999951
-51.40667,-0.459166999999979
-51.4044489999999,-0.449722000000008
-51.39917,-0.434722000000022
-51.3916699999999,-0.427777999999989
-51.3641739999999,-0.411388999999986
-51.288895,-0.305000000000007
-51.286667,-0.297500000000014
-51.2805559999999,-0.279721999999936
-51.258057,-0.230277999999998
-51.253059,-0.220833000000027
-51.238892,-0.201666999999929
-51.223061,-0.183056000000022
-51.208061,-0.170000000000016
-51.192223,-0.159166999999968
-51.118057,-0.122777999999983
-51.110558,-0.119999999999948
-51.103058,-0.121388999999965
-51.095558,-0.127499999999941
-51.095001,-0.135278000000028
-51.1119459999999,-0.220833000000027
-51.137505,-0.285277999999948
-51.2202839999999,-0.367500000000007
-51.24778,-0.392221999999947
-51.311951,-0.441389000000015
-51.337502,-0.459166999999979
-51.380562,-0.48472199999992
