"V1","V2"
-124.730827,50.302216
-124.726936,50.299164
-124.724716,50.299164
-124.695541,50.289436
-124.683319,50.2833330000001
-124.672501,50.2761
-124.66861,50.2724910000001
-124.661118,50.2630540000001
-124.659439,50.2583309999999
-124.657501,50.2477720000001
-124.656113,50.231377
-124.65834,50.212212
-124.660004,50.207497
-124.662514,50.2033230000001
-124.695831,50.157494
-124.70195,50.1586000000001
-124.708054,50.161377
-124.792221,50.2252660000001
-124.794998,50.228874
-124.780838,50.26944
-124.777786,50.2774890000001
-124.745003,50.299438
-124.740547,50.301933
-124.730827,50.302216
