"V1","V2"
112.692749,-5.85277699999995
112.61998,-5.85944499999999
112.595261,-5.84999900000003
112.591087,-5.84722199999993
112.587769,-5.84388899999993
112.587196,-5.83916699999997
112.584427,-5.79833299999996
112.58638,-5.78666700000002
112.589157,-5.78250000000003
112.634987,-5.73944399999993
112.639977,-5.73750000000001
112.681664,-5.72999999999996
112.694672,-5.73135699999995
112.715271,-5.73750000000001
112.719994,-5.73944399999993
112.724152,-5.74222200000003
112.726929,-5.74638800000002
112.737198,-5.77694500000001
112.737762,-5.78999999999991
112.732483,-5.82555600000001
112.729713,-5.836389
112.726089,-5.83972299999988
112.721367,-5.84166699999997
112.692749,-5.85277699999995
