"V1","V2"
120.741653,-7.07555600000001
120.747208,-7.07694500000002
120.753326,-7.07638900000001
120.763046,-7.07222300000001
120.773041,-7.06138899999996
120.778053,-7.05916599999995
120.783333,-7.06749999999994
120.784149,-7.07361100000003
120.784149,-7.087222
120.781372,-7.09805599999999
120.769707,-7.13416699999999
120.679977,-7.14833399999992
120.673866,-7.14777900000001
120.669144,-7.14555499999994
120.652481,-7.13472299999995
120.640823,-7.125833
120.63472,-7.11833300000001
120.625259,-7.087222
120.62442,-7.08249999999998
120.62915,-7.02194499999996
120.630539,-7.01638899999989
120.63472,-7.01361199999997
120.640266,-7.01222200000001
120.658073,-7.02247799999992
120.679977,-7.04166700000002
120.688309,-7.04694499999999
120.741653,-7.07555600000001
