"V1","V2"
82.609711,74.0485990000001
82.597214,74.0485990000001
82.5872040000001,74.052765
82.5383150000001,74.064987
82.5000000000001,74.071381
82.358871,74.0738830000001
82.342758,74.078049
82.329437,74.083054
82.3219300000001,74.0897060000001
82.317764,74.0974880000001
82.3146970000001,74.114426
82.3199920000001,74.1213680000001
82.3366550000001,74.1336060000001
82.3516540000001,74.1380460000001
82.3880460000001,74.1452639999999
82.564697,74.1593170000001
82.6233060000001,74.145538
82.639435,74.141373
82.6660920000001,74.131363
82.7027739999999,74.1155400000001
82.7263790000001,74.1047060000001
82.736374,74.0988770000001
82.731369,74.091934
82.707764,74.081375
82.62442,74.05304
82.609711,74.0485990000001
