"V1","V2"
-160.695557,55.399994
-160.661407,55.3872149999999
-160.557495,55.391106
-160.549744,55.3891600000001
-160.543884,55.3855510000001
-160.536133,55.3752670000001
-160.532227,55.3616640000001
-160.533905,55.3502730000001
-160.541107,55.341377
-160.564453,55.333054
-160.570831,55.3297200000001
-160.580566,55.3219380000001
-160.582764,55.3169400000001
-160.584717,55.30555
-160.575012,55.2330470000001
-160.57251,55.228325
-160.564728,55.2263790000001
-160.555847,55.224991
-160.526398,55.2236020000001
-160.518616,55.221657
-160.511688,55.2185970000001
-160.462219,55.1933210000001
-160.46167,55.18721
-160.466644,55.1833270000001
-160.506409,55.1652679999999
-160.547516,55.1524890000001
-160.624146,55.1488800000001
-160.633057,55.1508259999999
-160.679169,55.1638790000001
-160.801392,55.1252670000001
-160.811401,55.1174930000001
-160.816406,55.1183240000001
-160.824158,55.13694
-160.85083,55.2038800000001
-160.858032,55.2627719999999
-160.857208,55.2686
-160.848328,55.330276
-160.844727,55.3347170000001
-160.800842,55.376381
-160.790833,55.384163
-160.775574,55.389992
-160.731384,55.4063800000001
-160.721924,55.4072110000001
-160.695557,55.399994
