"V1","V2"
89.681656,77.2844240000001
89.6874850000001,77.2777710000001
89.671097,77.273041
89.640549,77.2716520000001
89.611099,77.27388
89.5894320000001,77.277206
89.5758210000001,77.2824860000001
89.541656,77.281937
89.5363770000001,77.2763820000001
89.550262,77.2711030000001
89.581375,77.261658
89.599152,77.2572169999999
89.6246949999999,77.25444
89.65416,77.2524870000001
89.671921,77.2480320000001
89.6441500000001,77.2285920000001
89.6222080000001,77.2163850000001
89.596649,77.2052610000001
89.5641480000001,77.195526
89.4852600000001,77.1799770000001
89.4622040000001,77.176926
89.415817,77.171097
89.3891600000001,77.168869
89.355255,77.1683200000001
89.3219300000001,77.169708
89.312195,77.175537
89.306366,77.182205
89.2633210000001,77.189423
89.156937,77.1980290000001
89.1678310000001,77.164429
89.1458280000001,77.183319
89.1399840000001,77.1899720000001
89.135818,77.2049870000001
89.1436,77.2380370000001
89.1547090000001,77.2527770000001
89.1763760000001,77.264999
89.2144320000001,77.281937
89.263046,77.296371
89.2827610000001,77.3002620000001
89.306091,77.303314
89.3797,77.311371
89.440811,77.3138730000001
89.4747010000001,77.3144230000001
89.563599,77.308319
89.611099,77.3019260000001
89.6544339999999,77.2947080000001
89.671921,77.2902680000001
89.681656,77.2844240000001
