"V1","V2"
122.083328,-0.410278000000005
122.077209,-0.410833000000025
122.073036,-0.408333000000027
122.06694,-0.400832999999921
122.065536,-0.395278000000019
122.059418,-0.354721999999981
122.059418,-0.341111000000012
122.061371,-0.308888999999965
122.063599,-0.290278000000001
122.08194,-0.267777999999964
122.086929,-0.265556000000004
122.090271,-0.269166999999982
122.133347,-0.345245999999975
122.138321,-0.363610999999935
122.140266,-0.37527799999998
122.140266,-0.382221999999899
122.138321,-0.386943999999971
122.13472,-0.390277999999967
122.130814,-0.393055999999945
122.125809,-0.395278000000019
122.083328,-0.410278000000005
