"V1","V2"
-61.655273,57.3913800000001
-61.675003,57.389992
-61.839722,57.4080430000001
-61.860001,57.4124910000001
-61.877495,57.418602
-61.889999,57.4261020000001
-61.894447,57.429718
-61.897781,57.4333270000001
-61.900276,57.4374920000001
-61.897499,57.4441530000001
-61.8130039999999,57.473709
-61.7727389999999,57.495098
-61.742775,57.534996
-61.737221,57.5369420000001
-61.719994,57.536385
-61.648056,57.530273
-61.64389,57.522766
-61.634727,57.509438
-61.613617,57.4161000000001
-61.61528,57.4091570000001
-61.6341709999999,57.3988800000001
-61.648338,57.393608
-61.655273,57.3913800000001
