"V1","V2"
117.493591,6.74249800000013
117.51416,6.70861100000008
117.515549,6.70305400000001
117.515549,6.68944300000004
117.512772,6.67861000000011
117.508041,6.66972100000004
117.501099,6.66305399999993
117.496933,6.66027700000006
117.466927,6.6424990000001
117.453873,6.63499899999999
117.444138,6.63110999999992
117.433319,6.62833200000011
117.415543,6.62555400000014
117.409149,6.62610999999993
117.353043,6.63999899999999
117.348328,6.64194399999997
117.339981,6.6474990000001
117.337196,6.651388
117.335274,6.65611000000007
117.335274,6.66166600000003
117.342743,6.672527
117.395538,6.67666500000007
117.401657,6.67722100000009
117.412773,6.67999900000007
117.4272,6.68610999999999
117.436096,6.69083200000006
117.439423,6.69444300000004
117.444138,6.70305400000001
117.444977,6.70916600000004
117.443588,6.71472199999999
117.440262,6.71805500000011
117.435257,6.72027700000007
117.423027,6.72166499999997
117.410812,6.72027700000007
117.40387,6.72027700000007
117.400269,6.72361000000001
117.398331,6.72833300000013
117.399147,6.73444400000005
117.401093,6.73916500000001
117.408043,6.74611000000004
117.412773,6.74805500000002
117.465553,6.76250000000005
117.470261,6.76027800000008
117.490257,6.74611000000004
117.493591,6.74249800000013
