"V1","V2"
85.3328400000001,-66.6286159999999
85.3161620000001,-66.62973
85.27034,-66.6291959999999
85.2067260000001,-66.625305
85.1906130000001,-66.623901
85.174515,-66.619751
85.1572420000001,-66.610016
85.1511230000001,-66.603363
85.1519930000001,-66.590286
85.155594,-66.583908
85.2284090000001,-66.5261229999999
85.2416990000001,-66.519745
85.251709,-66.517517
85.2680820000001,-66.517517
85.2841950000001,-66.520294
85.2966920000001,-66.526947
85.3939210000001,-66.590286
85.396988,-66.5941769999999
85.3994750000001,-66.60585
85.395874,-66.612228
85.3825230000001,-66.618637
85.3658600000001,-66.623901
85.3328400000001,-66.6286159999999
