"V1","V2"
132.32608,33.8947140000001
132.332458,33.893326
132.353302,33.9030460000001
132.367737,33.9119340000001
132.417206,33.9394300000001
132.423035,33.941101
132.448303,33.9336010000001
132.45163,33.9227680000001
132.442474,33.9060969999999
132.438568,33.9019319999999
132.433868,33.898605
132.428864,33.896385
132.427216,33.8966980000001
132.331635,33.8491589999999
132.221344,33.853325
132.21524,33.8538820000001
132.19693,33.879158
132.191071,33.887772
132.185242,33.902214
132.184418,33.9074940000001
132.188873,33.931107
132.191345,33.937767
132.195801,33.941101
132.213013,33.945541
132.246063,33.9474870000001
132.2836,33.94249
132.288025,33.939987
132.297485,33.921661
132.321075,33.8980480000001
132.32608,33.8947140000001
