"V1","V2"
-176.037231,51.964432
-176.054749,51.9616550000001
-176.070282,51.9658280000001
-176.166412,51.9924930000001
-176.16864,51.9966510000001
-176.188629,52.0366520000001
-176.190857,52.0422130000001
-176.191986,52.0483250000001
-176.191986,52.0538790000001
-176.190857,52.05999
-176.1875,52.064713
-176.165588,52.091103
-176.152222,52.103325
-176.138062,52.10833
-176.12915,52.10833
-176.054993,52.1036000000001
-176.046112,52.1022190000001
-176.041718,52.098038
-175.9953,52.0291600000001
-176.013947,51.9774860000001
-176.016113,51.971924
-176.021698,51.96859
-176.037231,51.964432
