"V1","V2"
16.5724979999999,46.475273
16.584721,46.473053
16.599258,46.47496
16.6078720000001,46.4762340000001
16.6286090000001,46.4749980000001
16.66111,46.4655530000001
16.8013879999999,46.3913880000001
16.8405530000001,46.369995
16.8661080000001,46.3558270000001
16.873886,46.3469390000001
16.8783300000001,46.3411100000001
16.8788870000001,46.337494
16.879025,46.3085710000001
16.880577,46.304504
16.8899990000001,46.2849960000001
16.892776,46.282494
16.91972,46.2599950000001
16.937771,46.249451
16.973053,46.2336040000001
17.0402760000001,46.214165
17.1497190000001,46.1816640000001
17.153889,46.1799930000001
17.1574970000001,46.1777730000001
17.1799960000001,46.1572190000001
17.1855550000001,46.151939
17.2300000000001,46.097221
17.239441,46.083611
17.2547190000001,46.053329
17.2586099999999,46.0230480000001
17.255554,46.0205539999999
17.256943,46.01722
17.311386,45.9752730000001
17.3511090000001,45.953331
17.3586080000001,45.9499970000001
17.3894420000001,45.938049
17.418053,45.934715
17.423332,45.9344410000001
17.431664,45.937218
17.434719,45.9397200000001
17.4341660000001,45.9436040000001
17.432858,45.9454270000001
17.427776,45.9524989999999
17.4586110000001,45.9544370000001
17.576664,45.940552
17.5852780000001,45.936943
17.5916630000001,45.93222
17.62611,45.90583
17.640274,45.8930510000001
17.6494410000001,45.877495
17.6526950000001,45.8531340000001
17.6572190000001,45.840828
17.66,45.8383329999999
17.6694410000001,45.834999
17.880833,45.783882
18.006386,45.7869420000001
18.1533320000001,45.787216
18.189163,45.7844390000001
18.2019420000001,45.7833330000001
18.2208330000001,45.7811050000001
18.2308310000001,45.778328
18.238052,45.773888
18.242775,45.7683260000001
18.2505530000001,45.764442
18.2608300000001,45.7624970000001
18.329441,45.7547150000001
18.335831,45.7541659999999
18.407497,45.748329
18.4241640000001,45.7491610000001
18.443333,45.752777
18.551666,45.7983320000001
18.559444,45.8016660000001
18.595276,45.8255540000001
18.601665,45.8302760000001
18.6147190000001,45.845833
18.622219,45.856941
18.7155530000001,45.9136050000001
18.7233310000001,45.909439
18.779999,45.894722
18.807499,45.902771
18.8170200000001,45.912964
18.831654,45.8771290000001
18.833054,45.873886
18.883053,45.8288880000001
18.889721,45.824997
18.90361,45.820274
18.9088860000001,45.819443
18.9244420000001,45.8119430000001
18.9552760000001,45.784721
18.9574890000001,45.7819440000001
18.958611,45.7786100000001
18.969479,45.671616
18.969166,45.667496
18.9683570000001,45.6630170000001
18.960552,45.65416
18.9391630000001,45.630829
18.933609,45.625275
18.912498,45.6233290000001
18.909458,45.620758
18.9072150000001,45.6132810000001
18.9008329999999,45.5774990000001
18.902496,45.570274
18.9047850000001,45.5672839999999
18.9253460000001,45.5478440000001
18.933018,45.541855
18.942181,45.5386810000001
18.955269,45.5371860000001
18.965366,45.5386810000001
18.9739690000001,45.5412979999999
18.996944,45.5580520000001
18.9997710000001,45.561119
19.0038870000001,45.5624920000001
19.0141639999999,45.5638890000001
19.0205230000001,45.5629880000001
19.024719,45.5613860000001
19.0958749999999,45.5218510000001
19.099987,45.515869
19.1016730000001,45.508949
19.0998,45.499786
19.094753,45.493805
19.0878369999999,45.4895020000001
19.073887,45.4861070000001
19.057545,45.48558
19.0516660000001,45.486664
19.0425,45.4897160000001
19.0306210000001,45.4954829999999
19.0205230000001,45.4986650000001
19.0102390000001,45.497169
19.0000000000001,45.490829
18.997711,45.48745
18.9963870000001,45.48333
18.978054,45.389717
18.9803240000001,45.3786240000001
18.9886090000001,45.3708270000001
19.112499,45.29805
19.1386110000001,45.287498
19.190205,45.2703320000001
19.2605210000001,45.2474290000001
19.2850040000001,45.2434080000001
19.320339,45.2383650000001
19.34446,45.2350010000001
19.356667,45.234161
19.3889619999999,45.2357480000001
19.4000930000001,45.2358320000001
19.4183310000001,45.2347179999999
19.423885,45.22583
19.4261090000001,45.209999
19.4244419999999,45.189163
19.4227750000001,45.1799930000001
19.415833,45.175827
19.41111,45.1749950000001
19.352497,45.173332
19.2616650000001,45.180275
19.2508320000001,45.182777
19.2472189999999,45.184715
19.2349970000001,45.198883
19.2183300000001,45.2083320000001
19.2073310000001,45.2116620000001
19.1874960000001,45.216942
19.171108,45.2163850000001
19.1636090000001,45.212219
19.1041640000001,45.096664
19.115555,45.0319440000001
19.0508310000001,44.928055
19.043053,44.931664
19.0366630000001,44.932495
19.032497,44.9308320000001
19.013611,44.9166640000001
19.0108299999999,44.914162
19.006107,44.9077760000001
19.004444,44.9044420000001
19.0047190000001,44.900276
19.009441,44.8944400000001
19.015831,44.8894420000001
19.0286100000001,44.8802720000001
19.039719,44.8613819999999
19.0297200000001,44.860275
18.96833,44.8536070000001
18.957222,44.8530499999999
18.8611110000001,44.8586040000001
18.8499980000001,44.8608320000001
18.841389,44.863609
18.8344420000001,44.8680500000001
18.794167,44.894997
18.788055,44.8997190000001
18.7680550000001,44.9158330000001
18.7611080000001,44.9388890000001
18.763885,44.945
18.7736090000001,44.9444430000001
18.7805520000001,44.940277
18.7899969999999,44.9388890000001
18.7977750000001,44.9422149999999
18.800831,44.949715
18.7958300000001,44.9899980000001
18.794167,44.997215
18.6341630000001,45.0833280000001
18.419167,45.108887
18.2697220000001,45.136665
18.2519419999999,45.138885
18.2330550000001,45.135826
18.216663,45.129715
18.2113880000001,45.123329
18.210278,45.114716
18.2127760000001,45.1077730000001
18.2174989999999,45.1022190000001
18.2180520000001,45.0952760000001
18.2127760000001,45.0888820000001
18.2055550000001,45.0849990000001
18.1974980000001,45.0816650000001
18.179165,45.077774
18.1669430000001,45.078606
18.130276,45.082222
18.1199990000001,45.0833280000001
18.1108320000001,45.086105
18.070274,45.1044390000001
17.933052,45.0802760000001
17.912498,45.0680540000001
17.8736079999999,45.050278
17.863888,45.0483320000001
17.851944,45.0494380000001
17.832775,45.0555500000001
17.7580530000001,45.086662
17.689999,45.1227719999999
17.5963860000001,45.108887
17.519554,45.1095120000001
17.4941640000001,45.1099930000001
17.483887,45.1111070000001
17.4844440000001,45.11805
17.4811100000001,45.1311040000001
17.282497,45.1763840000001
17.2466660000001,45.1530530000001
17.240555,45.1486050000001
17.230553,45.1466600000001
17.188332,45.148048
17.177219,45.1486050000001
17.0711099999999,45.1883320000001
17.0499990000001,45.2013850000001
17.0436100000001,45.2061080000001
17.0402760000001,45.212494
17.0363880000001,45.227219
16.913925,45.265945
16.8464360000001,45.202034
16.8468820000001,45.1984560000001
16.845989,45.1944350000001
16.8383900000001,45.1904140000001
16.824444,45.1874920000001
16.8124960000001,45.1874920000001
16.682777,45.2049940000001
16.6627770000001,45.210274
16.629662,45.2208100000001
16.601952,45.2301940000001
16.589882,45.2301940000001
16.541164,45.2270660000001
16.5304370000001,45.2261730000001
16.5263860000001,45.2244420000001
16.5085370000001,45.214546
16.5022769999999,45.2096330000001
16.4763870000001,45.185829
16.4178049999999,45.12426
16.366402,45.042023
16.359699,45.016548
16.357018,45.0084990000001
16.3512079999999,45.0035860000001
16.3427120000001,45.0009000000001
16.291759,44.999115
16.263885,45.0083310000001
16.2480550000001,45.0149990000001
16.2202760000001,45.028328
16.209721,45.0344390000001
16.19722,45.0444410000001
16.1161080000001,45.1216660000001
16.1094440000001,45.1308290000001
16.0361100000001,45.2058260000001
16.023052,45.2149960000001
16.015274,45.2183300000001
15.9366660000001,45.2286070000001
15.924999,45.22805
15.8824999999999,45.222496
15.834166,45.2119369999999
15.823332,45.205276
15.81111,45.1955490000001
15.8025000000001,45.188049
15.7941670000001,45.1799930000001
15.786665,45.1719440000001
15.781111,45.1619420000001
15.765554,45.082222
15.764721,45.073608
15.764999,45.0563890000001
15.7691649999999,44.9227749999999
15.7436100000001,44.8299940000001
15.738888,44.8241650000001
15.736387,44.81694
15.7369440000001,44.8124920000001
15.742222,44.8036040000001
15.759998,44.7838820000001
15.7675,44.776108
15.8547210000001,44.7144389999999
15.858889,44.7124940000001
15.864166,44.7113880000001
15.8749980000001,44.7102740000001
15.92861,44.7122190000001
15.9394440000001,44.710548
15.9438880000001,44.708611
15.9569440000001,44.6999970000001
15.961666,44.6938860000001
16.010555,44.616943
16.033333,44.574165
16.0741649999999,44.5305480000001
16.1116640000001,44.5113830000001
16.1191640000001,44.5069429999999
16.126389,44.4986040000001
16.1333310000001,44.4861070000001
16.198055,44.3536070000001
16.1919439999999,44.3138890000001
16.14333,44.2041629999999
16.1430549999999,44.19944
16.1455539999999,44.1966630000001
16.149998,44.194443
16.1600000000001,44.192772
16.1722220000001,44.1922150000001
16.199165,44.195274
16.2144430000001,44.197495
16.238052,44.198326
16.2492940000001,44.1967320000001
16.2649989999999,44.189438
16.280277,44.176941
16.302219,44.157219
16.3094440000001,44.1486050000001
16.316944,44.1358260000001
16.322498,44.1222150000001
16.3230550000001,44.1180500000001
16.32972,44.1041640000001
16.3388860000001,44.09333
16.354721,44.081665
16.415554,44.0433270000001
16.426666,44.0369420000001
16.4388890000001,44.0319440000001
16.463608,44.0266650000001
16.504719,44.0230480000001
16.5161090000001,44.0219420000001
16.5297200000001,44.017776
16.5372199999999,44.013611
16.642498,43.916382
16.6502760000001,43.9080510000001
16.696663,43.8561100000001
16.7013850000001,43.850555
16.7072220000001,43.8411100000001
16.7119410000001,43.8263850000001
16.8297200000001,43.7255550000001
16.937496,43.6216660000001
16.9558299999999,43.603333
16.976387,43.5861050000001
17.046387,43.5405500000001
17.059719,43.531944
17.071388,43.5263820000001
17.0983310000001,43.513611
17.114998,43.506943
17.1602750000001,43.497772
17.223331,43.47805
17.247776,43.4683300000001
17.2616650000001,43.4597170000001
17.269444,43.451942
17.2711110000001,43.448608
17.2719420000001,43.444443
17.270275,43.436386
17.2619439999999,43.4286040000001
17.2572210000001,43.4227750000001
17.256107,43.414444
17.277222,43.332771
17.279163,43.325272
17.285553,43.3072200000001
17.289719,43.296944
17.298054,43.28083
17.3094440000001,43.270554
17.434719,43.1794430000001
17.5591660000001,43.1177750000001
17.5713880000001,43.1122210000001
17.5894430000001,43.1022190000001
17.630276,43.076942
17.643055,43.063889
17.649719,43.0549930000001
17.6591640000001,43.039444
17.664719,43.0291599999999
17.670555,43.016663
17.680832,42.992775
17.688015,42.9746090000001
17.6836090000001,42.967216
17.6766660000001,42.9633330000001
17.6683310000001,42.960548
17.5785260000001,42.9438249999999
17.533054,42.9474950000001
17.519165,42.9519420000001
17.5116650000001,42.9558260000001
17.487778,42.9749980000001
17.47361,42.9874950000001
17.4716640000001,42.990555
17.470554,43.017776
17.4549980000001,43.0333330000001
17.3302760000001,43.1144410000001
17.322777,43.118332
17.251663,43.15416
17.2225,43.1613850000001
17.183052,43.171661
17.178886,43.173332
17.174721,43.1752780000001
17.1313860000001,43.1988830000001
17.0730550000001,43.233887
17.0633319999999,43.248055
17.0491640000001,43.2686080000001
17.040833,43.2763820000001
16.939999,43.364716
16.8844409999999,43.4030530000001
16.8788870000001,43.40416
16.860832,43.405273
16.8380550000001,43.405273
16.8136100000001,43.4069440000001
16.7641640000001,43.4113850000001
16.736385,43.4161070000001
16.639999,43.4402769999999
16.635555,43.44194
16.618889,43.448883
16.499165,43.5030520000001
16.465553,43.5283280000001
16.4730530000001,43.531944
16.4730530000001,43.5349960000001
16.4652750000001,43.538887
16.4333310000001,43.5452730000001
16.427776,43.5461040000001
16.3597220000001,43.5508270000001
16.3483310000001,43.5508270000001
16.310276,43.543053
16.190552,43.5116650000001
16.170555,43.495827
16.1699980000001,43.4880520000001
16.1161080000001,43.476662
16.1058310000001,43.4755549999999
16.0944440000001,43.4755549999999
16.039444,43.48111
16.0344430000001,43.4824980000001
15.9883330000001,43.50444
15.9266660000001,43.556664
15.9175,43.5683290000001
15.915554,43.5713880000001
15.9152769999999,43.6227720000001
15.9152769999999,43.626938
15.917221,43.630554
15.9222219999999,43.6311040000001
15.9313890000001,43.6280520000001
15.9369430000001,43.62722
15.9577770000001,43.6291660000001
15.967499,43.6308290000001
15.9691659999999,43.633606
15.940832,43.6836090000001
15.787498,43.754997
15.783333,43.7566600000001
15.778889,43.7566600000001
15.688889,43.7788849999999
15.5994430000001,43.845276
15.533888,43.881943
15.533054,43.889717
15.5308320000001,43.8927760000001
15.5201280000001,43.8988340000001
15.496944,43.9102710000001
15.484999,43.9158330000001
15.4630549999999,43.919716
15.4519440000001,43.9255520000001
15.4055540000001,43.965271
15.281666,44.0730510000001
15.232222,44.1191640000001
15.151667,44.1963880000001
15.157914,44.221188
15.113333,44.260277
15.113888,44.2638850000001
15.1208320000001,44.2780530000001
15.123888,44.28083
15.138332,44.283333
15.143332,44.2822190000001
15.1469440000001,44.279999
15.151943,44.2747189999999
15.1745340000001,44.2461200000001
15.203888,44.2549970000001
15.2065870000001,44.263927
15.18878,44.2852940000001
15.2083670000001,44.284702
15.2131160000001,44.2924159999999
15.2321100000001,44.282921
15.2841660000001,44.246666
15.289444,44.247215
15.2922210000001,44.2497180000001
15.2936100000001,44.253609
15.292776,44.2575000000001
15.2799989999999,44.305832
15.261788,44.3244710000001
15.2689100000001,44.330406
15.287905,44.323875
15.3418879999999,44.2874949999999
15.3850550000001,44.270164
15.4144440000001,44.2599950000001
15.5061089999999,44.2541660000001
15.522778,44.254715
15.5274980000001,44.255829
15.5299990000001,44.258888
15.529722,44.2630540000001
15.52611,44.2694400000001
15.5205550000001,44.2744370000001
15.515554,44.2755510000001
15.5033320000001,44.2761080000001
15.481388,44.274994
15.475832,44.2761080000001
15.4511110000001,44.282494
15.44611,44.2838819999999
15.2766669999999,44.364441
15.2644440000001,44.3738860000001
15.181665,44.438606
15.140833,44.473053
15.0958330000001,44.5180510000001
15.025276,44.5636060000001
15.0202770000001,44.5649950000001
15.00861,44.5647200000001
15.0008320000001,44.5686040000001
14.9905550000001,44.5794370000001
14.9758320000001,44.596107
14.966389,44.6072160000001
14.926388,44.654999
14.8961110000001,44.69194
14.893332,44.698608
14.888611,44.7124940000001
14.886944,44.719994
14.878887,44.805275
14.8783320000001,44.8174970000001
14.878054,44.838333
14.879166,44.851662
14.8819430000001,44.859161
14.891943,44.886108
14.8961110000001,44.8927760000001
14.907776,44.9080510000001
14.9113880000001,44.914993
14.919167,44.949165
14.9208320000001,44.966942
14.9186100000001,44.9738850000001
14.842499,45.1116640000001
14.8394430000001,45.114166
14.8249990000001,45.1174930000001
14.8191660000001,45.1183320000001
14.800278,45.1230550000001
14.7575000000001,45.1341630000001
14.748055,45.137215
14.732222,45.1444400000001
14.7174990000001,45.1527710000001
14.674444,45.1822200000001
14.584999,45.25222
14.482777,45.3111040000001
14.4558320000001,45.3191600000001
14.441387,45.323326
14.329443,45.354439
14.324999,45.353333
14.3188880000001,45.3480530000001
14.292776,45.3249970000001
14.288055,45.318886
14.2827760000001,45.308052
14.253887,45.2319410000001
14.246944,45.2074970000001
14.2458320000001,45.203331
14.2500000000001,45.188889
14.239721,45.1641619999999
14.2316670000001,45.145828
14.23,45.142494
14.2166649999999,45.123329
14.176388,45.0855480000001
14.169722,45.080826
14.1652769999999,45.0797200000001
14.154165,45.0799940000001
14.153889,45.0722200000001
14.1558320000001,45.0394440000001
14.165554,45.0024950000001
14.1668010000001,45.0000000000001
14.1688879999999,44.9958270000001
14.170555,44.9886090000001
14.1669429999999,44.981384
14.148611,44.9641649999999
14.1458320000001,44.961662
14.1413880000001,44.9613880000001
14.0875,44.9613880000001
13.997499,44.8963850000001
13.992222,44.8847200000001
13.976387,44.8488849999999
13.9752770000001,44.8449940000001
13.974998,44.825272
13.9766650000001,44.822777
13.994165,44.818054
13.996387,44.8152770000001
13.9972210000001,44.811386
13.995554,44.808052
13.912222,44.7705540000001
13.9072210000001,44.770828
13.899166,44.774437
13.8208330000001,44.8544390000001
13.8130550000001,44.865829
13.8294430000001,44.866104
13.842222,44.876106
13.843332,44.8799970000001
13.8416650000001,44.8833310000001
13.756943,44.981384
13.68111,45.051384
13.6030539999999,45.157776
13.595554,45.2472149999999
13.5944440000001,45.2541660000001
13.575832,45.3002779999999
13.533609,45.4016650000001
13.4963870000001,45.490829
13.5044440000001,45.504166
13.507221,45.5066600000001
13.5111100000001,45.506386
13.554998,45.494438
13.5917400000001,45.4816970000001
13.5952760000001,45.477776
13.6074980000001,45.468605
13.626944,45.4588850000001
13.6394440000001,45.4538880000001
13.6477780000001,45.451111
13.668055,45.446388
13.678888,45.4450000000001
13.7036090000001,45.44416
13.9069440000001,45.453331
13.9524990000001,45.4566649999999
13.9813879999999,45.4588850000001
13.986666,45.4599989999999
13.9891660000001,45.462776
13.9958320000001,45.471939
14.13722,45.475273
14.387499,45.485275
14.3974989999999,45.4869380000001
14.407221,45.4891660000001
14.419722,45.4941640000001
14.485832,45.529716
14.495832,45.541664
14.5013890000001,45.551666
14.535,45.6122209999999
14.562498,45.661659
14.564999,45.664993
14.5769440000001,45.669441
14.601387,45.675278
14.6066670000001,45.6744380000001
14.6097220000001,45.671944
14.611666,45.6691670000001
14.6122210000001,45.664162
14.609444,45.6391600000001
14.6097220000001,45.6269380000001
14.6155550000001,45.617218
14.6261099999999,45.6069410000001
14.72361,45.5313870000001
14.8180540000001,45.46611
14.822975,45.4647670000001
14.831673,45.4654540000001
14.8637140000001,45.468658
14.907776,45.476662
14.91132,45.4785000000001
14.9136100000001,45.4816670000001
14.918644,45.4931490000001
14.9790670000001,45.500473
15.090555,45.4727710000001
15.0935039999999,45.4702610000001
15.1505550000001,45.4319380000001
15.162794,45.426643
15.174458,45.425819
15.2772220000001,45.462776
15.306358,45.5348050000001
15.304165,45.5377730000001
15.3026770000001,45.54097
15.2939989999999,45.5945360000001
15.3070890000001,45.6298680000001
15.352591,45.6517560000001
15.368055,45.702774
15.3674980000001,45.7069400000001
15.3655550000001,45.709717
15.3586100000001,45.7144390000001
15.348331,45.7155530000001
15.304165,45.706383
15.304998,45.698051
15.304998,45.693886
15.302776,45.690826
15.294167,45.6877749999999
15.289721,45.6891630000001
15.2833330000001,45.694717
15.2808319999999,45.701385
15.281666,45.7058260000001
15.291943,45.7311100000001
15.29611,45.7374950000001
15.3091660000001,45.751938
15.322498,45.7613830000001
15.333887,45.7663880000001
15.499443,45.835831
15.6027770000001,45.8486100000001
15.6094439999999,45.8486100000001
15.614721,45.8474959999999
15.6202769999999,45.8422160000001
15.624722,45.836662
15.634722,45.82972
15.6463870000001,45.823883
15.650833,45.8230510000001
15.656666,45.8233260000001
15.694443,45.8419420000001
15.697777,45.844162
15.724443,45.9386060000001
15.7194440000001,46.038887
15.7183320000001,46.0472180000001
15.714722,46.053604
15.7116660000001,46.055832
15.706944,46.0574950000001
15.679165,46.065826
15.6613880000001,46.067215
15.6569440000001,46.0694429999999
15.6363890000001,46.082222
15.6294440000001,46.086937
15.606388,46.1158290000001
15.5997220000001,46.142494
15.60111,46.1461110000001
15.6119440000001,46.166939
15.649166,46.2138820000001
15.6547219999999,46.219444
15.6613880000001,46.2238849999999
15.671389,46.226387
15.676666,46.226662
15.695276,46.2252730000001
15.797777,46.23333
16.0172200000001,46.29805
16.077774,46.3288880000001
16.081108,46.331108
16.0833320000001,46.3341600000001
16.079441,46.3499980000001
16.0774989999999,46.3527760000001
16.0741649999999,46.3636090000001
16.0747180000001,46.3724980000001
16.075924,46.3843310000001
16.1358300000001,46.405273
16.139999,46.406662
16.2661090000001,46.419441
16.2500000000001,46.4861070000001
16.249443,46.4902729999999
16.251858,46.498924
16.258331,46.5069430000001
16.2674979999999,46.5144420000001
16.2925070000001,46.5308150000001
16.3355520000001,46.5338820000001
16.3841629999999,46.5358279999999
16.461388,46.5216600000001
16.4663890000001,46.5202710000001
16.4936099999999,46.510551
16.4958310000001,46.5075
16.4944380000001,46.5033260000001
16.498055,46.5013890000001
16.517792,46.4916460000001
16.556412,46.4789050000001
16.5724979999999,46.475273
