"V1","V2"
156.617737,77.103867
156.589966,77.1030430000001
156.564423,77.104431
156.515533,77.109146
156.468842,77.1163790000001
156.448029,77.122482
156.438568,77.1288600000001
156.434143,77.135269
156.450256,77.140274
156.496857,77.1470639999999
156.555542,77.1480410000001
156.603027,77.146942
156.653046,77.1430510000001
156.67746,77.140549
156.700806,77.1369320000001
156.722748,77.1322020000001
156.732178,77.1258090000001
156.731354,77.1197050000001
156.720245,77.1144260000001
156.703857,77.109146
156.673859,77.10582
156.617737,77.103867
