"V1","V2"
-127.914436,51.41082
-127.924438,51.4102710000001
-128.065277,51.4641570000001
-128.075836,51.470543
-128.081116,51.4747090000001
-128.153076,51.601662
-128.154175,51.605827
-128.152802,51.6380460000001
-128.152496,51.641937
-128.150299,51.6474910000001
-128.145569,51.653603
-128.136414,51.6616590000001
-128.013062,51.7213750000001
-128.00528,51.7233200000001
-128,51.720543
-127.996948,51.7141570000001
-127.998047,51.711662
-127.995003,51.7052690000001
-127.983887,51.6824950000001
-127.967499,51.651932
-127.951683,51.633881
-127.937767,51.6219330000001
-127.926392,51.608887
-127.919998,51.6005479999999
-127.905563,51.559715
-127.873611,51.464439
-127.871933,51.451935
-127.873322,51.4477690000001
-127.876663,51.443047
-127.904449,51.4147110000001
-127.914436,51.41082
