"V1","V2"
-88.2872159999999,78.243317
-88.360001,78.2377619999999
-88.381943,78.242477
-88.393616,78.248871
-88.404724,78.2599950000001
-88.4075009999999,78.2644350000001
-88.4111179999999,78.27388
-88.409729,78.292206
-88.404449,78.298035
-88.2352749999999,78.426926
-88.113052,78.455261
-88.094452,78.4569400000001
-88.070282,78.454712
-88.0613859999999,78.4524840000001
-88.0527799999999,78.4455260000001
-88.049728,78.4444270000001
-88.043335,78.4366460000001
-88.0444489999999,78.424423
-88.044998,78.4213710000001
-88.046661,78.418869
-88.05722,78.4074859999999
-88.166397,78.308029
-88.187775,78.2916559999999
-88.245544,78.2527770000001
-88.255005,78.2472080000001
-88.2872159999999,78.243317
