"V1","V2"
-51.293335,68.1008150000001
-51.365005,68.0899810000001
-51.414444,68.0844270000001
-51.43972,68.0824890000001
-51.4655529999999,68.083054
-51.480278,68.0844270000001
-51.512505,68.0894320000001
-51.526108,68.089706
-51.5913849999999,68.087494
-51.727493,68.073044
-51.839996,68.0630340000001
-51.89167,68.059982
-51.9327769999999,68.0597080000001
-51.9605559999999,68.062195
-51.9766619999999,68.0652620000001
-52.001114,68.0724950000001
-52.007507,68.0766600000001
-52.007225,68.081375
-51.9883349999999,68.0905460000001
-51.976944,68.093048
-51.950554,68.0938720000001
-51.907501,68.0924840000001
-51.867775,68.093048
-51.840553,68.0947110000001
-51.841942,68.0994259999999
-51.838333,68.1049800000001
-51.828339,68.109146
-51.8036119999999,68.1133120000001
-51.459167,68.148041
-51.4327769999999,68.1505430000001
-51.418892,68.1499940000001
-51.3161089999999,68.141098
-51.216393,68.1255340000001
-51.205276,68.121643
-51.211388,68.116089
-51.293335,68.1008150000001
