"V1","V2"
-78.3414,22.533886
-78.2780609999999,22.4499970000001
-78.276123,22.445
-78.2763979999999,22.4397200000001
-78.280289,22.436386
-78.2930599999999,22.4347190000001
-78.298889,22.436386
-78.405838,22.4288860000001
-78.410278,22.426388
-78.425293,22.412498
-78.396957,22.4416660000001
-78.394455,22.4463880000001
-78.39418,22.4519419999999
-78.395569,22.457497
-78.400009,22.460552
-78.4191739999999,22.463886
-78.464737,22.458332
-78.474167,22.453053
-78.4819489999999,22.4463880000001
-78.486954,22.4452739999999
-78.4938959999999,22.445
-78.536957,22.448055
-78.653061,22.486942
-78.6905669999999,22.5000000000001
-78.694168,22.5036090000001
-78.696121,22.50861
-78.696671,22.5147210000001
-78.694458,22.5311090000001
-78.692505,22.535275
-78.677505,22.555553
-78.673065,22.558052
-78.645569,22.5536080000001
-78.638901,22.5524980000001
-78.6033479999999,22.545555
-78.597504,22.5441670000001
-78.583344,22.5297200000001
-78.571671,22.5263860000001
-78.551392,22.523609
-78.5366669999999,22.5230520000001
-78.4594569999999,22.5274959999999
-78.4486239999999,22.53833
-78.4283449999999,22.553886
-78.423065,22.555832
-78.404175,22.5586089999999
-78.397507,22.558887
-78.390839,22.558052
-78.349731,22.539719
-78.3414,22.533886
