"V1","V2"
114.402481,-7.18111099999993
114.392212,-7.18444399999993
114.385818,-7.18361099999993
114.328323,-7.166111
114.324158,-7.16333399999996
114.297493,-7.10833400000001
114.29332,-7.09861099999995
114.291931,-7.09333299999997
114.291931,-7.0877779999999
114.29332,-7.08249999999998
114.303589,-7.07222300000001
114.307747,-7.06944499999992
114.312759,-7.06749999999994
114.32695,-7.06397199999998
114.335823,-7.06194399999998
114.35498,-7.06055499999997
114.360527,-7.06194399999998
114.370247,-7.06611099999986
114.3797,-7.07694500000002
114.396103,-7.10138899999987
114.407761,-7.12388899999991
114.419434,-7.16388899999998
114.41748,-7.16888899999998
114.402481,-7.18111099999993
