"V1","V2"
54.749435,81.1097109999999
54.939713,81.0797119999999
54.9780430000001,81.0797119999999
55.1161040000001,81.0702670000001
55.185547,81.063873
55.3027730000001,81.047211
55.4258270000001,81.0249939999999
55.4641570000001,81.0155490000001
55.4836040000001,81.010818
55.5224910000001,81.0072170000001
55.565544,81.00499
55.598602,81.006943
55.8197170000001,81.0247040000001
55.9780430000001,81.0374910000001
56.011108,81.039429
56.0491640000001,81.039429
56.0897140000001,81.0383150000001
56.1286010000001,81.034424
56.4105450000001,81.0013890000001
56.4427640000001,80.997482
56.599998,80.9783170000001
56.625267,80.973877
56.624161,80.967758
56.6163860000001,80.96138
56.615273,80.955551
56.620544,80.949997
56.6444400000001,80.9396970000001
56.6749950000001,80.9297030000001
56.749161,80.9102630000001
56.774162,80.9058230000001
56.855827,80.8927610000001
56.9322130000001,80.885544
57.0213780000001,80.8788600000001
57.1036070000001,80.875259
57.183327,80.872757
57.225548,80.870255
57.3013840000001,80.862762
57.5083310000001,80.8391570000001
57.6019360000001,80.8269350000001
57.626381,80.8222200000001
57.716103,80.798035
57.7208250000001,80.7924800000001
57.7191540000001,80.786377
57.7041630000001,80.779709
57.5413820000001,80.7399750000001
57.5133290000001,80.736099
57.369156,80.718597
57.2533260000001,80.7049870000001
57.163322,80.694427
57.1308210000001,80.6924740000001
57.0963820000001,80.6919250000001
57.059433,80.6919250000001
57.017769,80.694427
56.9883270000001,80.7044370000001
56.9302749999999,80.7305450000001
56.8341600000001,80.7602690000001
56.681381,80.798599
56.6316600000001,80.8074800000001
56.545273,80.8130340000001
56.4680480000001,80.8144230000001
56.2969440000001,80.8247070000001
56.220825,80.8319400000001
56.1786040000001,80.834152
56.1013870000001,80.835541
56.0336070000001,80.8324890000001
55.9938809999999,80.8338780000001
55.8088840000001,80.852203
55.777214,80.8563690000001
55.764717,80.8613740000001
55.766937,80.8794249999999
55.761108,80.884995
55.7252660000001,80.8874970000001
55.6874920000001,80.8877720000001
55.6549910000001,80.885544
55.577217,80.8869320000001
55.556656,80.88916
55.5311050000001,80.8936
55.42305,80.916656
55.4038770000001,80.9213710000001
55.3788760000001,80.931656
55.372765,80.937195
55.399994,80.950821
55.4005429999999,80.95665
55.3880460000001,80.961929
55.362213,80.9660950000001
55.3191600000001,80.968323
55.291382,80.9644319999999
55.239159,80.9533230000001
55.208885,80.9505460000001
55.171104,80.9505460000001
55.0952680000001,80.9505460000001
54.9844360000001,80.949707
54.9547120000001,80.9527740000001
54.915825,80.962204
54.883606,80.9719240000001
54.883881,80.9780430000001
54.871658,80.9949800000001
54.845543,80.9994199999999
54.8127670000001,81.003326
54.724709,80.993042
54.6591569999999,80.9888760000001
54.6185990000001,80.9899750000001
54.4944379999999,80.9941410000001
54.457771,80.9966430000001
54.4313809999999,81.0010990000001
54.418327,81.006104
54.424995,81.018326
54.4294590000001,81.024155
54.440826,81.0361020000001
54.4538800000001,81.0427550000001
54.609161,81.1105350000001
54.634438,81.11554
54.6902690000001,81.123596
54.749435,81.1097109999999
