"V1","V2"
-27.6852759999999,70.7338710000001
-27.6961099999999,70.732208
-27.711666,70.733047
-27.7288859999999,70.7366490000001
-27.740555,70.7408140000001
-27.748886,70.7466430000001
-27.7533339999999,70.751938
-27.761948,70.8435970000001
-27.762222,70.8486020000001
-27.7616689999999,70.859985
-27.758614,70.8663790000001
-27.748886,70.877472
-27.736942,70.8822020000001
-27.720276,70.88443
-27.602222,70.8933260000001
-27.585835,70.8938750000001
-27.311947,70.8869320000001
-27.276112,70.8749849999999
-27.305557,70.8594210000001
-27.315556,70.853317
-27.391666,70.805817
-27.575279,70.7541659999999
-27.6852759999999,70.7338710000001
