"V1","V2"
76.390274,73.5208280000001
76.4347080000001,73.514435
76.479431,73.5080410000001
76.545822,73.49942
76.5677640000001,73.496094
76.612488,73.4885859999999
76.6574859999999,73.4794310000001
76.7027740000001,73.4694370000001
76.7252660000001,73.4636080000001
76.753601,73.451935
76.764709,73.439972
76.766098,73.4338680000001
76.763046,73.427765
76.7510990000001,73.4238740000001
76.728867,73.428314
76.714706,73.434143
76.704712,73.440262
76.6763760000001,73.451935
76.6538700000001,73.457489
76.608597,73.4677580000001
76.5188750000001,73.4855350000001
76.3391570000001,73.510818
76.3166660000001,73.5138850000001
76.2949830000001,73.5147090000001
76.166092,73.5147090000001
76.1019290000001,73.513321
76.0841520000001,73.515549
76.0741580000001,73.5213780000001
76.0814360000001,73.527512
76.1244200000001,73.5522000000001
76.1449890000001,73.5563660000001
76.166382,73.556641
76.188034,73.555817
76.2102660000001,73.5538640000001
76.2330470000001,73.5483250000001
76.2783200000001,73.539429
76.390274,73.5208280000001
