"V1","V2"
-133.242218,55.7766570000001
-133.248596,55.773605
-133.257507,55.7761
-133.264465,55.7799910000001
-133.309723,55.821106
-133.333893,55.8669360000001
-133.333893,55.8724900000001
-133.329163,55.877487
-133.291107,55.9002690000001
-133.282776,55.901932
-133.271942,55.9011000000001
-133.264465,55.8977740000001
-133.215546,55.8619380000001
-133.212769,55.857216
-133.211395,55.852219
-133.211395,55.8408280000001
-133.21167,55.829437
-133.213043,55.8233260000001
-133.228607,55.792496
-133.232483,55.7866590000001
-133.242218,55.7766570000001
