"V1","V2"
-6.14472299999994,56.869995
-6.15916700000002,56.869164
-6.17805599999997,56.8730550000001
-6.21138999999999,56.887215
-6.21361199999996,56.890549
-6.21444499999996,56.898888
-6.21472299999999,56.903053
-6.21305599999999,56.9069440000001
-6.20749999999998,56.91333
-6.15861100000001,56.9408260000001
-6.14972299999994,56.9450000000001
-6.13750099999999,56.943054
-6.11361099999993,56.9324950000001
-6.10749999999996,56.9269409999999
-6.10805599999998,56.921104
-6.11472200000003,56.895554
-6.11972200000002,56.8838880000001
-6.123334,56.8811040000001
-6.13888899999995,56.871384
-6.14472299999994,56.869995
