"V1","V2"
176.464691,-1.43527799999993
176.46109,-1.43888900000002
176.454956,-1.43805600000002
176.450806,-1.43527799999993
176.447479,-1.43138900000002
176.442474,-1.42305499999998
176.391937,-1.32999999999998
176.390533,-1.32444500000003
176.395264,-1.32249999999999
176.403595,-1.32777800000002
176.409149,-1.33333299999998
176.421356,-1.34833300000003
176.42691,-1.35666700000002
176.453583,-1.40527800000001
176.46051,-1.41888899999998
176.463867,-1.43000000000001
176.464691,-1.43527799999993
