"V1","V2"
62.7933270000001,81.708603
62.7647170000001,81.703049
62.9655460000001,81.708603
63.105827,81.7172090000001
63.217209,81.720261
63.2961040000001,81.719986
63.3363800000001,81.719147
63.463051,81.7138820000001
63.60083,81.701935
63.6394350000001,81.6977540000001
63.70166,81.688873
63.749435,81.6794280000001
63.7824940000001,81.6694340000001
63.791664,81.664154
63.802773,81.6533200000001
63.7919390000001,81.641663
63.7666630000001,81.629425
63.7466580000001,81.623032
63.6927640000001,81.6097110000001
63.539436,81.587204
63.5069430000001,81.5838780000001
63.470825,81.5824890000001
63.4291610000001,81.584152
63.3855510000001,81.5869290000001
63.1863780000001,81.59082
63.0705490000001,81.59082
63.0288770000001,81.592484
62.726379,81.61026
62.6805500000001,81.614151
62.61055,81.622482
62.5305480000001,81.6363830000001
62.506386,81.641098
62.5036090000001,81.646652
62.444435,81.6533200000001
62.2658309999999,81.665543
62.221657,81.6683200000001
62.1411060000001,81.6694340000001
62.1041640000001,81.6724850000001
62.1086040000001,81.6783140000001
62.13694,81.6841430000001
62.1619260000001,81.687195
62.184715,81.69165
62.2152710000001,81.696091
62.24749,81.699707
62.3888850000001,81.707489
62.6805500000001,81.718872
62.7169340000001,81.720261
62.755272,81.7208250000001
62.788605,81.7197110000001
62.80555,81.7147060000001
62.7933270000001,81.708603
