"V1","V2"
67.383041,68.777481
67.365814,68.7760930000001
67.311371,68.7785949999999
67.292206,68.781097
67.2410890000001,68.7966460000001
67.1977540000001,68.81282
67.1611020000001,68.819153
67.14888,68.8219300000001
67.160538,68.8266599999999
67.17276,68.830276
67.189972,68.831375
67.207489,68.831375
67.299713,68.825272
67.3188779999999,68.8227690000001
67.3385930000001,68.819153
67.352478,68.813599
67.376083,68.8024750000001
67.383041,68.7966460000001
67.3863830000001,68.790543
67.3863830000001,68.7841490000001
67.383041,68.777481
