"V1","V2"
-159.295013,54.8669360000001
-159.305847,54.8666610000001
-159.3125,54.869713
-159.326385,54.8830490000001
-159.330292,54.888329
-159.332764,54.8941570000001
-159.336121,54.927216
-159.329712,54.93055
-159.296661,54.946938
-159.28891,54.949715
-159.279999,54.948326
-159.277496,54.9422150000001
-159.28363,54.938324
-159.212769,54.928047
-159.20694,54.924438
-159.204437,54.918327
-159.206665,54.9133220000001
-159.214172,54.9044340000001
-159.224426,54.8966600000001
-159.256409,54.880272
-159.285828,54.8688810000001
-159.295013,54.8669360000001
