"V1","V2"
132.741333,-5.95027799999997
132.734955,-5.95083299999999
132.691925,-5.93527699999993
132.666656,-5.90999999999997
132.665253,-5.89777900000001
132.665802,-5.86027799999999
132.669434,-5.83833299999998
132.656372,-5.71361200000001
132.641083,-5.67694499999999
132.628845,-5.63444499999991
132.634979,-5.61611099999993
132.693298,-5.59638899999999
132.699402,-5.59583399999991
132.702759,-5.59916699999991
132.732178,-5.65277799999996
132.735779,-5.66305499999993
132.738556,-5.67884299999992
132.804413,-5.79749999999996
132.808319,-5.80694399999987
132.809143,-5.81305500000002
132.809143,-5.83361099999996
132.807739,-5.84583400000002
132.804413,-5.86305499999992
132.783051,-5.92361099999994
132.781097,-5.92833300000001
132.77832,-5.9325
132.771362,-5.939166
132.746613,-5.94888899999989
132.741333,-5.95027799999997
