"V1","V2"
137.991333,54.885551
137.983307,54.8724900000001
137.983582,54.865829
137.986359,54.859436
137.919983,54.768051
137.787476,54.6919330000001
137.776642,54.6852650000001
137.74469,54.6597140000001
137.736633,54.6463850000001
137.73468,54.639992
137.735229,54.6333310000001
137.728851,54.626656
137.718018,54.621376
137.707184,54.618324
137.649139,54.641937
137.64386,54.648331
137.608002,54.7061
137.506927,54.846939
137.496918,54.8597180000001
137.486633,54.8724900000001
137.464142,54.873322
137.44165,54.8702700000001
137.430542,54.865829
137.375793,54.843605
137.36496,54.8380430000001
137.316925,54.8133240000001
137.306366,54.806656
137.29776,54.7997209999999
137.293854,54.793053
137.261383,54.7741620000001
137.250275,54.771103
137.227753,54.7716600000001
137.221313,54.7737200000001
137.246063,54.79583
137.25,54.8024900000001
137.25415,54.835266
137.250824,54.8480450000001
137.248016,54.8544390000001
137.249695,54.8611070000001
137.278595,54.8944400000001
137.36911,54.981659
137.428314,55.008049
137.439423,55.011108
137.450531,55.0152740000001
137.463013,55.028603
137.497742,55.0802760000001
137.521088,55.1316600000001
137.534424,55.164711
137.538574,55.171379
137.544983,55.178047
137.555817,55.184715
137.566925,55.188881
137.578308,55.190544
137.634979,55.197212
137.6586,55.1861039999999
137.70108,55.164711
137.697479,55.1516569999999
137.700531,55.145271
137.838562,55.127487
138.095795,55.062492
138.199127,55.05027
138.204132,55.0438840000001
138.206635,55.037498
138.207184,55.030823
138.203033,55.0244370000001
138.194427,55.0177690000001
138.183319,55.0122150000001
138.160797,55.00666
138.149719,55.0049970000001
138.115509,55.0030520000001
138.104401,54.998878
138.087189,54.98555
138.063293,54.9655460000001
138.007751,54.912209
137.991333,54.885551
