"V1","V2"
54.2936099999999,81.3333280000001
54.4219360000001,81.2760930000001
54.4219360000001,81.2702640000001
54.3936080000001,81.2660979999999
54.3547130000001,81.2660979999999
54.3172149999999,81.2686
54.2969440000001,81.2730410000001
54.2699890000001,81.283325
54.2597660000001,81.291702
54.257774,81.2908170000001
54.230545,81.3010859999999
54.114716,81.3472140000001
54.11721,81.3522030000001
54.153877,81.3533170000001
54.198601,81.3510890000001
54.239159,81.347763
54.2799910000001,81.338318
54.2936099999999,81.3333280000001
