"V1","V2"
138.516083,71.8560940000001
138.500824,71.8498230000001
138.49884,71.8505400000001
138.459412,71.8488770000001
138.420258,71.8435970000001
138.413025,71.8372039999999
138.401642,71.8311000000001
138.381897,71.8319400000001
138.341919,71.834152
138.299713,71.84166
138.279144,71.847763
138.274689,71.853867
138.273865,71.8599849999999
138.289154,71.866379
138.308319,71.8724819999999
138.346924,71.882751
138.362457,71.885544
138.441925,71.883881
138.462189,71.8802640000001
138.507477,71.8621980000001
138.516083,71.8560940000001
