"V1","V2"
167.209137,-15.755556
167.195526,-15.7561109999999
167.188873,-15.75528
167.17746,-15.7516669999999
167.162201,-15.745277
167.10553,-15.715
167.091644,-15.7072219999999
167.083862,-15.700277
167.077179,-15.693056
167.074677,-15.688889
167.070801,-15.678888
167.069702,-15.673056
167.069122,-15.660557
167.070251,-15.654446
167.071899,-15.64889
167.077454,-15.640278
167.085236,-15.633612
167.092743,-15.629166
167.10968,-15.625277
167.128571,-15.62361
167.142761,-15.624443
167.210236,-15.6325
167.223022,-15.6347239999999
167.227173,-15.637779
167.233307,-15.6455549999999
167.234955,-15.650557
167.235504,-15.656944
167.236359,-15.73361
167.23468,-15.738888
167.229126,-15.747778
167.220245,-15.7527789999999
167.209137,-15.755556
