"V1","V2"
121.941093,29.0527760000001
121.92804,29.0519410000001
121.920822,29.052498
121.914703,29.054718
121.888603,29.0699960000001
121.890823,29.076107
121.900803,29.085857
121.864151,29.129997
121.863876,29.13583
121.865807,29.1419410000001
121.873596,29.149162
121.882751,29.1547160000001
121.914429,29.166939
121.921097,29.168053
121.928307,29.167774
121.935532,29.1672170000001
121.94136,29.1649970000001
121.955833,29.1438870000001
121.958328,29.139164
121.964706,29.0986060000001
121.964157,29.092495
121.945534,29.055553
121.941093,29.0527760000001
