"V1","V2"
-114.073059,77.981659
-113.981377,77.9349820000001
-113.975014,77.931091
-113.972229,77.925262
-113.972229,77.9199830000001
-113.958344,77.914993
-113.923889,77.9108120000001
-113.894997,77.908325
-113.840286,77.9060970000001
-113.726669,77.896103
-113.70639,77.8916630000001
-113.585564,77.825821
-113.578613,77.819992
-113.576111,77.814148
-113.587509,77.8080290000001
-113.619164,77.795822
-113.659729,77.783325
-113.78833,77.745255
-113.90834,77.726379
-113.934723,77.7238770000001
-114.114441,77.7066499999999
-114.193047,77.698029
-114.223053,77.698868
-114.277222,77.702209
-114.331123,77.709717
-114.415009,77.7313690000001
-114.514183,77.765274
-114.662514,77.8038639999999
-114.709167,77.813599
-114.730293,77.818878
-114.848343,77.854706
-115.077217,77.938583
-115.111389,77.953873
-115.115013,77.956375
-115.116096,77.958328
-115.108337,77.9613800000001
-115.090843,77.9636080000001
-115.060547,77.963882
-115.03389,77.962204
-114.930283,77.9605410000001
-114.819733,77.9730379999999
-114.797783,77.97554
-114.777496,77.981659
-114.74028,78.0000000000001
-114.605827,78.030548
-114.400833,78.06749
-114.355003,78.070541
-114.32695,78.0711060000001
-114.303329,78.070541
-114.286942,78.066086
-114.073059,77.981659
