"V1","V2"
-61.9474949999999,57.7872160000001
-61.957222,57.786942
-62.089165,57.808044
-62.100281,57.816101
-62.108337,57.824715
-62.109444,57.8294370000001
-62.1080549999999,57.8377690000001
-62.0997239999999,57.8463820000001
-62.094444,57.8505479999999
-62.0652769999999,57.8705440000001
-62.0288849999999,57.892769
-62.0091709999999,57.904434
-61.995003,57.9091570000001
-61.986115,57.910271
-61.971664,57.911377
-61.941109,57.9099880000001
-61.9283369999999,57.9085999999999
-61.923332,57.906097
-61.918892,57.9024890000001
-61.884445,57.866936
-61.8677749999999,57.842766
-61.8677749999999,57.8386000000001
-61.8794399999999,57.816666
-61.8819429999999,57.812767
-61.8855589999999,57.809158
-61.889999,57.8063810000001
-61.9408339999999,57.788887
-61.9474949999999,57.7872160000001
