"V1","V2"
85.4394230000001,74.4535980000001
85.3852690000001,74.4510960000001
85.3566440000001,74.451935
85.334427,74.4544370000001
85.219437,74.474701
85.20665,74.47998
85.1969300000001,74.485809
85.1452640000001,74.523315
85.1449890000001,74.531662
85.1449890000001,74.5402680000001
85.1480410000001,74.548035
85.243591,74.573608
85.281937,74.5805510000001
85.3108060000001,74.5813750000001
85.368591,74.579712
85.5030520000001,74.573044
85.52887,74.5713810000001
85.551376,74.568604
85.6402890000001,74.5412450000001
85.6533200000001,74.529434
85.6469420000001,74.522491
85.62442,74.5030520000001
85.4841460000001,74.458603
85.4394230000001,74.4535980000001
