"V1","V2"
-61.435829,56.5413820000001
-61.16806,56.474709
-61.149994,56.445541
-61.1488879999999,56.441101
-61.154442,56.4385990000001
-61.163612,56.436653
-61.1819459999999,56.4352650000001
-61.200279,56.4352650000001
-61.220833,56.435547
-61.5175019999999,56.4469379999999
-61.609169,56.461662
-61.630554,56.465271
-61.642227,56.486382
-61.637222,56.489716
-61.629997,56.490547
-61.546394,56.4880449999999
-61.538612,56.485825
-61.5258329999999,56.478874
-61.512779,56.4749910000001
-61.4380489999999,56.476379
-61.423058,56.4791560000001
-61.417778,56.4833300000001
-61.418335,56.488327
-61.422501,56.490547
-61.455276,56.496384
-61.496666,56.5000000000001
-61.5272219999999,56.501663
-61.624168,56.503883
-61.633331,56.5063860000001
-61.634445,56.5124970000001
-61.631943,56.5163880000001
-61.6022259999999,56.5527730000001
-61.595833,56.556381
-61.588333,56.5580440000001
-61.576668,56.5577699999999
-61.5616679999999,56.5541610000001
-61.558052,56.551933
-61.525948,56.550213
-61.4591669999999,56.5458300000001
-61.435829,56.5413820000001
