"V1","V2"
22.2422220000001,60.1811070000001
22.224163,60.1774980000001
22.215275,60.1794430000001
22.214165,60.184715
22.2124979999999,60.200829
22.2177770000001,60.2186050000001
22.2227750000001,60.2244420000001
22.228611,60.229164
22.235554,60.2333300000001
22.2424960000001,60.237221
22.2502749999999,60.2402730000001
22.284721,60.2494430000001
22.2944410000001,60.248604
22.30611,60.2230530000001
22.302776,60.217773
22.2911110000001,60.2080540000001
22.2644420000001,60.191383
22.2422220000001,60.1811070000001
