"V1","V2"
130.931366,-0.93638900000002
130.93692,-0.937777999999923
130.996613,-0.927499999999952
131.006104,-0.92361099999988
131.015472,-0.918271000000004
131.028046,-0.911111000000005
131.034424,-0.910555999999985
131.0383,-0.913332999999909
131.074677,-0.972778000000005
131.071899,-1.08388899999994
131.0672,-1.11333299999995
131.0383,-1.23944399999993
131.034424,-1.24888900000002
131.001373,-1.32555600000001
130.996613,-1.334722
130.988281,-1.34694499999995
130.980255,-1.35250000000002
130.964417,-1.35722199999992
130.958313,-1.35666700000002
130.874664,-1.34083299999998
130.83609,-1.31333399999994
130.763031,-1.24972200000002
130.756104,-1.24277799999993
130.753326,-1.23861099999993
130.745789,-1.21888899999999
130.736084,-1.18444399999998
130.705231,-1.13999999999999
130.692993,-1.12276800000001
130.711639,-1.09833300000003
130.713593,-1.09333299999992
130.714142,-1.08722199999994
130.710236,-1.07777799999997
130.697754,-1.04888899999992
130.67804,-1.01333399999993
130.673859,-1.01055600000001
130.656647,-1.00722199999996
130.651917,-1.00499999999994
130.643585,-0.999721999999963
130.639709,-0.990000000000009
130.638885,-0.98388899999992
130.639709,-0.977778000000001
130.641663,-0.972778000000005
130.645813,-0.970000000000027
130.664154,-0.96111099999996
130.823853,-0.908333000000027
130.844421,-0.901666999999918
130.860229,-0.896666999999923
130.884155,-0.893332999999927
130.899353,-0.891444999999976
130.92804,-0.933056000000022
130.931366,-0.93638900000002
