"V1","V2"
76.232483,79.6013790000001
76.261383,79.598877
76.305252,79.599716
76.3980410000001,79.6197050000001
76.397217,79.6269230000001
76.4066470000001,79.633041
76.425812,79.637497
76.4597170000001,79.639709
76.496368,79.6391600000001
76.52887,79.6372069999999
76.5574800000001,79.6347200000001
76.8710939999999,79.5960999999999
76.9983220000001,79.579437
77.121368,79.56192
77.1666560000001,79.554153
77.1910859999999,79.550537
77.247757,79.545258
77.3085940000001,79.5410920000001
77.469437,79.532486
77.5736080000001,79.52887
77.594147,79.5244290000001
77.610809,79.5191500000001
77.6197050000001,79.512207
77.6149900000001,79.5055540000001
77.6052550000001,79.4997100000001
77.590546,79.4944310000001
77.5177610000001,79.49054
77.4780430000001,79.49054
77.4460910000001,79.4924770000001
77.4099880000001,79.4933170000001
77.1749880000001,79.4938660000001
76.896942,79.4860989999999
76.7808230000001,79.481094
76.6944270000001,79.5033260000001
76.697578,79.509529
76.6944270000001,79.5160979999999
76.6341550000001,79.538879
76.617844,79.543564
76.5760960000001,79.539154
76.5324860000001,79.538315
76.370529,79.5466460000001
76.2524870000001,79.555817
76.195251,79.560806
76.170532,79.5644230000001
76.15332,79.569443
76.108871,79.586929
76.054977,79.6116490000001
76.0430450000001,79.6274720000001
76.0419310000001,79.6347200000001
76.0460970000001,79.641098
76.054977,79.646942
76.0741580000001,79.6516570000001
76.098328,79.6552580000001
76.1374969999999,79.6572110000001
76.214157,79.6566470000001
76.2777710000001,79.6436000000001
76.2094269999999,79.6385960000001
76.170532,79.6369320000001
76.141373,79.6338810000001
76.146103,79.6274720000001
76.1730350000001,79.6152650000001
76.232483,79.6013790000001
