"V1","V2"
-68.1002809999999,-67.393341
-68.0658419999999,-67.3966669999999
-68.0491789999999,-67.396118
-68.015015,-67.3969569999999
-67.998062,-67.397781
-67.980835,-67.400009
-67.9630579999999,-67.405014
-67.9522249999999,-67.4111179999999
-67.944458,-67.417511
-67.943619,-67.424179
-67.948624,-67.437225
-68.041397,-67.530289
-68.0505679999999,-67.536957
-68.082779,-67.5505679999999
-68.099167,-67.5547329999999
-68.115845,-67.5563959999999
-68.133347,-67.555557
-68.168335,-67.54834
-68.2211149999999,-67.5336149999999
-68.238892,-67.530014
-68.256119,-67.5277859999999
-68.2730559999999,-67.526947
-68.2900089999999,-67.528336
-68.339737,-67.541122
-68.3886259999999,-67.5575099999999
-68.398056,-67.5641779999999
-68.400848,-67.570847
-68.400009,-67.5772249999999
-68.384735,-67.5900119999999
-68.376404,-67.6027829999999
-68.378067,-67.615845
-68.380844,-67.622513
-68.389725,-67.635559
-68.407791,-67.655563
-68.436111,-67.675568
-68.5352779999999,-67.73584
-68.548615,-67.742508
-68.5650019999999,-67.7480619999999
-68.5819549999999,-67.749725
-68.599167,-67.75
-68.616394,-67.7489009999999
-68.787231,-67.7605589999999
-68.8719479999999,-67.770844
-68.903625,-67.766113
-68.938904,-67.755005
-68.953339,-67.7486109999999
-68.975281,-67.73584
-69.012787,-67.7039029999999
-69.031113,-67.6911159999999
-69.0494539999999,-67.6783449999999
-69.0711209999999,-67.665558
-69.1064,-67.6530609999999
-69.141113,-67.645844
-69.158615,-67.643341
-69.172501,-67.638336
-69.228897,-67.541397
-69.2086179999999,-67.51973
-69.192505,-67.506393
-69.1831129999999,-67.4999999999999
-69.1733399999999,-67.493347
-69.056396,-67.43306
-69.043335,-67.426392
-69.027237,-67.419724
-69.010834,-67.413071
-68.9944459999999,-67.407501
-68.961945,-67.3941799999999
-68.881119,-67.353897
-68.85556,-67.3405609999999
-68.833344,-67.327225
-68.80806,-67.30751
-68.7927859999999,-67.2941739999999
-68.771118,-67.27417
-68.7650149999999,-67.267792
-68.753067,-67.254456
-68.695007,-67.1813959999999
-68.686401,-67.168335
-68.6750029999999,-67.148621
-68.667236,-67.128891
-68.6677859999999,-67.122223
-68.656403,-67.089172
-68.6539,-67.0825039999999
-68.6280669999999,-67.0430599999999
-68.621948,-67.036392
-68.597504,-67.0164029999999
-68.5789029999999,-67.0033419999999
-68.529175,-66.970001
-68.4491729999999,-66.916397
-68.418335,-66.8963929999999
-68.3700099999999,-66.8688959999999
-68.30806,-66.835281
-68.27417,-66.8150019999999
-68.2433469999999,-66.7950129999999
-68.228897,-66.781677
-68.2169489999999,-66.768341
-68.210281,-66.7572329999999
-68.186111,-66.740005
-68.154449,-66.728897
-68.0665969999999,-66.70134
-68.0289,-66.684723
-67.997513,-66.672226
-67.888062,-66.6336209999999
-67.872223,-66.628067
-67.840836,-66.618347
-67.8094479999999,-66.609726
-67.761124,-66.602234
-67.74501,-66.600571
-67.7127839999999,-66.598618
-67.679733,-66.5991669999999
-67.630005,-66.601669
-67.6136169999999,-66.6041719999999
-67.59668,-66.6075129999999
-67.5855559999999,-66.613892
-67.584732,-66.6202849999999
-67.587234,-66.626953
-67.598068,-66.640015
-67.664169,-66.7066799999999
-67.6816709999999,-66.720001
-67.755005,-66.760834
-67.770569,-66.767792
-67.802231,-66.776123
-67.8177799999999,-66.781677
-67.849167,-66.795288
-67.882507,-66.815567
-67.891403,-66.822235
-67.9086149999999,-66.842224
-67.910843,-66.848892
-67.9180599999999,-66.894455
-67.9211119999999,-66.992233
-67.9177859999999,-67.041397
-67.913345,-67.047791
-67.843063,-67.073624
-67.676956,-67.1461179999999
-67.672501,-67.152512
-67.674728,-67.15918
-67.676155,-67.160812
-67.680557,-67.1658479999999
-67.689728,-67.172501
-67.702225,-67.179459
-67.742783,-67.199722
-67.758621,-67.2066799999999
-67.8066709999999,-67.223343
-67.9675139999999,-67.274734
-68.100571,-67.3139039999999
-68.116959,-67.3180689999999
-68.132782,-67.325012
-68.1422269999999,-67.33168
-68.1547239999999,-67.364456
-68.1505579999999,-67.370834
-68.1430659999999,-67.3772279999999
-68.118057,-67.3886259999999
-68.1002809999999,-67.393341
