"V1","V2"
8.66277700000006,54.494164
8.63277600000009,54.491386
8.61638800000003,54.4927750000001
8.61249900000013,54.493889
8.61027700000011,54.4958270000001
8.59777599999995,54.5088880000001
8.59194400000007,54.515549
8.59027699999996,54.5247190000001
8.59110999999996,54.5277710000001
8.59305400000005,54.5299989999999
8.59972200000004,54.5333329999999
8.64222100000012,54.5458300000001
8.69138700000013,54.553886
8.70277600000009,54.553886
8.71083300000004,54.551666
8.71111100000013,54.548607
8.70972100000006,54.532494
8.70833200000004,54.529716
8.69194400000003,54.5113830000001
8.68555500000002,54.504715
8.68027699999993,54.500832
8.67111,54.4958270000001
8.66277700000006,54.494164
