"V1","V2"
-124.8125,50.111382
-124.821121,50.1111070000001
-124.827499,50.111938
-124.833618,50.1144410000001
-124.861107,50.136383
-124.939163,50.2077710000001
-124.963058,50.236382
-124.96611,50.2469410000001
-124.965561,50.251663
-124.92305,50.296387
-124.918327,50.2997209999999
-124.910828,50.2999950000001
-124.902496,50.2983320000001
-124.898621,50.293884
-124.875816,50.284721
-124.821671,50.239716
-124.756668,50.178329
-124.752502,50.1677700000001
-124.752228,50.161377
-124.754997,50.1560970000001
-124.806953,50.113884
-124.8125,50.111382
