"V1","V2"
59.287498,81.742752
59.224709,81.73526
59.159714,81.7288670000001
59.1236040000001,81.7272030000001
58.8869400000001,81.7283170000001
58.7052690000001,81.732758
58.6647110000001,81.7366490000001
58.6216580000001,81.7380370000001
58.5858230000001,81.736099
58.485268,81.7280430000001
58.3230510000001,81.712204
58.2302700000001,81.700821
58.201935,81.695816
58.1352690000001,81.6902620000001
58.0613780000001,81.687759
57.9805450000001,81.6885829999999
57.9397129999999,81.6922000000001
57.9133220000001,81.6966400000001
57.8888850000001,81.70694
57.890831,81.712769
57.9383240000001,81.796646
57.947769,81.8030400000001
57.9763790000001,81.8077550000001
58.0436100000001,81.8133090000001
58.115829,81.81694
58.627487,81.8408200000001
58.699997,81.8441470000001
59.087494,81.8508150000001
59.164993,81.851929
59.208328,81.85054
59.2566600000001,81.846939
59.4216609999999,81.827209
59.4333270000001,81.82193
59.4377670000001,81.8166660000001
59.3724900000001,81.7583310000001
59.345543,81.7524870000001
59.287498,81.742752
