"V1","V2"
22.834721,70.332214
22.8913879999999,70.322495
22.9069440000001,70.323044
22.9480550000001,70.3191530000001
23.0136110000001,70.274155
23.0213850000001,70.264709
23.0227780000001,70.2594300000001
23.0191650000001,70.253326
23.0091629999999,70.2494350000001
22.9761090000001,70.2458190000001
22.922222,70.24971
22.86972,70.252487
22.8416630000001,70.24971
22.795555,70.248322
22.778889,70.248596
22.638885,70.2622069999999
22.5733300000001,70.2691649999999
22.468609,70.286652
22.437775,70.291931
22.4191670000001,70.2997130000001
22.3724980000001,70.329712
22.3686100000001,70.334442
22.379444,70.3461
22.472221,70.374985
22.4863849999999,70.376389
22.6644440000001,70.3913880000001
22.68111,70.3908230000001
22.6877750000001,70.3866580000001
22.6933330000001,70.376663
22.698055,70.3610990000001
22.834721,70.332214
