"V1","V2"
14.5219440000001,44.474159
14.516666,44.473328
14.51111,44.474159
14.3674980000001,44.5902710000001
14.3477760000001,44.6552730000001
14.336111,44.6991650000001
14.335278,44.707222
14.3375,44.7102740000001
14.3433320000001,44.7102740000001
14.380554,44.6977769999999
14.384998,44.696106
14.390833,44.6913830000001
14.3930549999999,44.6883320000001
14.3952770000001,44.6813890000001
14.3955550000001,44.67305
14.3938879999999,44.6594390000001
14.394165,44.6299970000001
14.3966659999999,44.623055
14.407221,44.6038820000001
14.416111,44.5922160000001
14.426388,44.581665
14.476665,44.535828
14.4897210000001,44.526665
14.5041659999999,44.5224990000001
14.515833,44.5124970000001
14.530554,44.497772
14.5344430000001,44.4916610000001
14.5344430000001,44.487495
14.5299990000001,44.4772190000001
14.5219440000001,44.474159
