"V1","V2"
-72.594727,63.6424940000001
-72.6044459999999,63.6416630000001
-72.780563,63.6599879999999
-72.7833249999999,63.6644360000001
-72.7705539999999,63.669716
-72.7566679999999,63.6727680000001
-72.723053,63.678604
-72.506668,63.707214
-72.483887,63.7088850000001
-72.4741669999999,63.7058260000001
-72.47084,63.7022170000001
-72.47139,63.700829
-72.4688869999999,63.6991580000001
-72.463333,63.6891560000001
-72.459732,63.6791610000001
-72.4605559999999,63.6727680000001
-72.463898,63.668327
-72.584442,63.6444400000001
-72.594727,63.6424940000001
