"V1","V2"
-149.848602,-17.573612
-149.854431,-17.574448
-149.868347,-17.568336
-149.878052,-17.563618
-149.925049,-17.5252839999999
-149.93808,-17.509727
-149.941681,-17.500278
-149.941681,-17.494167
-149.937256,-17.484165
-149.922791,-17.477779
-149.911133,-17.476112
-149.797546,-17.466946
-149.791718,-17.466663
-149.786133,-17.46917
-149.784454,-17.473331
-149.782501,-17.4847219999999
-149.783936,-17.490833
-149.797241,-17.525558
-149.799744,-17.530006
-149.843323,-17.571388
-149.848602,-17.573612
