"V1","V2"
94.7977600000001,15.7916660000001
94.7799840000001,15.787498
94.7677610000001,15.787777
94.7424770000001,15.7952770000001
94.7349850000001,15.801388
94.7294309999999,15.8094429999999
94.728043,15.815275
94.7955319999999,15.9252760000001
94.8149870000001,15.946386
94.8205410000001,15.9480530000001
94.8230440000001,15.9436090000001
94.8258670000001,15.923498
94.8383180000001,15.880276
94.8394319999999,15.874441
94.838593,15.868887
94.8141479999999,15.8091640000001
94.8094180000001,15.8008310000001
94.806091,15.7972200000001
94.7977600000001,15.7916660000001
