"V1","V2"
-131.01889,51.9460980000001
-131.021667,51.940826
-131.029175,51.941376
-131.036957,51.944435
-131.048615,51.951385
-131.074158,51.9705430000001
-131.095001,51.98999
-131.101654,52.002777
-131.120544,52.05555
-131.127197,52.095543
-131.126373,52.106941
-131.122498,52.1247100000001
-131.116394,52.148048
-131.11026,52.1510999999999
-131.101929,52.151932
-131.083618,52.151382
-131.077209,52.1502689999999
-131.00946,52.102776
-130.992493,52.0608220000001
-131.00473,52.0058290000001
-131.01889,51.9460980000001
