"V1","V2"
-82.545288,21.5711099999999
-82.598618,21.538055
-82.6361239999999,21.5180550000001
-82.700287,21.4886089999999
-82.7105559999999,21.4844439999999
-82.743347,21.474163
-82.865845,21.437775
-82.897232,21.432777
-82.95668,21.448055
-82.996124,21.4533309999999
-83.066391,21.4602780000001
-83.0722349999999,21.461666
-83.076675,21.4644430000001
-83.145279,21.5238880000001
-83.148895,21.5272220000001
-83.151947,21.5313870000001
-83.164459,21.554443
-83.191681,21.616108
-83.193069,21.621387
-83.1922299999999,21.627777
-83.188614,21.62833
-83.1158449999999,21.5786090000001
-83.112793,21.5744440000001
-83.113068,21.5688860000001
-83.1108399999999,21.564163
-83.107224,21.560555
-83.084167,21.5480540000001
-83.0738979999999,21.5436100000001
-83.0614009999999,21.5413860000001
-83.021393,21.5425000000001
-82.955292,21.5622220000001
-82.947784,21.5688860000001
-82.937225,21.5799980000001
-82.934723,21.5847210000001
-82.9341739999999,21.590832
-82.939178,21.599998
-82.948059,21.6055529999999
-83.0136259999999,21.677219
-83.0755619999999,21.7641640000001
-83.089447,21.785553
-83.0883479999999,21.805553
-83.08667,21.8111080000001
-83.079178,21.8316649999999
-83.0722349999999,21.8419420000001
-82.974457,21.942776
-82.8652799999999,21.932499
-82.826675,21.927776
-82.820847,21.9263880000001
-82.7158359999999,21.890274
-82.699722,21.833611
-82.666397,21.8008310000001
-82.6147309999999,21.76833
-82.606674,21.761387
-82.598068,21.7488860000001
-82.593063,21.7399980000001
-82.54306,21.589722
-82.5439,21.5766640000001
-82.545288,21.5711099999999
