"V1","V2"
107.635269,78.1660920000001
107.683868,78.1466520000001
107.699142,78.1352689999999
107.699707,78.122208
107.687187,78.1147
107.600807,78.073044
107.583328,78.06749
107.563599,78.0627590000001
107.518883,78.055252
107.493874,78.0527650000001
107.438873,78.049423
107.424698,78.0858150000001
107.264427,78.0816649999999
107.030823,78.0894320000001
106.814423,78.097488
106.776382,78.0999909999999
106.493042,78.121643
106.49498,78.158875
106.563309,78.157211
106.703873,78.164429
106.896942,78.1760859999999
107.153587,78.1663819999999
107.25499,78.1613770000001
107.279984,78.164154
107.287201,78.1713710000001
107.299149,78.179153
107.371918,78.188034
107.397217,78.1905360000001
107.429977,78.1902620000001
107.506104,78.184982
107.538879,78.1819310000001
107.594711,78.174988
107.617477,78.170822
107.635269,78.1660920000001
