"V1","V2"
-118.316391,75.5724950000001
-118.354721,75.558868
-118.583069,75.49942
-118.604721,75.4963680000001
-118.703613,75.5030520000001
-118.722504,75.50444
-118.827499,75.5327610000001
-118.873611,75.547485
-118.877777,75.553314
-118.928047,75.5627590000001
-118.953056,75.564697
-119.081947,75.5677640000001
-119.130829,75.56694
-119.196953,75.5624849999999
-119.222504,75.565262
-119.340286,75.5794369999999
-119.367493,75.584152
-119.383331,75.5891570000001
-119.395279,75.594711
-119.405838,75.60054
-119.408051,75.6058200000001
-119.404716,75.611923
-119.397507,75.6183170000001
-119.375549,75.631088
-119.275284,75.674698
-119.188316,75.7024840000001
-119.113892,75.720535
-118.954727,75.778595
-118.788887,75.8430480000001
-118.762787,75.856934
-118.758347,75.862198
-118.753342,75.8663790000001
-118.716949,75.8827510000001
-118.619164,75.9155430000001
-118.58139,75.924988
-118.563889,75.928589
-118.404449,75.9608150000001
-118.367767,75.966385
-118.340286,75.967484
-118.194153,75.967484
-118.168327,75.9683230000001
-118.152222,75.9713750000001
-118.137512,75.979706
-118.131378,75.9855350000001
-118.131378,75.991364
-118.127487,75.9974820000001
-118.105003,76.0238800000001
-118.088608,76.0294340000001
-118.071404,76.0341490000001
-118.037514,76.038315
-117.998047,76.0399780000001
-117.95723,76.0430450000001
-117.933609,76.0474850000001
-117.899727,76.05748
-117.889717,76.060806
-117.88501,76.0660860000001
-117.891388,76.0722200000001
-117.892776,76.0774840000001
-117.886124,76.079712
-117.778877,76.1085970000001
-117.726097,76.1155400000001
-117.706947,76.117203
-117.662216,76.1177519999999
-117.641113,76.116653
-117.623047,76.1144260000001
-117.519447,76.099716
-117.491669,76.0949860000001
-117.47139,76.0888820000001
-117.463898,76.083054
-117.489166,76.0469360000001
-117.573059,75.9819340000001
-117.681107,75.9210970000001
-117.704453,75.916931
-117.746948,75.9108120000001
-117.775558,75.89888
-117.838333,75.8599850000001
-117.93721,75.785263
-117.944992,75.77916
-117.952217,75.771927
-117.95639,75.765823
-117.95639,75.7599950000001
-117.97139,75.728867
-118.015839,75.699417
-118.06221,75.685806
-118.096947,75.6785890000001
-118.113892,75.6738740000001
-118.142776,75.6638790000001
-118.221939,75.633881
-118.263634,75.6169280000001
-118.267509,75.612854
-118.266953,75.6099850000001
-118.268341,75.59166
-118.316391,75.5724950000001
