"V1","V2"
-18.585556,81.646652
-18.605556,81.646652
-18.66,81.6499940000001
-18.680553,81.652771
-18.7597239999999,81.668594
-18.9630549999999,81.7113800000001
-19.144165,81.7438660000001
-19.173054,81.74942
-19.1958309999999,81.7549900000001
-19.215275,81.761108
-19.227497,81.7660980000001
-19.245831,81.7777710000001
-19.241665,81.7836000000001
-19.216942,81.7894290000001
-19.1786119999999,81.7947080000001
-19.034168,81.8055420000001
-18.990833,81.8074800000001
-18.9102779999999,81.808868
-18.8355559999999,81.8085940000001
-18.797501,81.8063660000001
-18.755001,81.8019260000001
-18.632778,81.7633210000001
-18.523335,81.7288670000001
-18.383057,81.689148
-18.321114,81.6727600000001
-18.3058359999999,81.6669310000001
-18.3044469999999,81.6622010000001
-18.3100009999999,81.6591490000001
-18.355278,81.65416
-18.473331,81.6494290000001
-18.552223,81.646942
-18.585556,81.646652
