"V1","V2"
15.522499,68.9060970000001
15.4680540000001,68.874161
15.453333,68.875275
15.443609,68.8786010000001
15.43611,68.8827670000001
15.4183330000001,68.896652
15.4152770000001,68.9016570000001
15.4211100000001,68.9730529999999
15.4227769999999,68.9794310000001
15.560276,69.0947110000001
15.5686090000001,69.098877
15.613054,69.1188810000001
15.6227759999999,69.1222080000001
15.6452770000001,69.127777
15.6905540000001,69.1386110000001
15.736666,69.139999
15.75111,69.141098
15.7638870000001,69.1430510000001
15.7736110000001,69.146378
15.781944,69.150833
15.788887,69.1558230000001
15.8099990000001,69.1794430000001
15.848331,69.2222140000001
15.8636090000001,69.238602
15.9747220000001,69.280823
15.9944439999999,69.2877660000001
16.1119419999999,69.312775
16.126389,69.310272
16.1480520000001,69.286377
16.153889,69.2761080000001
16.154999,69.264999
16.088608,69.1577760000001
16.081665,69.152771
16.0580520000001,69.1391600000001
16.02861,69.128601
16.0172200000001,69.1260990000001
15.9974990000001,69.1191560000001
15.969444,69.1077730000001
15.944443,69.0949860000001
15.8738880000001,69.0538790000001
15.870277,69.0472110000001
15.8730550000001,69.042221
15.8738880000001,69.036377
15.872221,69.030273
15.8638880000001,69.026108
15.854166,69.0224910000001
15.735554,68.9988860000001
15.711388,68.9944310000001
15.638054,68.981659
15.522499,68.9060970000001
