"V1","V2"
104.701927,0.0236110000000735
104.69693,0.0227780000000735
104.69165,0.024167000000034
104.681931,0.0288889999999355
104.673599,0.0344440000000077
104.594971,0.0955560000000446
104.591347,0.0988889999999856
104.538017,0.161944000000005
104.525803,0.176943999999935
104.48996,0.227778000000114
104.48941,0.232500000000016
104.491348,0.237222000000088
104.496918,0.237222000000088
104.537483,0.227778000000114
104.544968,0.221667000000025
104.705261,0.0502780000000485
104.709991,0.041388999999981
104.709991,0.0358330000000251
104.705833,0.0263890000000515
104.701927,0.0236110000000735
