"V1","V2"
-49.66333,62.180275
-49.672501,62.1797180000001
-49.684998,62.18055
-49.720276,62.183601
-49.751114,62.190269
-49.79834,62.2138820000001
-49.7897259999999,62.218048
-49.752502,62.2277680000001
-49.683884,62.239433
-49.673332,62.23999
-49.650276,62.2377700000001
-49.64389,62.2336040000001
-49.642227,62.223602
-49.628052,62.2049940000001
-49.626663,62.2005460000001
-49.630554,62.1944350000001
-49.636116,62.1888810000001
-49.6441649999999,62.184715
-49.6533279999999,62.181664
-49.66333,62.180275
