"V1","V2"
-165.251709,54.0760960000001
-165.24472,54.067215
-165.242798,54.062202
-165.245544,54.0560990000001
-165.250854,54.0538790000001
-165.297791,54.037491
-165.321686,54.057213
-165.33139,54.064995
-165.338928,54.067772
-165.360535,54.070541
-165.396149,54.06971
-165.45639,54.068604
-165.476959,54.070541
-165.481934,54.0744320000001
-165.458893,54.0805440000001
-165.43335,54.084435
-165.284454,54.090546
-165.27533,54.089432
-165.267548,54.0874940000001
-165.261414,54.0841600000001
-165.251709,54.0760960000001
