"V1","V2"
-48.212502,82.3958280000001
-48.238609,82.3958280000001
-48.28389,82.3999940000001
-48.293335,82.40387
-48.2952799999999,82.4116519999999
-48.2944489999999,82.4180450000001
-48.2977829999999,82.427765
-48.304718,82.433044
-48.321671,82.4383090000001
-48.42778,82.4683230000001
-48.4666599999999,82.476379
-48.578888,82.494431
-48.698883,82.511383
-48.735001,82.5152740000001
-48.799728,82.5241550000001
-48.824722,82.5283200000001
-48.847221,82.533875
-48.8644489999999,82.5391540000001
-48.862778,82.54332
-48.855278,82.5508120000001
-48.8216709999999,82.554703
-48.790001,82.5572050000001
-48.758057,82.5572050000001
-48.596664,82.5508120000001
-48.5491709999999,82.547485
-48.31945,82.5313720000001
-48.287506,82.5283200000001
-48.137222,82.5047150000001
-48.118057,82.500549
-48.104721,82.4958189999999
-48.047783,82.474701
-48.0372239999999,82.468597
-48.034729,82.464432
-48.1244429999999,82.403595
-48.140282,82.4005430000001
-48.177498,82.3974909999999
-48.212502,82.3958280000001
