"V1","V2"
-168.243591,53.251099
-168.272827,53.241936
-168.285553,53.2361070000001
-168.324738,53.211098
-168.328918,53.20665
-168.342529,53.1838680000001
-168.373871,53.126656
-168.464722,53.050819
-168.470306,53.046944
-168.488892,53.0380480000001
-168.633087,52.991936
-168.870544,52.9033130000001
-169.041962,52.832764
-169.05722,52.8288730000001
-169.0867,52.8280490000001
-169.053894,52.86055
-168.969452,52.909714
-168.901978,52.931664
-168.89389,52.933044
-168.88031,52.9383240000001
-168.871948,52.9474870000001
-168.775024,53.057213
-168.768341,53.0677720000001
-168.766113,53.073875
-168.765015,53.080826
-168.765015,53.086937
-168.77005,53.0908279999999
-168.776428,53.0938800000001
-168.791382,53.099152
-168.796417,53.102776
-168.79892,53.114159
-168.793884,53.1474840000001
-168.789734,53.152771
-168.756989,53.181664
-168.73584,53.196938
-168.621399,53.2722170000001
-168.611969,53.273041
-168.603088,53.2722170000001
-168.589172,53.2666630000001
-168.5578,53.2505420000001
-168.541382,53.2460940000001
-168.530029,53.2452700000001
-168.421967,53.2483220000001
-168.370544,53.2530520000001
-168.364197,53.256104
-168.358917,53.2597200000001
-168.35556,53.264992
-168.345306,53.294716
-168.40448,53.3458180000001
-168.410553,53.403603
-168.410553,53.4097140000001
-168.407257,53.4149860000001
-168.35614,53.4711000000001
-168.351959,53.4755480000001
-168.23999,53.5286030000001
-168.085297,53.5569310000001
-168.005585,53.5635990000001
-167.85498,53.5194400000001
-167.795319,53.495537
-167.847809,53.403313
-167.848907,53.380814
-167.868042,53.371651
-168.117798,53.2724840000001
-168.165833,53.2619320000001
-168.193604,53.2599950000001
-168.218628,53.2555469999999
-168.243591,53.251099
