"V1","V2"
-62.7950059999999,65.519989
-62.804443,65.51915
-62.81945,65.5241550000001
-62.82695,65.5280460000001
-62.8938899999999,65.5811000000001
-62.8955539999999,65.585541
-62.8955539999999,65.589981
-62.8897249999999,65.599152
-62.884445,65.6055450000001
-62.874718,65.6136020000001
-62.8663939999999,65.6174770000001
-62.856392,65.6191410000001
-62.849724,65.6188660000001
-62.842773,65.616379
-62.838051,65.6136020000001
-62.8349989999999,65.6066440000001
-62.8349989999999,65.604706
-62.830002,65.5930480000001
-62.824448,65.585266
-62.8175049999999,65.578598
-62.81028,65.5747069999999
-62.785561,65.5641480000001
-62.765007,65.5574800000001
-62.750839,65.5513760000001
-62.788895,65.523315
-62.7950059999999,65.519989
