"V1","V2"
-163.413635,54.8911060000001
-163.414459,54.879715
-163.399445,54.836655
-163.377777,54.796104
-163.37442,54.7899930000001
-163.369995,54.784996
-163.342834,54.7738270000001
-163.331848,54.767662
-163.319336,54.762829
-163.303329,54.760826
-163.264191,54.7549969999999
-163.229431,54.758888
-163.220551,54.7613830000001
-163.208618,54.7683260000001
-163.205261,54.7730480000001
-163.200562,54.776939
-163.194458,54.780548
-163.189453,54.7797160000001
-163.14502,54.766106
-163.138916,54.7624970000001
-163.133636,54.7580490000001
-163.051666,54.6741640000001
-163.048615,54.668327
-163.051666,54.6636050000001
-163.056396,54.6597140000001
-163.075836,54.656654
-163.149994,54.6586
-163.159729,54.6588820000001
-163.295563,54.6994320000001
-163.328888,54.7011030000001
-163.340561,54.711933
-163.345551,54.7179340000001
-163.428894,54.684433
-163.431396,54.6680530000001
-163.433075,54.663048
-163.436401,54.658325
-163.52002,54.63221
-163.589996,54.6127700000001
-163.599976,54.6108250000001
-163.620544,54.6102750000001
-163.638916,54.611664
-163.674164,54.615829
-163.690826,54.6185990000001
-163.714447,54.624161
-163.748047,54.62999
-163.765564,54.631935
-163.814453,54.6336060000001
-164.008362,54.62999
-164.051666,54.626656
-164.084991,54.6219330000001
-164.116638,54.6163860000001
-164.167236,54.606659
-164.176117,54.604164
-164.193329,54.5991590000001
-164.216644,54.5905460000001
-164.248871,54.5766600000001
-164.262238,54.569992
-164.279999,54.5594330000001
-164.297516,54.548882
-164.321106,54.5344390000001
-164.329987,54.526382
-164.333069,54.5219350000001
-164.329712,54.515831
-164.32193,54.504997
-164.322235,54.4994350000001
-164.323883,54.4941560000001
-164.336395,54.4758219999999
-164.349731,54.4636080000001
-164.373047,54.4494320000001
-164.386414,54.4427640000001
-164.437225,54.421379
-164.463043,54.4138790000001
-164.473053,54.4119340000001
-164.66391,54.391937
-164.768341,54.3949970000001
-164.777222,54.3961029999999
-164.792786,54.3994370000001
-164.827789,54.412491
-164.853333,54.4252700000001
-164.858612,54.4294360000001
-164.863037,54.4344330000001
-164.931671,54.5272140000001
-164.935272,54.5330510000001
-164.952209,54.5758290000001
-164.953339,54.58194
-164.95166,54.5872120000001
-164.928345,54.601387
-164.859985,54.6211010000001
-164.813629,54.6327670000001
-164.802216,54.634438
-164.793335,54.6333310000001
-164.771118,54.6355510000001
-164.753906,54.6405490000001
-164.739441,54.64666
-164.704163,54.668327
-164.681946,54.6894300000001
-164.631378,54.746384
-164.555573,54.8391570000001
-164.55249,54.843605
-164.549164,54.853882
-164.549744,54.8713760000001
-164.548065,54.876381
-164.545013,54.8811039999999
-164.494141,54.9127660000001
-164.488037,54.9163819999999
-164.43277,54.93055
-164.417236,54.9283290000001
-164.377197,54.9194410000001
-164.37027,54.916664
-164.354431,54.903877
-164.348328,54.900543
-164.333313,54.896103
-164.309448,54.8908310000001
-164.299438,54.890549
-164.23526,54.8911060000001
-164.023071,54.976936
-163.993591,54.988884
-163.978607,54.9949950000001
-163.954712,55.009163
-163.931671,55.029434
-163.925842,55.0330510000001
-163.915558,55.0349959999999
-163.786407,55.0547100000001
-163.768616,55.056099
-163.545837,55.049995
-163.529999,55.0463870000001
-163.523895,55.0427700000001
-163.438324,54.9433209999999
-163.429993,54.9330520000001
-163.422516,54.922218
-163.419159,54.9161000000001
-163.416656,54.909431
-163.413635,54.8911060000001
