"V1","V2"
-64.851944,63.3858260000001
-64.856949,63.3858260000001
-64.882217,63.395546
-64.904175,63.4063800000001
-64.918335,63.4138790000001
-64.942215,63.430824
-64.9508359999999,63.439156
-65.026672,63.515549
-65.035278,63.524437
-65.053055,63.548332
-65.051941,63.552216
-64.977219,63.5683290000001
-64.9674989999999,63.5683290000001
-64.954727,63.558884
-64.954727,63.5538790000001
-64.933609,63.5447160000001
-64.912216,63.5333330000001
-64.909164,63.5286030000001
-64.8674929999999,63.461662
-64.8608249999999,63.4472120000001
-64.847504,63.407494
-64.844727,63.3969420000001
-64.847778,63.387497
-64.851944,63.3858260000001
