"V1","V2"
113.594994,22.6522180000001
113.586929,22.646107
113.579437,22.6466640000001
113.568878,22.6511080000001
113.543587,22.6694409999999
113.535263,22.675827
113.492752,22.7122150000001
113.488586,22.7161060000001
113.486099,22.720272
113.485809,22.7266620000001
113.493317,22.733604
113.503326,22.7374950000001
113.514709,22.7399940000001
113.535309,22.739819
113.543587,22.736382
113.551933,22.7299960000001
113.565262,22.7152710000001
113.590553,22.6841620000001
113.595833,22.675552
113.597488,22.6644400000001
113.594994,22.6522180000001
