"V1","V2"
152.814972,-8.97277599999995
152.933594,-9.04388999999998
152.937744,-9.04666699999996
152.952759,-9.05888900000002
153.017761,-9.11777699999999
153.020538,-9.12166599999995
153.019989,-9.12638900000002
153.002777,-9.16500100000002
152.997192,-9.17305599999992
152.993011,-9.17583300000001
152.988281,-9.17777799999999
152.982178,-9.17722299999997
152.83551,-9.23555599999997
152.829956,-9.22333299999997
152.679962,-9.09055499999994
152.65332,-9.06972100000002
152.649139,-9.06694399999998
152.573029,-9.02027900000002
152.563599,-9.01611100000002
152.556641,-9.01611100000002
152.540253,-9.02027900000002
152.499695,-9.02500199999997
152.497742,-9.02166699999992
152.524414,-8.99305499999997
152.527771,-8.98972099999992
152.532471,-8.98777799999999
152.61969,-8.96138999999994
152.625793,-8.960556
152.647217,-8.96138999999994
152.804688,-8.96944399999995
152.810242,-8.97083300000003
152.814972,-8.97277599999995
