"V1","V2"
134.731354,-6.03666700000002
134.748291,-6.06055499999997
134.753876,-6.06888999999995
134.766937,-6.08999999999992
134.770264,-6.09999899999997
134.770264,-6.10694399999988
134.744965,-6.23916600000001
134.740784,-6.24860999999999
134.718842,-6.29499999999996
134.708008,-6.31138900000002
134.693573,-6.32416699999999
134.673584,-6.33861199999996
134.608002,-6.36860999999999
134.603027,-6.37055499999997
134.55304,-6.35750000000002
134.544983,-6.35222199999993
134.538574,-6.34472299999993
134.527771,-6.32833399999998
134.493561,-6.29416699999996
134.428314,-6.26638899999995
134.400269,-6.26027900000003
134.394714,-6.25888899999995
134.336639,-6.22611099999995
134.332458,-6.22333299999997
134.28775,-6.15861100000001
134.269989,-6.12194399999993
134.268036,-6.11722200000003
134.268036,-6.11027799999994
134.271362,-6.09999899999997
134.284424,-6.06110999999999
134.292755,-6.04888899999992
134.305817,-6.04138899999992
134.31192,-6.04083300000002
134.31665,-6.04277799999994
134.366638,-6.03666700000002
134.423874,-6.01775099999998
134.445221,-6.00758399999995
134.478271,-5.98877499999998
134.48996,-5.98369200000002
134.509277,-5.976066
134.526566,-5.97047399999997
134.607147,-5.95277799999997
134.635223,-5.9480549999999
134.641327,-5.94888899999989
134.646332,-5.95083299999999
134.728577,-6.03277799999995
134.731354,-6.03666700000002
