"V1","V2"
-46.498894,-1.02027800000002
-46.52417,-1.022222
-46.529724,-1.02083299999993
-46.53334,-1.01749999999993
-46.544174,-1.00111099999998
-46.54834,-0.99138899999997
-46.549171,-0.985277999999994
-46.54834,-0.972221999999931
-46.546951,-0.966666999999973
-46.538063,-0.941389000000015
-46.5352779999999,-0.93722200000002
-46.522224,-0.922777999999937
-46.474449,-0.881944999999973
-46.4680559999999,-0.879721999999958
-46.456673,-0.888611000000026
-46.4538959999999,-0.892778000000021
-46.440559,-1.00027799999998
-46.440002,-1.00638899999996
-46.487228,-1.018056
-46.498894,-1.02027800000002
