"V1","V2"
164.31665,-20.327225
164.328308,-20.3280559999999
164.329407,-20.324444
164.328308,-20.31889
164.316376,-20.2897219999999
164.310242,-20.275558
164.304962,-20.266945
164.298584,-20.2525019999999
164.298035,-20.240276
164.300537,-20.235554
164.313873,-20.234997
164.320526,-20.236111
164.347198,-20.242775
164.506104,-20.305836
164.513611,-20.3125
164.563019,-20.3627779999999
164.566376,-20.36639
164.571625,-20.375
164.579956,-20.4005549999999
164.583588,-20.404167
164.6586,-20.4449999999999
164.740234,-20.488331
164.819427,-20.5661129999999
164.821899,-20.570557
164.823029,-20.576111
164.828583,-20.590836
164.8508,-20.617779
164.854401,-20.621666
164.858582,-20.624443
165.033875,-20.722221
165.062195,-20.737778
165.102448,-20.7499999999999
165.108307,-20.7516669999999
165.11496,-20.753056
165.121613,-20.752781
165.132172,-20.7491649999999
165.138031,-20.748055
165.157745,-20.751392
165.223297,-20.765278
165.245239,-20.790001
165.248566,-20.793892
165.261108,-20.823612
165.25943,-20.8469469999999
165.258331,-20.853054
165.25943,-20.8586119999999
165.263885,-20.868057
165.401093,-21.055836
165.41748,-21.075001
165.424408,-21.0822219999999
165.443024,-21.099167
165.461365,-21.103889
165.478577,-21.109165
165.541931,-21.1349979999999
165.603027,-21.180832
165.611633,-21.2049979999999
165.611359,-21.210278
165.605225,-21.2113879999999
165.593567,-21.2080539999999
165.594696,-21.225277
165.612457,-21.255836
165.630798,-21.2797239999999
165.713867,-21.297222
165.750549,-21.302223
165.757202,-21.303333
165.768036,-21.3075029999999
165.963867,-21.406944
166.233307,-21.611111
166.291351,-21.641388
166.296356,-21.643612
166.337738,-21.6680559999999
166.429962,-21.727222
166.453857,-21.746666
166.474976,-21.776112
166.546936,-21.8436129999999
166.61969,-21.906944
166.743561,-21.986942
166.840515,-22.023335
166.850525,-22.026669
166.870789,-22.0361139999999
166.947479,-22.0899999999999
166.954407,-22.097221
167.028046,-22.2327769999999
167.024139,-22.280003
167.023041,-22.286114
167.018585,-22.310558
167.017212,-22.3166659999999
167.014709,-22.321388
166.998566,-22.34111
166.929413,-22.3974989999999
166.916931,-22.398888
166.921906,-22.3766669999999
166.920807,-22.371113
166.874664,-22.325832
166.833588,-22.298611
166.828857,-22.3011129999999
166.820251,-22.321388
166.818298,-22.326668
166.815796,-22.362499
166.733582,-22.369999
166.683319,-22.31139
166.679138,-22.3086129999999
166.634155,-22.280556
166.524994,-22.2336079999999
166.518311,-22.234165
166.507751,-22.237499
166.503052,-22.239998
166.499115,-22.243332
166.495789,-22.2472189999999
166.451904,-22.3166659999999
166.43219,-22.287502
166.381622,-22.18
166.283875,-22.1647219999999
166.21637,-22.143612
166.151367,-22.073055
166.151917,-22.03389
166.140259,-21.9655529999999
166.137482,-21.9613879999999
166.116364,-21.946388
166.064697,-21.91861
165.968018,-21.9327769999999
165.830261,-21.844444
165.758026,-21.776947
165.722198,-21.724442
165.682465,-21.730831
165.619415,-21.73333
165.562195,-21.713886
165.529694,-21.7016639999999
165.513885,-21.6949999999999
165.304413,-21.5863879999999
165.290253,-21.578613
165.276917,-21.570278
165.259979,-21.558056
165.154694,-21.466663
164.945526,-21.299725
164.904144,-21.268612
164.829681,-21.195
164.800812,-21.094444
164.75,-21.083611
164.744965,-21.081112
164.717194,-21.066113
164.698303,-21.053333
164.62384,-20.9408339999999
164.591339,-20.929722
164.574677,-20.923889
164.569122,-20.921944
164.51416,-20.896946
164.463287,-20.855835
164.381897,-20.780003
164.388306,-20.763615
164.349701,-20.688053
164.251373,-20.571667
164.233032,-20.560558
164.228851,-20.557503
164.206909,-20.536945
164.173859,-20.505558
164.171356,-20.501392
164.153595,-20.4316669999999
164.147217,-20.399445
164.15332,-20.398335
164.15802,-20.395832
164.164429,-20.388054
164.16803,-20.3711129999999
164.167755,-20.345554
164.165802,-20.340557
164.155548,-20.3233339999999
164.152771,-20.31889
163.992188,-20.155834
163.982178,-20.113613
163.983307,-20.107502
163.987457,-20.092499
163.98941,-20.087223
163.993835,-20.084724
164.011383,-20.087223
164.018036,-20.088612
164.034698,-20.1005549999999
164.038879,-20.1036109999999
164.057465,-20.119446
164.117462,-20.174168
164.202454,-20.265556
164.210785,-20.271667
164.219421,-20.277779
164.252472,-20.295834
164.31665,-20.327225
