"V1","V2"
139.736359,-16.4972189999999
139.73468,-16.503334
139.730255,-16.50528
139.689148,-16.522503
139.62384,-16.535835
139.580811,-16.502502
139.489136,-16.538055
139.503601,-16.569168
139.453308,-16.658054
139.450256,-16.6619449999999
139.441925,-16.6677779999999
139.330261,-16.7088889999999
139.230804,-16.728886
139.185242,-16.734997
139.148315,-16.760834
139.142761,-16.759167
139.140259,-16.755001
139.13858,-16.7155529999999
139.13858,-16.702499
139.160797,-16.610558
139.164978,-16.6005549999999
139.222473,-16.523891
139.277466,-16.4813879999999
139.289429,-16.4725
139.306641,-16.462498
139.318848,-16.461945
139.364685,-16.461945
139.451355,-16.44722
139.479675,-16.442223
139.534424,-16.4138869999999
139.724976,-16.443054
139.729675,-16.445553
139.733582,-16.455833
139.737732,-16.478054
139.738007,-16.4836079999999
139.736359,-16.4972189999999
