"V1","V2"
-126.676102,49.583603
-126.681381,49.5830540000001
-126.688889,49.5838780000001
-126.69722,49.5855480000001
-126.789719,49.6122130000001
-126.808037,49.619713
-126.814163,49.6227650000001
-126.905563,49.6855470000001
-126.965286,49.726936
-126.969452,49.7311020000001
-126.974167,49.740273
-126.975563,49.75
-126.940552,49.831383
-126.890556,49.8477710000001
-126.799156,49.876099
-126.777496,49.8797150000001
-126.768723,49.8786160000001
-126.749443,49.8569410000001
-126.734161,49.848045
-126.678047,49.8252720000001
-126.64473,49.774162
-126.636124,49.759438
-126.634453,49.7538830000001
-126.613327,49.648331
-126.616096,49.6244350000001
-126.620537,49.606102
-126.624161,49.601387
-126.633057,49.5961
-126.66861,49.5855480000001
-126.676102,49.583603
