"V1","V2"
72.227005,-70.613083
72.206741,-70.61586
72.1145170000001,-70.611389
72.038101,-70.602783
71.9672390000001,-70.59169
71.912247,-70.5797269999999
71.862564,-70.565292
71.831436,-70.555847
71.7978060000001,-70.531418
71.7928010000001,-70.525009
71.782852,-70.512222
71.6875150000001,-70.3530729999999
71.688126,-70.338348
71.692825,-70.331131
71.7017360000001,-70.322525
71.723953,-70.3063959999999
71.754776,-70.2847289999999
71.7680820000001,-70.277527
71.795059,-70.267807
71.812515,-70.26503
71.83754,-70.265854
71.8572540000001,-70.26918
71.878677,-70.273636
71.894241,-70.2783509999999
71.9086460000001,-70.2839049999999
71.930069,-70.294174
71.946976,-70.3058469999999
71.9522860000001,-70.312225
71.964798,-70.33139
71.973099,-70.34584
71.975601,-70.351959
71.9908600000001,-70.371414
72.0464630000001,-70.42836
72.0583650000001,-70.439453
72.0833890000001,-70.457794
72.091995,-70.463623
72.110306,-70.474472
72.142288,-70.491684
72.163101,-70.502792
72.175308,-70.508072
72.1969760000001,-70.518341
72.2503199999999,-70.546692
72.2675320000001,-70.5583339999999
72.280899,-70.571411
72.2834010000001,-70.57753
72.285049,-70.584732
72.2834010000001,-70.5922239999999
72.272842,-70.599731
72.2578280000001,-70.60585
72.2420200000001,-70.610016
72.227005,-70.613083
