"V1","V2"
123.281097,-8.40583400000003
123.088043,-8.415277
123.022774,-8.41333400000002
123.018051,-8.411112
123.014709,-8.40777800000001
123.016098,-8.37805600000002
123.017487,-8.372499
123.020828,-8.36249899999996
123.038589,-8.33249999999992
123.046944,-8.32027799999997
123.068047,-8.30055599999992
123.083328,-8.28861199999994
123.090813,-8.28573599999999
123.14888,-8.24638699999997
123.1586,-8.24249799999996
123.214157,-8.23361
123.220833,-8.23361
123.257217,-8.23833299999995
123.262772,-8.23972099999997
123.334152,-8.25999999999999
123.342209,-8.265556
123.344147,-8.26999999999998
123.346939,-8.28111299999995
123.346367,-8.28583300000003
123.329163,-8.36500000000001
123.326393,-8.375832
123.324432,-8.38055400000002
123.316093,-8.39277799999996
123.303864,-8.40111200000001
123.293587,-8.40444600000001
123.281097,-8.40583400000003
