"V1","V2"
-60.336945,-72.257507
-60.360558,-72.259445
-60.38195,-72.2591709999999
-60.4244459999999,-72.2563929999999
-60.4525069999999,-72.253067
-60.4769519999999,-72.2397309999999
-60.487228,-72.232513
-60.498894,-72.2194519999999
-60.500839,-72.213348
-60.5019449999999,-72.199722
-60.48806,-72.186676
-60.472778,-72.180847
-60.451118,-72.178619
-60.425835,-72.178619
-60.4086149999999,-72.178894
-60.385559,-72.182236
-60.364449,-72.1874999999999
-60.343613,-72.1941679999999
-60.3230589999999,-72.207504
-60.315559,-72.220566
-60.312782,-72.246674
-60.317505,-72.253067
-60.328278,-72.255539
-60.336945,-72.257507
