"V1","V2"
136.536102,-11.4549999999999
136.503326,-11.456388
136.49939,-11.4533329999999
136.498566,-11.447779
136.506378,-11.4125
136.508026,-11.4072229999999
136.643036,-11.2163889999999
136.727448,-11.047501
136.72995,-11.042778
136.736633,-11.035833
136.761658,-11.019445
136.766663,-11.017778
136.771912,-11.0197219999999
136.775818,-11.022778
136.77832,-11.026945
136.778595,-11.033611
136.777466,-11.039167
136.728577,-11.196388
136.724976,-11.206944
136.562195,-11.432501
136.548035,-11.446388
136.540527,-11.4524989999999
136.536102,-11.4549999999999
