"V1","V2"
-147.252228,-77.165558
-147.223358,-77.166397
-147.130859,-77.161957
-147.101135,-77.161957
-147.075012,-77.1666719999999
-147.0625,-77.173889
-147.06723,-77.180283
-147.224182,-77.237793
-147.258057,-77.243057
-147.288086,-77.243057
-147.316132,-77.2408449999999
-147.341125,-77.234726
-147.368896,-77.224457
-147.514191,-77.165848
-147.526398,-77.15889
-147.532806,-77.151947
-147.50473,-77.1463929999999
-147.473907,-77.1450039999999
-147.417236,-77.148621
-147.389465,-77.1508479999999
-147.335846,-77.15834
-147.252228,-77.165558
