"V1","V2"
-67.472504,65.705261
-67.559723,65.7022090000001
-67.584732,65.7035980000001
-67.6405639999999,65.6960910000001
-67.6913759999999,65.685806
-67.701401,65.6860960000001
-67.7069549999999,65.688034
-67.7138979999999,65.6966400000001
-67.715836,65.7016599999999
-67.7133329999999,65.705551
-67.6958309999999,65.7208250000001
-67.658615,65.725266
-67.577499,65.731659
-67.529175,65.7349850000001
-67.4999999999999,65.7349850000001
-67.4897159999999,65.7349850000001
-67.424438,65.73526
-67.4469449999999,65.718597
-67.472504,65.705261
