"V1","V2"
-92.4111179999999,62.3938830000001
-92.4205469999999,62.3916630000001
-92.431381,62.3916630000001
-92.440826,62.3936080000001
-92.529175,62.3783260000001
-92.5394439999999,62.377213
-92.5613859999999,62.3774869999999
-92.583893,62.3799900000001
-92.59584,62.382492
-92.600555,62.3869399999999
-92.600281,62.3924940000001
-92.5969539999999,62.397774
-92.592773,62.4024890000001
-92.539993,62.428329
-92.5311129999999,62.4313809999999
-92.410278,62.408882
-92.4038849999999,62.404709
-92.405563,62.3994369999999
-92.4111179999999,62.3938830000001
