"V1","V2"
-79.0205539999999,68.1691440000001
-79.0325009999999,68.165268
-79.075012,68.1683200000001
-79.0897219999999,68.170258
-79.101669,68.175262
-79.1713869999999,68.2052610000001
-79.1769409999999,68.2094270000001
-79.179993,68.215546
-79.188324,68.2472080000001
-79.1911009999999,68.319443
-79.151672,68.346649
-79.1419529999999,68.3488770000001
-79.125549,68.3502660000001
-79.099442,68.3486020000001
-79.044998,68.3433229999999
-78.9299929999999,68.338882
-78.826111,68.295532
-78.809998,68.287491
-78.8047179999999,68.283051
-78.801666,68.2791600000001
-78.8022159999999,68.272491
-78.805267,68.2666630000001
-78.8155519999999,68.255554
-78.8233339999999,68.250549
-78.8419489999999,68.2405400000001
-79.0205539999999,68.1691440000001
