"V1","V2"
-120.297783,34.0286030000001
-120.361656,34.0224910000001
-120.420273,34.0308230000001
-120.42749,34.0319370000001
-120.438049,34.0369420000001
-120.435272,34.0424960000001
-120.428879,34.0502700000001
-120.423889,34.054161
-120.414436,34.0594330000001
-120.400833,34.0616610000001
-120.363892,34.065544
-120.327789,34.0572130000001
-120.314713,34.0538790000001
-120.309158,34.0516590000001
-120.298607,34.0458300000001
-120.294724,34.0422210000001
-120.28833,34.0344390000001
-120.291946,34.0305480000001
-120.297783,34.0286030000001
