"V1","V2"
-73.4130709999999,-52.878616
-73.376114,-52.9044489999999
-73.374451,-52.910004
-73.38501,-52.950279
-73.391113,-52.953613
-73.411667,-52.953896
-73.440567,-52.956116
-73.4508359999999,-52.95639
-73.4575039999999,-52.953339
-73.485001,-52.9355619999999
-73.4905699999999,-52.931946
-73.4944459999999,-52.92778
-73.496124,-52.921951
-73.4880679999999,-52.912781
-73.480835,-52.9102779999999
-73.47168,-52.909172
-73.463898,-52.911667
-73.4566799999999,-52.909172
-73.4594569999999,-52.9044489999999
-73.489182,-52.894173
-73.4969479999999,-52.89167
-73.5327909999999,-52.884445
-73.613342,-52.8802799999999
-73.631958,-52.882225
-73.720291,-52.893333
-73.7416689999999,-52.900841
-73.752228,-52.893333
-73.699173,-52.8633349999999
-73.575836,-52.845284
-73.4325099999999,-52.869728
-73.424728,-52.8719479999999
-73.418335,-52.8749999999999
-73.4130709999999,-52.878616
