"V1","V2"
-123.322777,48.861107
-123.370537,48.856384
-123.378883,48.8569410000001
-123.384743,48.859993
-123.540558,48.9449920000001
-123.662514,49.0352710000001
-123.703888,49.095268
-123.705276,49.1002730000001
-123.702499,49.105553
-123.695831,49.1080470000001
-123.686394,49.106659
-123.680557,49.1036070000001
-123.674713,49.0930480000001
-123.659439,49.073608
-123.604446,49.0147170000001
-123.586403,49.0005490000001
-123.521667,48.9602740000001
-123.499161,48.947212
-123.487503,48.9411010000001
-123.459732,48.93055
-123.436394,48.924438
-123.420273,48.9205470000001
-123.381943,48.9108199999999
-123.328339,48.8958279999999
-123.32251,48.892769
-123.31778,48.8888850000001
-123.312767,48.8727650000001
-123.3125,48.86805
-123.316391,48.863327
-123.322777,48.861107
