"V1","V2"
-74.9938959999999,-50.813896
-75.002792,-50.814728
-75.024734,-50.813614
-75.0330809999999,-50.810829
-75.061951,-50.800285
-75.0680689999999,-50.797226
-75.077789,-50.789726
-75.0855559999999,-50.780838
-75.109726,-50.736389
-75.1119539999999,-50.7252809999999
-75.112228,-50.71917
-75.111679,-50.713615
-75.0816799999999,-50.659172
-75.076675,-50.6552809999999
-75.070847,-50.6522289999999
-75.0611109999999,-50.6522289999999
-74.9933469999999,-50.652779
-74.986115,-50.6552809999999
-74.9822239999999,-50.6597289999999
-74.9797359999999,-50.664452
-74.9783479999999,-50.676392
-74.9841769999999,-50.806114
-74.9880679999999,-50.8108369999999
-74.9938959999999,-50.813896
