"V1","V2"
14.755833,44.941383
14.7336099999999,44.9399950000001
14.721388,44.940277
14.6983319999999,44.9477770000001
14.6430550000001,44.966942
14.6386110000001,44.9686050000001
14.56291,45.019985
14.486944,45.033333
14.4797209999999,45.037498
14.4636100000001,45.04805
14.439444,45.0674970000001
14.4333320000001,45.0724950000001
14.428888,45.0783309999999
14.428055,45.086105
14.4291650000001,45.090271
14.46406,45.124554
14.523697,45.144974
14.539165,45.2394410000001
14.549166,45.2461090000001
14.5525,45.2483290000001
14.557777,45.248055
14.5830550000001,45.241943
14.5880550000001,45.2405550000001
14.5916649999999,45.238609
14.595554,45.2322160000001
14.6577760000001,45.1227719999999
14.704166,45.068329
14.7925,45.0091630000001
14.806665,44.996384
14.8133320000001,44.987778
14.815554,44.980553
14.814444,44.9766619999999
14.8049980000001,44.9694440000001
14.7605550000001,44.942497
14.755833,44.941383
