"V1","V2"
-79.7505649999999,56.9058230000001
-79.7174989999999,56.813606
-79.718338,56.807213
-79.7211149999999,56.802773
-79.725555,56.79805
-79.730835,56.7941589999999
-79.749725,56.7836070000001
-79.757507,56.781937
-79.781113,56.7847210000001
-79.7883299999999,56.785828
-79.793556,56.7957920000001
-79.794373,56.8329470000001
-79.793144,56.8598900000001
-79.823769,56.895004
-79.852753,56.885204
-79.8941649999999,56.8819350000001
-79.897507,56.884995
-79.8980559999999,56.891106
-79.896118,56.8972170000001
-79.892776,56.9024890000001
-79.8586119999999,56.938599
-79.8519439999999,56.9402689999999
-79.8083339999999,56.9483260000001
-79.799438,56.9494319999999
-79.790833,56.9477690000001
-79.784164,56.9408260000001
-79.753616,56.91082
-79.7505649999999,56.9058230000001
