"V1","V2"
24.6627770000001,36.747498
24.658607,36.7466660000001
24.648609,36.7469410000001
24.6283300000001,36.749443
24.6249960000001,36.7513890000001
24.6205519999999,36.7569430000001
24.609722,36.778328
24.6119420000001,36.781662
24.619999,36.788055
24.6238859999999,36.789444
24.6422200000001,36.7888870000001
24.6455540000001,36.7874980000001
24.6652760000001,36.7763820000001
24.670277,36.767494
24.6708300000001,36.759995
24.670277,36.7558290000001
24.665833,36.749718
24.6627770000001,36.747498
