"V1","V2"
103.619141,-0.389721999999949
103.613037,-0.390277999999967
103.547211,-0.383610999999974
103.535538,-0.381666999999993
103.463608,-0.367222000000027
103.454712,-0.362221999999861
103.452477,-0.357499999999959
103.480553,-0.298055999999917
103.496368,-0.27249999999998
103.510818,-0.252777999999921
103.51416,-0.249166999999943
103.525269,-0.239721999999972
103.533333,-0.234166999999957
103.538307,-0.232221999999979
103.554703,-0.228055999999981
103.560806,-0.227221999999983
103.623306,-0.233610999999996
103.633614,-0.236943999999994
103.721153,-0.272437000000025
103.73082,-0.279443999999955
103.745819,-0.291667000000018
103.752213,-0.299167000000011
103.754707,-0.303333000000009
103.75972,-0.312221999999963
103.763611,-0.321943999999974
103.766388,-0.332778000000019
103.765823,-0.338888999999995
103.761658,-0.348610999999892
103.752777,-0.353332999999964
103.619141,-0.389721999999949
