"V1","V2"
-48.5833279999999,61.312767
-48.65361,61.3097150000001
-48.8241729999999,61.3261029999999
-48.8325039999999,61.3302760000001
-48.833061,61.3349910000001
-48.825279,61.3399890000001
-48.808334,61.347214
-48.781387,61.355553
-48.761948,61.3605499999999
-48.743057,61.3638840000001
-48.713615,61.3674930000001
-48.693054,61.36805
-48.671944,61.3674930000001
-48.535278,61.3638840000001
-48.523331,61.361107
-48.520836,61.356384
-48.5147249999999,61.3466570000001
-48.514168,61.34166
-48.519165,61.325554
-48.526108,61.321381
-48.535004,61.3183290000001
-48.543335,61.316666
-48.5833279999999,61.312767
