"V1","V2"
119.508575,11.335606
119.528442,11.319051
119.535065,11.3209820000001
119.542786,11.335606
119.546928,11.3397440000001
119.552757,11.3363860000001
119.559418,11.3247200000001
119.563309,11.3133320000001
119.565811,11.2883320000001
119.564423,11.265833
119.563309,11.257776
119.553589,11.2219430000001
119.494713,10.994442
119.493317,10.9888860000001
119.488876,10.963331
119.483322,10.8813860000001
119.484711,10.87722
119.511383,10.829443
119.513893,10.826942
119.534149,10.8174969999999
119.537201,10.816942
119.54776,10.823608
119.555817,10.8311100000001
119.56192,10.834164
119.574997,10.8388860000001
119.578598,10.8388860000001
119.587196,10.834997
119.598602,10.823887
119.60054,10.820276
119.601089,10.8158320000001
119.606934,10.7258300000001
119.628036,10.673054
119.687477,10.543888
119.699142,10.5391650000001
119.717758,10.521944
119.718872,10.5188880000001
119.719147,10.513887
119.717484,10.504444
119.712486,10.4974980000001
119.704437,10.489998
119.679428,10.4861090000001
119.579987,10.406387
119.495819,10.3705519999999
119.479431,10.373608
119.462486,10.3738860000001
119.448868,10.3708310000001
119.389977,10.343609
119.328598,10.309443
119.305542,10.282499
119.296097,10.270832
119.261383,10.226942
119.25,10.2063870000001
119.230553,10.1627769999999
119.232208,10.156109
119.235527,10.1511100000001
119.238586,10.136944
119.235527,10.1230530000001
119.218872,10.079165
119.214996,10.071665
119.204163,10.0508310000001
119.199707,10.0461099999999
119.164993,10.0286100000001
119.149147,10.023609
118.969147,9.97860900000012
118.9422,9.97221900000005
118.915543,9.97221900000005
118.911926,9.97305299999999
118.900543,9.98083100000014
118.877762,9.98083100000014
118.868874,9.97805400000004
118.754173,9.92638799999997
118.752487,9.92360900000006
118.694427,9.76999899999998
118.691933,9.76111000000009
118.69136,9.754999
118.693588,9.71416500000004
118.71582,9.68055300000003
118.753365,9.65450800000013
118.745247,9.656387
118.737198,9.65527700000001
118.723312,9.65194300000002
118.721916,9.65111000000002
118.631363,9.51305400000007
118.458878,9.30249800000001
118.354431,9.19360899999998
118.342758,9.18360900000005
118.337486,9.17944299999994
118.325821,9.17638799999997
118.184982,9.15305300000011
118.142487,9.14611100000002
118.095833,9.04777700000005
118.046371,8.94472100000007
118.003326,8.87694199999993
118.001663,8.87666300000012
117.998871,8.87777499999993
117.989967,8.87916400000012
117.987488,8.87833000000006
117.965271,8.86971900000003
117.909149,8.83944100000002
117.88916,8.82610900000009
117.809143,8.76472100000012
117.803589,8.75527800000003
117.795258,8.74055300000009
117.787491,8.72527500000001
117.780273,8.71527500000008
117.759163,8.69638600000002
117.747757,8.68805300000014
117.74054,8.68388700000003
117.633881,8.65749900000003
117.538307,8.57722100000012
117.45166,8.502499
117.377472,8.49055299999998
117.374153,8.48999800000007
117.371368,8.48805199999998
117.323318,8.45249699999994
117.245247,8.37694200000004
117.208328,8.32999800000005
117.200272,8.32527500000009
117.189423,8.32416500000005
117.185806,8.32555400000007
117.18248,8.32833099999999
117.175537,8.33472100000006
117.170532,8.34333000000004
117.220543,8.51499900000005
117.235527,8.56305300000008
117.236649,8.56499899999994
117.24498,8.56499899999994
117.259163,8.60944200000012
117.344437,8.72610900000012
117.360809,8.741941
117.368874,8.74860800000005
117.371643,8.75055500000008
117.375526,8.75166500000006
117.444138,8.80888700000008
117.473312,8.85555299999999
117.516937,8.91722100000004
117.662201,9.07694200000003
117.785538,9.17610899999994
117.902481,9.26305400000012
117.909988,9.26527599999991
117.954163,9.268888
117.978592,9.25999800000005
118.027206,9.25916500000005
118.125526,9.35444300000006
118.331673,9.5841640000001
118.340271,9.61249700000008
118.34082,9.61888699999997
118.423309,9.70610800000009
118.425537,9.70777500000014
118.448593,9.72499800000003
118.455551,9.72888599999999
118.471649,9.73277500000006
118.480553,9.73610900000006
118.516098,9.7666660000001
118.606644,9.8744410000001
118.640549,9.93111000000005
118.657761,9.97027600000007
118.660538,9.97666400000014
118.658333,9.98221999999993
118.664429,10.0058330000001
118.752777,10.126108
118.754173,10.127775
118.757767,10.1249979999999
118.75943,10.121664
118.761658,10.1119420000001
118.765823,10.071386
118.764709,10.0686090000001
118.763046,10.0674970000001
118.754173,10.069164
118.746368,10.0722200000001
118.739433,10.071386
118.737762,10.070276
118.738876,10.0674970000001
118.765266,10.023609
118.766937,10.0208319999999
118.776932,10.0141659999999
118.779709,10.0147210000001
118.782211,10.016943
118.801086,10.034721
118.824707,10.1041640000001
118.811653,10.105831
118.806091,10.108332
118.801933,10.1119420000001
118.800812,10.119442
118.79776,10.1694430000001
118.79776,10.1844430000001
118.798599,10.1886100000001
118.800537,10.1922210000001
118.805252,10.1955530000001
118.853867,10.2074989999999
118.864433,10.209164
118.86998,10.2080540000001
118.873596,10.206108
118.883881,10.196943
118.887497,10.1952760000001
118.912201,10.199442
118.920822,10.201664
118.931374,10.205832
118.934708,10.209164
118.995247,10.3099980000001
119.015266,10.3483310000001
119.014709,10.366386
119.011383,10.3741650000001
119.010269,10.374441
119.007767,10.373331
118.998322,10.364164
118.997482,10.3613869999999
118.991653,10.3516640000001
118.973312,10.344721
118.970543,10.3441640000001
118.959717,10.36083
118.959427,10.3636090000001
118.960274,10.369164
118.963318,10.3752750000001
119.005547,10.4383320000001
119.007492,10.4402749999999
119.089706,10.42111
119.124153,10.3852770000001
119.126373,10.383333
119.136108,10.3819410000001
119.139709,10.3841650000001
119.164703,10.4116650000001
119.312477,10.582499
119.314423,10.585831
119.32222,10.6061080000001
119.342209,10.710554
119.342758,10.717497
119.341927,10.727497
119.340553,10.7327750000001
119.335541,10.7408310000001
119.310257,10.7697199999999
119.30748,10.7722209999999
119.299713,10.7744430000001
119.292763,10.774166
119.27832,10.765833
119.270828,10.766666
119.262497,10.779444
119.228867,10.866108
119.212196,10.9452760000001
119.214432,10.956387
119.216927,10.959997
119.223038,10.9602760000001
119.262207,10.9511090000001
119.26416,10.9497200000001
119.417213,10.7602770000001
119.4272,10.7349970000001
119.431091,10.720831
119.453323,10.721943
119.4561,10.7236080000001
119.459427,10.7283310000001
119.434143,10.8263870000001
119.417213,10.86722
119.415268,10.8711090000001
119.413307,10.871943
119.386383,10.870831
119.361099,10.8733310000001
119.34137,10.894999
119.309418,10.9419420000001
119.308319,10.9455530000001
119.302467,10.9749980000001
119.302467,11.002777
119.30304,11.0094429999999
119.324158,11.098053
119.325821,11.1011090000001
119.329163,11.1008300000001
119.334991,11.0983310000001
119.351646,11.077776
119.350807,11.07583
119.351379,11.0733320000001
119.367752,11.049166
119.375526,11.039721
119.37886,11.03722
119.396378,11.0286100000001
119.401657,11.027222
119.41832,11.028332
119.422493,11.0333330000001
119.429428,11.1405540000001
119.4272,11.228054
119.424988,11.264999
119.420822,11.304443
119.430817,11.339998
119.431931,11.342497
119.469711,11.4236089999999
119.472214,11.424999
119.476089,11.424721
119.501099,11.4136100000001
119.505539,11.393823
119.507744,11.3728530000001
119.508575,11.335606
