"V1","V2"
-39.904999,82.9988710000001
-39.860832,82.9791559999999
-39.875275,82.978592
-39.8886109999999,82.9799800000001
-39.934166,82.9805450000001
-40.183327,82.983047
-40.220551,82.9824830000001
-40.458054,82.998032
-40.595551,83.00943
-40.629166,83.013885
-40.797501,83.0427550000001
-41.051941,83.0788730000001
-41.07917,83.083603
-41.093887,83.088593
-41.099442,83.0947110000001
-41.138054,83.1116490000001
-41.178337,83.1222080000001
-41.2075039999999,83.1263730000001
-41.2847289999999,83.1347200000001
-41.4113849999999,83.146942
-41.446388,83.1510930000001
-41.482498,83.1594240000001
-41.482773,83.164993
-41.416389,83.170822
-41.376663,83.1722110000001
-41.3258359999999,83.17276
-41.000839,83.171646
-40.878883,83.1674800000001
-40.836945,83.1636050000001
-40.820282,83.159149
-40.778053,83.1436000000001
-40.7691649999999,83.133041
-40.7450029999999,83.1230320000001
-40.725273,83.117752
-40.53167,83.081375
-40.468887,83.0727690000001
-40.422226,83.0683290000001
-40.315834,83.06192
-40.126945,83.0533140000001
-40.0858309999999,83.0491490000001
-39.904999,82.9988710000001
