"V1","V2"
-150.691681,59.306656
-150.714447,59.305824
-150.760284,59.3166660000001
-150.768341,59.31916
-150.775299,59.322769
-150.776672,59.3288800000001
-150.695007,59.402771
-150.686951,59.4055480000001
-150.67749,59.40638
-150.666656,59.404991
-150.638336,59.399162
-150.621918,59.393608
-150.616638,59.3897170000001
-150.609711,59.380821
-150.612213,59.368599
-150.622498,59.3533250000001
-150.631927,59.344437
-150.642517,59.33638
-150.654449,59.3288800000001
-150.684998,59.310272
-150.691681,59.306656
