"V1","V2"
146.246613,-4.85750000000002
146.240509,-4.85805499999992
146.234406,-4.85750000000002
146.21579,-4.85138899999998
146.211914,-4.84861099999995
146.20163,-4.83833299999998
146.199402,-4.83361100000002
146.198029,-4.828056
146.200256,-4.81638799999996
146.202179,-4.81166599999995
146.21579,-4.791111
146.219971,-4.78833300000002
146.232178,-4.78833300000002
146.238556,-4.79055599999992
146.241333,-4.79333300000002
146.256927,-4.81166599999995
146.262482,-4.81972200000001
146.263885,-4.82527800000003
146.263885,-4.83083299999993
146.261932,-4.835556
146.250824,-4.85472199999992
146.246613,-4.85750000000002
