"V1","V2"
-96.754181,72.721375
-96.770279,72.719711
-96.955276,72.7341460000001
-96.969452,72.737762
-96.977783,72.745255
-97.0111239999999,72.7758180000001
-97.0102839999999,72.7766570000001
-96.921387,72.8358150000001
-96.9111179999999,72.841095
-96.798615,72.881363
-96.7572329999999,72.8927610000001
-96.737213,72.8952640000001
-96.725555,72.894989
-96.7133329999999,72.8933260000001
-96.688324,72.883331
-96.692215,72.862762
-96.666946,72.8110960000001
-96.651672,72.804153
-96.642502,72.79776
-96.639999,72.791656
-96.639999,72.786652
-96.641388,72.7822110000001
-96.728058,72.7305450000001
-96.741379,72.72554
-96.754181,72.721375
