"V1","V2"
155.200836,-69.046112
155.031952,-69.0500029999999
155.01474,-69.049728
154.991974,-69.047241
154.975281,-69.0428009999999
154.964752,-69.0363919999999
154.955017,-69.0238949999999
154.953918,-69.0172269999999
154.954742,-69.011139
154.978638,-68.98114
155.015564,-68.9503019999999
155.040558,-68.936401
155.056396,-68.9300229999999
155.088165,-68.9221949999999
155.093231,-68.9221039999999
155.263336,-68.95195
155.290558,-68.962799
155.303894,-68.975006
155.308899,-68.98114
155.309692,-68.985016
155.311676,-68.994461
155.310852,-69.008072
155.292786,-69.023361
155.263641,-69.034454
155.249451,-69.038086
155.200836,-69.046112
