"V1","V2"
12.015833,36.738327
12.0005550000001,36.7374950000001
11.993055,36.7386090000001
11.987221,36.740555
11.9536090000001,36.7613830000001
11.9263879999999,36.793884
11.9227770000001,36.804161
11.9216650000001,36.816383
11.9236110000001,36.821938
11.9308320000001,36.82972
11.9349990000001,36.833054
11.940277,36.8355480000001
11.947222,36.8366620000001
11.9547209999999,36.8369370000001
11.9622210000001,36.836105
11.9966660000001,36.830276
12.0075000000001,36.825272
12.0483320000001,36.7969440000001
12.0505540000001,36.7936100000001
12.055555,36.7711110000001
12.0541650000001,36.761665
12.051388,36.7569430000001
12.047777,36.753052
12.0383320000001,36.747215
12.0277770000001,36.7422179999999
12.015833,36.738327
