"V1","V2"
173.014984,1.70611100000013
173.00943,1.70472200000012
173.023315,1.7197220000001
173.029419,1.72722199999998
173.035522,1.75555500000002
173.034149,1.76777800000008
173.026642,1.81083299999995
173.025269,1.81638900000013
173.021912,1.81999999999994
173.013611,1.82611100000003
172.981903,1.85611099999994
172.929962,1.92666600000007
172.92804,1.93138900000002
172.929962,1.93611099999993
172.961365,1.90611100000001
172.978577,1.88833300000005
173.024414,1.82527800000003
173.027191,1.82111100000003
173.029419,1.80972200000008
173.036102,1.77111099999996
173.037476,1.75194400000004
173.030823,1.7247220000001
173.028595,1.7197220000001
173.022491,1.71166600000004
173.019135,1.70888900000011
173.014984,1.70611100000013
