"V1","V2"
59.766388,81.170258
59.729988,81.1697080000001
59.5761029999999,81.171371
59.496941,81.173309
59.085266,81.1935880000001
59.0399929999999,81.1972050000001
59.015274,81.2016600000001
59.010826,81.2072140000001
59.0155110000001,81.212097
59.0958250000001,81.220535
59.17527,81.2188720000001
59.411934,81.2141570000001
59.6436079999999,81.211655
59.6844330000001,81.210266
59.727486,81.2077640000001
59.7636110000001,81.204712
59.788048,81.200272
59.840828,81.185532
59.8447110000001,81.1799770000001
59.832771,81.1746980000001
59.800545,81.1719210000001
59.766388,81.170258
