"V1","V2"
-68.110275,68.7827610000001
-67.8074949999999,68.733597
-67.7816769999999,68.7291559999999
-67.679169,68.71138
-67.668335,68.7072140000001
-67.6613919999999,68.7019350000001
-67.662216,68.698318
-67.676666,68.6958160000001
-67.8505549999999,68.697754
-67.86972,68.698593
-67.897781,68.704987
-67.9186099999999,68.7124939999999
-67.951401,68.721649
-68.039169,68.7380370000001
-68.1883239999999,68.763885
-68.306107,68.7794340000001
-68.323624,68.7799840000001
-68.339996,68.7785949999999
-68.352493,68.775543
-68.3674929999999,68.7749940000001
-68.4336089999999,68.781097
-68.451401,68.783875
-68.457779,68.7858120000001
-68.459442,68.7910920000001
-68.455276,68.8021999999999
-68.4508359999999,68.807205
-68.439163,68.812485
-68.428329,68.813034
-68.4188999999999,68.8102570000001
-68.3755489999999,68.8080290000001
-68.2419429999999,68.7988740000001
-68.224716,68.7974850000001
-68.110275,68.7827610000001
