"V1","V2"
97.8066410000001,28.344162
97.8138730000001,28.3438870000001
97.827209,28.346664
97.8369290000001,28.352219
97.839981,28.356384
97.8438720000001,28.366386
97.8474880000001,28.370274
97.859146,28.374439
97.891663,28.3816640000001
97.8988800000001,28.3813860000001
97.908875,28.3763850000001
98.0188750000001,28.2783320000001
98.0208280000001,28.2727740000001
98.0213780000001,28.265831
98.0202640000001,28.260277
98.008041,28.230274
98.0077670000001,28.223885
98.0097200000001,28.2186050000001
98.0130460000001,28.214718
98.023041,28.2094379999999
98.136215,28.1563150000001
98.1433260000001,28.150829
98.1466520000001,28.1469420000001
98.1522060000001,28.1374970000001
98.1572110000001,28.1202740000001
98.157761,28.1133310000001
98.1474910000001,28.0138850000001
98.1449890000001,28.0027769999999
98.195816,27.8399960000001
98.2302700000001,27.7513890000001
98.2633210000001,27.696941
98.2910920000001,27.635273
98.2930450000001,27.629719
98.3027650000001,27.580276
98.3035890000001,27.566387
98.3094180000001,27.5499990000001
98.3163760000001,27.5419430000001
98.324432,27.535553
98.329437,27.533054
98.3405460000001,27.5294420000001
98.354156,27.5280530000001
98.3688660000001,27.5294420000001
98.3847200000001,27.536663
98.397491,27.546387
98.404984,27.5536080000001
98.4086,27.557499
98.416931,27.5702740000001
98.423035,27.585274
98.4255370000001,27.596386
98.426086,27.632774
98.458878,27.6724970000001
98.5333250000001,27.650829
98.646103,27.605274
98.699707,27.5391650000001
98.6977540000001,27.534164
98.6952510000001,27.5227740000001
98.6860960000001,27.472496
98.6855319999999,27.4661060000001
98.701096,27.382217
98.7038730000001,27.3774950000001
98.722763,27.3741650000001
98.7283170000001,27.372498
98.731934,27.3683280000001
98.7338710000001,27.363052
98.7349850000001,27.356663
98.7366490000001,27.3291630000001
98.736374,27.322773
98.7349850000001,27.3172190000001
98.7152710000001,27.2605550000001
98.7091520000001,27.2458270000001
98.6944270000001,27.2311060000001
98.692474,27.226105
98.6908110000001,27.2141609999999
98.69165,27.201939
98.710815,27.1327739999999
98.7385860000001,27.0055540000001
98.760544,26.894161
98.7777710000001,26.791664
98.7785950000001,26.6427729999999
98.77832,26.6363830000001
98.7755430000001,26.6058310000001
98.7458190000001,26.4261050000001
98.7266540000001,26.3627739999999
98.701096,26.2519419999999
98.7072140000001,26.2433280000001
98.731094,26.1952740000001
98.7322080000001,26.189163
98.730545,26.177219
98.7099910000001,26.1347200000001
98.7072140000001,26.130276
98.6830439999999,26.1097179999999
98.674988,26.1030499999999
98.664429,26.0983310000001
98.6569370000001,26.098053
98.651382,26.0997199999999
98.6486050000001,26.1044430000001
98.647217,26.1174960000001
98.6474910000001,26.123886
98.651932,26.1399959999999
98.651382,26.146942
98.6488800000001,26.151661
98.6424870000001,26.152775
98.591095,26.1374969999999
98.5708310000001,26.127495
98.568054,26.123051
98.575272,26.0833320000001
98.6008150000001,25.9988819999999
98.6052550000001,25.9886049999999
98.608597,25.984718
98.6552580000001,25.953884
98.7091520000001,25.905273
98.7152710000001,25.896664
98.7163850000001,25.8905530000001
98.7163850000001,25.8774950000001
98.7147060000001,25.865551
98.710815,25.855553
98.7080380000001,25.8513870000001
98.6477659999999,25.8080519999999
98.638046,25.802776
98.631927,25.8011090000001
98.626648,25.8013879999999
98.621094,25.8033290000001
98.587769,25.820831
98.578873,25.826664
98.562485,25.8397180000001
98.557755,25.8422200000001
98.5474850000001,25.846386
98.535263,25.848606
98.5308230000001,25.845551
98.4866490000001,25.801662
98.4830469999999,25.7980539999999
98.4802700000001,25.7936100000001
98.4794310000001,25.7694440000001
98.476379,25.7588880000001
98.438583,25.6911050000001
98.383041,25.5919420000001
98.361374,25.5694429999999
98.3266600000001,25.5516620000001
98.3205410000001,25.5497210000001
98.3138730000001,25.548885
98.30748,25.5497210000001
98.2980350000001,25.554718
98.227203,25.5930520000001
98.191086,25.6152730000001
98.1652680000001,25.579998
98.169434,25.5622180000001
98.168045,25.550274
98.1355440000001,25.4102750000001
98.124695,25.3899960000001
98.0694430000001,25.3144420000001
98.0621950000001,25.306942
97.9513850000001,25.219715
97.9463650000001,25.216663
97.9410860000001,25.214161
97.9172060000001,25.207497
97.911102,25.208328
97.906372,25.210827
97.9010930000001,25.2202720000001
97.8944400000001,25.235828
97.88916,25.245274
97.8858180000001,25.2491610000001
97.873032,25.25861
97.858032,25.2655530000001
97.8463750000001,25.26833
97.8333280000001,25.2591630000001
97.829712,25.2555540000001
97.824158,25.2469410000001
97.82222,25.24194
97.814697,25.2088850000001
97.8060910000001,25.1702730000001
97.7894290000001,25.137497
97.761108,25.094997
97.7541660000001,25.0877760000001
97.725815,25.0647200000001
97.7227630000001,24.9813840000001
97.7366490000001,24.918884
97.689423,24.8344420000001
97.6713710000001,24.8227730000001
97.5785980000001,24.761944
97.556931,24.746662
97.5524750000001,24.7430499999999
97.5505370000001,24.738049
97.550262,24.7319370000001
97.5541690000001,24.727314
97.560257,24.7199940000001
97.562195,24.714718
97.5646970000001,24.702496
97.568329,24.6763840000001
97.568054,24.6569400000001
97.562485,24.57111
97.561096,24.559162
97.556641,24.5369420000001
97.543045,24.4766619999999
97.653595,24.446941
97.665268,24.4441600000001
97.6691440000001,24.4408300000001
97.6724850000001,24.4369390000001
97.7127690000001,24.375275
97.7586060000001,24.2636070000001
97.7599950000001,24.257496
97.74942,24.1636090000001
97.747482,24.1588859999999
97.7363740000001,24.135273
97.724701,24.118053
97.7177580000001,24.110828
97.7010960000001,24.0980530000001
97.6883090000001,24.0888860000001
97.6441500000001,24.053051
97.541656,23.95916
97.5363770000001,23.9505500000001
97.5352630000001,23.9449960000001
97.5355380000001,23.939716
97.538315,23.9349940000001
97.5422060000001,23.9316640000001
97.5469360000001,23.9291610000001
97.5630340000001,23.9241640000001
97.581375,23.9211079999999
97.623871,23.8983310000001
97.631927,23.891941
97.6385960000001,23.8838840000001
97.641098,23.8794400000001
97.645538,23.869164
97.6499790000001,23.851704
97.6919250000001,23.8838840000001
97.764709,23.9227710000001
97.865265,23.9805490000001
97.8933110000001,24.00972
97.9002690000001,24.0169369999999
97.912491,24.026661
98.040588,24.081615
98.0466920000001,24.084106
98.0644840000001,24.0890960000001
98.1877290000001,24.11945
98.2207789999999,24.125305
98.4465940000001,24.1349560000001
98.5140840000001,24.1310270000001
98.5446170000001,24.1256980000001
98.5493620000001,24.123177
98.5825040000001,24.098557
98.5905760000001,24.0921210000001
98.837463,24.124264
98.849075,24.1279640000001
98.858719,24.133347
98.862854,24.136173
98.874969,24.146061
98.890732,24.1600690000001
98.900116,24.141293
98.906494,24.125736
98.9076230000001,24.1196100000001
98.906265,24.114014
98.9010470000001,24.1052930000001
98.8939060000001,24.0979459999999
98.86969,24.0784
98.848755,24.0625800000001
98.754852,23.9980090000001
98.7274780000001,23.9858280000001
98.6852570000001,23.9747159999999
98.679977,23.9722180000001
98.6772,23.9680519999999
98.687485,23.816387
98.8013760000001,23.7747189999999
98.8069310000001,23.7730520000001
98.8155360000001,23.76722
98.821381,23.7586100000001
98.823044,23.7530520000001
98.852768,23.637775
98.8066410000001,23.5541650000001
98.8060910000001,23.5416640000001
98.8069310000001,23.535553
98.821381,23.484718
98.8247070000001,23.480827
98.8294369999999,23.478329
98.8361050000001,23.4780500000001
98.853043,23.483604
98.858032,23.486107
98.864151,23.4874950000001
98.875259,23.486107
98.879974,23.483604
98.8863830000001,23.475826
98.8916629999999,23.4663849999999
98.9041600000001,23.44305
98.912766,23.422771
98.9147030000001,23.417217
98.916931,23.404995
98.924698,23.327221
98.9210970000001,23.2841639999999
98.9274750000001,23.1891630000001
99.089157,23.108608
99.105255,23.1030500000001
99.111099,23.10194
99.2016600000001,23.1002730000001
99.2234950000001,23.1007000000001
99.2283170000001,23.1027760000001
99.236923,23.108887
99.2463680000001,23.114162
99.251663,23.116386
99.26416,23.118885
99.3497159999999,23.1341630000001
99.356369,23.1349950000001
99.362488,23.133884
99.498596,23.0913849999999
99.5038760000001,23.0897180000001
99.5083310000001,23.0869410000001
99.512207,23.0830540000001
99.515549,23.079163
99.518158,23.073463
99.5633090000001,22.9494399999999
99.566376,22.938049
99.565811,22.9319380000001
99.5638730000001,22.926941
99.5610960000001,22.922497
99.5569310000001,22.9197160000001
99.5466460000001,22.9152720000001
99.540817,22.913609
99.5274810000001,22.9116629999999
99.5141600000001,22.9122160000001
99.5080410000001,22.91333
99.4424740000001,22.869995
99.34082,22.716938
99.348328,22.703049
99.3849950000001,22.6033289999999
99.3863830000001,22.5902750000001
99.386658,22.5836070000001
99.38472,22.5099980000001
99.38443,22.503887
99.3805389999999,22.4933280000001
99.3722080000001,22.480827
99.362488,22.4691620000001
99.348373,22.4544600000001
99.330826,22.4369390000001
99.3047030000001,22.4130520000001
99.292755,22.4036060000001
99.287766,22.4013860000001
99.1633150000001,22.1652720000001
99.162766,22.159161
99.1675420000001,22.1545140000001
99.1777650000001,22.1447180000001
99.2324830000001,22.114441
99.2497100000001,22.1105540000001
99.3594210000001,22.0930520000001
99.374146,22.0938870000001
99.403046,22.1019400000001
99.416092,22.110828
99.434708,22.121384
99.465546,22.1358299999999
99.5880430000001,22.108887
99.651932,22.089996
99.6677550000001,22.084721
99.6844180000001,22.076385
99.6866460000001,22.07444
99.7091520000001,22.0397190000001
99.735809,22.070831
99.741653,22.0736080000001
99.749146,22.075275
99.8922120000001,22.0605550000001
99.943314,22.0527760000001
99.957451,22.050173
99.9644320000001,22.048885
99.990814,21.9774930000001
99.991089,21.9697150000001
99.9905400000001,21.9583280000001
99.989151,21.951939
99.9747010000001,21.9172169999999
99.959152,21.8919410000001
99.9469300000001,21.8597180000001
99.9449770000001,21.853607
99.941925,21.824997
99.9424740000001,21.8174970000001
99.9736020000001,21.733883
99.9816590000001,21.717216
99.9863740000001,21.709438
99.996643,21.69944
100.002213,21.696106
100.008614,21.6944390000001
100.084152,21.686108
100.141373,21.634163
100.110527,21.5911060000001
100.107208,21.586384
100.106087,21.5833320000001
100.106644,21.57972
100.116379,21.526108
100.118317,21.519718
100.122482,21.5075
100.123871,21.5047190000001
100.16748,21.461105
100.193314,21.4413830000001
100.203918,21.435356
100.212753,21.432552
100.282761,21.4769400000001
100.338593,21.5161090000001
100.34166,21.5213850000001
100.346939,21.528332
100.354713,21.5333329999999
100.367477,21.5374980000001
100.37886,21.5388870000001
100.423027,21.530277
100.429977,21.5286100000001
100.453873,21.502777
100.458878,21.48666
100.466927,21.46944
100.475807,21.461662
100.481369,21.4591599999999
100.484993,21.4583280000001
100.560257,21.4513850000001
100.568047,21.4508290000001
100.57193,21.451107
100.588593,21.456104
100.639709,21.4769400000001
100.717209,21.5088880000001
100.725273,21.513332
100.796097,21.5799980000001
100.799423,21.5847210000001
100.801933,21.590553
100.803307,21.5969430000001
100.808319,21.608051
100.8311,21.6430510000001
100.840553,21.650272
101.092758,21.766666
101.105263,21.771385
101.12056,21.7705189999999
101.165543,21.639439
101.168587,21.630276
101.170258,21.6122169999999
101.170822,21.6047170000001
101.16832,21.598885
101.148239,21.572636
101.161377,21.544163
101.162773,21.5374980000001
101.162773,21.5333329999999
101.161652,21.5305520000001
101.127197,21.4908290000001
101.101929,21.466385
101.099716,21.4644389999999
101.005257,21.400829
100.997482,21.3958280000001
100.867752,21.319717
100.857208,21.3136100000001
100.843597,21.3061070000001
100.834717,21.3024980000001
100.827766,21.300831
100.808594,21.298332
100.787491,21.298332
100.776657,21.2999990000001
100.766663,21.3027760000001
100.736473,21.314137
100.73172,21.314137
100.722603,21.307709
100.718048,21.2952770000001
100.703873,21.2327730000001
100.702477,21.2222180000001
100.701393,21.19194
100.699997,21.181385
100.698593,21.1786080000001
100.671921,21.128052
100.627762,21.0577740000001
100.621368,21.0516620000001
100.606934,21.0408330000001
100.598877,21.0363849999999
100.580551,21.033054
100.560806,21.031109
100.548027,21.0269430000001
100.545532,21.0252760000001
100.521378,20.954441
100.519989,20.94944
100.513321,20.887775
100.516663,20.8791620000001
100.525543,20.871109
100.531372,20.868607
100.53804,20.8669400000001
100.549713,20.868607
100.566673,20.872772
100.584427,20.88055
100.603317,20.8872180000001
100.617752,20.8899960000001
100.633614,20.8915410000001
100.642059,20.887478
100.646103,20.8833310000001
100.648331,20.8772200000001
100.647217,20.870552
100.642212,20.8630520000001
100.636383,20.8566630000001
100.617867,20.8404540000001
100.604713,20.833885
100.576103,20.820553
100.561653,20.813885
100.5522,20.810555
100.531937,20.8052749999999
100.520264,20.803886
100.496933,20.805832
100.462196,20.8130530000001
100.44165,20.818329
100.38443,20.8280530000001
100.372208,20.8277740000001
100.368874,20.826942
100.361366,20.8219410000001
100.290543,20.771664
100.263611,20.7524990000001
100.253883,20.7455479999999
100.211929,20.6966630000001
100.20694,20.6894380000001
100.175262,20.635273
100.170258,20.620552
100.149429,20.5447200000001
100.141373,20.4894370000001
100.126083,20.4027750000001
100.125259,20.399719
100.117477,20.383053
100.107758,20.3683280000001
100.09137,20.3486060000001
100.089432,20.3472179999999
100.081322,20.3488409999999
100.075546,20.3499980000001
100.019989,20.3833309999999
99.9871980000001,20.4130520000001
99.9849849999999,20.418884
99.983597,20.4302750000001
99.9780430000001,20.44083
99.966095,20.4538840000001
99.959152,20.4552730000001
99.883606,20.4347189999999
99.8777620000001,20.432217
99.86998,20.427219
99.863312,20.421383
99.851379,20.4047160000001
99.838882,20.376663
99.8363800000001,20.367496
99.8327640000001,20.358887
99.8297119999999,20.3536070000001
99.82222,20.3444400000001
99.809143,20.3363840000001
99.7974849999999,20.331387
99.77916,20.328053
99.673599,20.3108290000001
99.6663820000001,20.311943
99.6110989999999,20.32333
99.5341490000001,20.347496
99.522766,20.3527760000001
99.502213,20.3088870000001
99.5530400000001,20.211384
99.5552519999999,20.2066610000001
99.555817,20.199718
99.5552519999999,20.193607
99.542755,20.159161
99.5388790000001,20.1494410000001
99.533875,20.147217
99.515732,20.145618
99.4897000000001,20.1199950000001
99.4855350000001,20.117218
99.459717,20.100273
99.450546,20.0952760000001
99.4383090000001,20.0919420000001
99.3383180000001,20.068054
99.3255460000001,20.066109
99.3130340000001,20.0674970000001
99.299713,20.075275
99.2958219999999,20.0783309999999
99.2897030000001,20.0861090000001
99.2783200000001,20.095829
99.2619320000001,20.10722
99.243866,20.117218
99.202209,20.125553
99.183868,20.128052
99.1702580000001,20.128052
99.158035,20.1252750000001
99.0855410000001,20.102776
99.0763850000001,20.0974960000001
99.068878,20.0908320000001
99.0430450000001,20.0483320000001
99.0408170000001,20.0372199999999
99.0224910000001,19.9277729999999
99.0230410000001,19.9208300000001
99.0266570000001,19.896107
99.02887,19.8913840000001
99.0383150000001,19.879719
99.039154,19.866108
99.0372010000001,19.8483310000001
99.0361020000001,19.842773
99.0297090000001,19.8288840000001
99.003326,19.7869420000001
98.9997100000001,19.7833330000001
98.995529,19.7805520000001
98.9458160000001,19.7711110000001
98.896103,19.7705540000001
98.886108,19.781666
98.8422090000001,19.8144419999999
98.8369290000001,19.8163870000001
98.8313750000001,19.81472
98.6491550000001,19.7419400000001
98.5205380000001,19.709717
98.4760280000001,19.6936679999999
98.391098,19.6958270000001
98.3472140000001,19.695274
98.332764,19.694439
98.3230440000001,19.689716
98.2422030000001,19.689995
98.215271,19.726383
98.1810910000001,19.754997
98.173309,19.7611080000001
98.139435,19.7830540000001
98.0808260000001,19.8086089999999
98.0686040000001,19.8099980000001
98.0547030000001,19.8099980000001
98.0499880000001,19.8074990000001
98.047211,19.8033290000001
98.045532,19.798332
98.0280460000001,19.723328
98.02832,19.710552
98.0305480000001,19.698605
98.039703,19.67194
98.039703,19.6588859999999
98.0374910000001,19.6480520000001
98.0349879999999,19.6438870000001
98.0316620000001,19.6402740000001
97.969147,19.6038860000001
97.9594270000001,19.5991630000001
97.9099880000001,19.575829
97.9049840000001,19.5736080000001
97.86908,19.5701750000001
97.866379,19.5216640000001
97.7924800000001,19.401939
97.792206,19.3958279999999
97.8019260000001,19.3624950000001
97.803589,19.3572199999999
97.834152,19.289997
97.841812,19.2071000000001
97.840546,19.1677740000001
97.8374940000001,19.1066630000001
97.8363800000001,19.1011090000001
97.8338780000001,19.096943
97.819443,19.089996
97.7883150000001,19.0711100000001
97.780273,19.0652730000001
97.7488710000001,19.0333330000001
97.7455290000001,19.0297200000001
97.678864,18.9388850000001
97.6772,18.934162
97.6783140000001,18.9280510000001
97.6808170000001,18.9236070000001
97.68692,18.9158290000001
97.7174840000001,18.8905530000001
97.7219240000001,18.8883290000001
97.7447050000001,18.869442
97.747757,18.8655509999999
97.7810970000001,18.685272
97.781937,18.671661
97.780273,18.6349949999999
97.77887,18.6047170000001
97.7766570000001,18.5747180000001
97.774704,18.569996
97.76915,18.5694430000001
97.7519379999999,18.5724980000001
97.7466430000001,18.574165
97.7397000000001,18.5738870000001
97.652771,18.562218
97.6297,18.5561069999999
97.624146,18.5544429999999
97.5580290000001,18.5141640000001
97.5447080000001,18.5
97.506653,18.4961050000001
97.458603,18.4927710000001
97.44693,18.4949950000001
97.4424740000001,18.4972149999999
97.4385830000001,18.500275
97.3697050000001,18.5558320000001
97.3672030000001,18.5605550000001
97.3622890000001,18.579655
97.3599850000001,18.5830540000001
97.349991,18.57222
97.346375,18.5624960000001
97.345261,18.5508310000001
97.3458250000001,18.5441630000001
97.3474880000001,18.538887
97.3505400000001,18.5349960000001
97.3583220000001,18.5280530000001
97.362198,18.5249980000001
97.3710939999999,18.5202750000001
97.378586,18.5138850000001
97.3910980000001,18.498051
97.3961030000001,18.488884
97.4374849999999,18.4105530000001
97.4441380000001,18.3961070000001
97.4477540000001,18.385551
97.4499970000001,18.373608
97.4505460000001,18.3669400000001
97.4494170000001,18.342495
97.4499970000001,18.335831
97.454987,18.3266640000001
97.4944310000001,18.282497
97.5013890000001,18.275829
97.5138850000001,18.267776
97.524704,18.2649990000001
97.531097,18.2661090000001
97.535812,18.2686080000001
97.54248,18.275829
97.5463710000001,18.291386
97.548599,18.3086090000001
97.5513760000001,18.3188860000001
97.5538640000001,18.3230510000001
97.563599,18.327774
97.577209,18.327774
97.5949860000001,18.325554
97.61026,18.3205530000001
97.626648,18.309441
97.6430510000001,18.290276
97.647217,18.2802770000001
97.647766,18.273609
97.641937,18.265831
97.637772,18.2630540000001
97.6322020000001,18.261387
97.624146,18.2552759999999
97.620819,18.2516630000001
97.616653,18.242771
97.6163790000001,18.2366600000001
97.6180419999999,18.231384
97.6222080000001,18.2213820000001
97.627197,18.212494
97.652481,18.1749950000001
97.6871950000001,18.128609
97.750275,17.977493
97.7519379999999,17.972218
97.752213,17.9669380000001
97.7447050000001,17.9544409999999
97.7413640000001,17.9508290000001
97.737488,17.9472160000001
97.713318,17.935551
97.7094270000001,17.9324950000001
97.7061,17.928883
97.699142,17.9158289999999
97.6866460000001,17.881939
97.685532,17.870552
97.6866460000001,17.8644409999999
97.690262,17.8538860000001
97.77832,17.703327
97.793869,17.684162
97.847214,17.626942
97.854706,17.619995
97.9238740000001,17.5689660000001
97.9688720000001,17.5283319999999
98.05304,17.415829
98.118866,17.313885
98.179428,17.257774
98.2055510000001,17.235828
98.2727660000001,17.173885
98.3044280000001,17.1408309999999
98.374695,17.050552
98.4005430000001,17.052776
98.423599,17.0533290000001
98.4616550000001,17.015831
98.511108,16.941105
98.543869,16.883884
98.549988,16.8547170000001
98.5149990000001,16.7852750000001
98.508881,16.784164
98.4985960000001,16.7802770000001
98.494705,16.777496
98.491364,16.7738880000001
98.4797059999999,16.745827
98.478043,16.740829
98.477768,16.734993
98.4794310000001,16.7297170000001
98.4860990000001,16.722771
98.5224910000001,16.6852720000001
98.563599,16.6308290000001
98.6602630000001,16.4649959999999
98.6624910000001,16.460274
98.665268,16.4491620000001
98.6680450000001,16.381939
98.6896970000001,16.284996
98.692749,16.2811090000001
98.713318,16.274719
98.7158200000001,16.2763860000001
98.7885890000001,16.3530499999999
98.827484,16.402496
98.8649900000001,16.4386060000001
98.916656,16.4019389999999
98.920258,16.3988840000001
98.9263760000001,16.3911059999999
98.9280400000001,16.3858300000001
98.9283140000001,16.3791620000001
98.918594,16.268608
98.913315,16.254166
98.8610990000001,16.1461070000001
98.856094,16.1377750000001
98.852768,16.134163
98.8238830000001,16.1086079999999
98.814987,16.1036070000001
98.808029,16.10305
98.802475,16.104164
98.798035,16.106663
98.791092,16.1202739999999
98.7869260000001,16.1227720000001
98.7810970000001,16.123886
98.7049870000001,16.1302760000001
98.692749,16.12833
98.68248,16.1244389999999
98.6760859999999,16.117218
98.6316530000001,16.046108
98.61499,15.9658319999999
98.5652620000001,15.722775
98.5688779999999,15.6983320000001
98.575577,15.6618799999999
98.5708310000001,15.6438880000001
98.565536,15.6169409999999
98.5649870000001,15.604998
98.565536,15.5916650000001
98.5713810000001,15.5552770000001
98.5769350000001,15.533054
98.5894320000001,15.4833320000001
98.595535,15.4716639999999
98.5963750000001,15.458332
98.595825,15.4463860000001
98.5935970000001,15.4169430000001
98.5894320000001,15.382774
98.5836030000001,15.362776
98.579987,15.3530519999999
98.5699920000001,15.3366640000001
98.563599,15.32972
98.558868,15.3299980000001
98.5594180000001,15.341942
98.5583190000001,15.348053
98.556641,15.3530519999999
98.550812,15.3608300000001
98.542755,15.3663860000001
98.5036010000001,15.3872200000001
98.497482,15.387777
98.4258120000001,15.363609
98.4224849999999,15.3599970000001
98.421646,15.354719
98.4202580000001,15.2841639999999
98.397766,15.2711110000001
98.239151,15.2211090000001
98.2322080000001,15.220831
98.2266540000001,15.221664
98.2054750000001,15.226778
98.2030490000001,15.2044430000001
98.2010960000001,15.074999
98.2161560000001,14.9938470000001
98.233322,14.9680539999999
98.2358090000001,14.9636100000001
98.2491459999999,14.9358310000001
98.2549900000001,14.9208320000001
98.2555540000001,14.9016649999999
98.2549900000001,14.8958319999999
98.248032,14.876663
98.246933,14.871386
98.259995,14.8166660000001
98.26416,14.806942
98.320267,14.719997
98.330551,14.709997
98.385269,14.656942
98.39502,14.64851
98.404434,14.6427760000001
98.4136050000001,14.638887
98.422211,14.6338880000001
98.438873,14.61722
98.4477540000001,14.605831
98.4680480000001,14.578331
98.51944,14.4866640000001
98.5408170000001,14.446943
98.5691530000001,14.386387
98.5713810000001,14.381941
98.6108090000001,14.3266639999999
98.6169280000001,14.3191640000001
98.6202550000001,14.316109
98.7597200000001,14.217497
98.8072050000001,14.1849980000001
98.8866580000001,14.1313860000001
98.937195,14.102221
98.94136,14.0999980000001
98.971649,14.083609
98.9760890000001,14.0747200000001
99.003326,14.0108320000001
99.0363770000001,13.9347210000001
99.1277620000001,13.773609
99.130814,13.7697200000001
99.1739650000001,13.727781
99.1702580000001,13.6652759999999
99.1691440000001,13.634722
99.1769260000001,13.578054
99.1883090000001,13.541666
99.2088780000001,13.473886
99.211655,13.462776
99.216095,13.418331
99.2172090000001,13.405832
99.213882,13.2347200000001
99.2127689999999,13.2161080000001
99.208603,13.206665
99.203384,13.203581
99.160263,13.1991650000001
99.14888,13.196665
99.1347200000001,13.189999
99.123871,13.1799980000001
99.1208190000001,13.1758310000001
99.120255,13.1711099999999
99.1116490000001,13.068888
99.112198,13.055832
99.1141509999999,13.0508310000001
99.2355350000001,12.741665
99.2397,12.7319410000001
99.245255,12.7236080000001
99.305252,12.665276
99.4362340000001,12.574434
99.428864,12.4988860000001
99.445816,12.3369430000001
99.4483180000001,12.3258300000001
99.4555510000001,12.2986090000001
99.49971,12.1883320000001
99.5644230000001,12.145832
99.5713810000001,12.1413879999999
99.573318,12.136665
99.57193,12.131109
99.5633090000001,12.101664
99.5566410000001,12.015833
99.5813750000001,11.8919430000001
99.584717,11.8813860000001
99.589432,11.8724980000001
99.626648,11.8344420000001
99.6308140000001,11.831665
99.649994,11.8291650000001
99.6569370000001,11.8291650000001
99.6616520000001,11.826942
99.660812,11.820553
99.640549,11.7500000000001
99.6358180000001,11.7336080000001
99.5691530000001,11.63722
99.5619200000001,11.630552
99.5574800000001,11.6277750000001
99.5519260000001,11.626387
99.465546,11.5683310000001
99.358322,11.3499980000001
99.324432,11.2788870000001
99.265549,11.176664
99.2544400000001,11.1594430000001
99.2133180000001,11.099165
99.174149,11.0474990000001
99.1663820000001,11.041388
99.1535950000001,11.0333330000001
99.144135,11.0302720000001
99.128036,11.0241660000001
99.1147000000001,11.016666
99.106644,11.0099980000001
99.0488740000001,10.9580540000001
98.935257,10.8222200000001
98.8979190000001,10.7765270000001
98.875259,10.7752760000001
98.868866,10.7747210000001
98.8633120000001,10.773333
98.8591460000001,10.7705540000001
98.8555450000001,10.7672209999999
98.8260960000001,10.733887
98.823044,10.729998
98.7872009999999,10.6822200000001
98.7827610000001,10.672775
98.773605,10.6302759999999
98.77388,10.6169410000001
98.779984,10.6094420000001
98.791931,10.6002750000001
98.8022,10.5897200000001
98.8247070000001,10.523054
98.8238830000001,10.5166660000001
98.802475,10.464165
98.796936,10.455832
98.7824860000001,10.442221
98.774704,10.436386
98.768326,10.428886
98.7594300000001,10.409721
98.748871,10.378054
98.742752,10.3486080000001
98.7083280000001,10.2649990000001
98.6797030000001,10.195831
98.5999909999999,10.059443
98.560806,9.99388700000003
98.554977,9.98555399999992
98.5516510000001,9.98221999999993
98.5466460000001,9.98166500000002
98.54248,9.98444200000012
98.5388790000001,9.98805200000004
98.529434,10.006109
98.522766,10.0199989999999
98.507217,10.156942
98.506943,10.2299980000001
98.514435,10.2436079999999
98.533875,10.3461090000001
98.5324859999999,10.3516640000001
98.5113830000001,10.4197200000001
98.5030520000001,10.43222
98.4983220000001,10.434443
98.4955290000001,10.43861
98.4922030000001,10.4491650000001
98.4569400000001,10.671665
98.456375,10.6780550000001
98.458038,10.7227750000001
98.4602660000001,10.7344419999999
98.46666,10.7349970000001
98.4902650000001,10.730553
98.496094,10.7291640000001
98.500824,10.7269420000001
98.5141599999999,10.7191640000001
98.5213780000001,10.6988870000001
98.5241550000001,10.6947210000001
98.5288700000001,10.6924970000001
98.5347140000001,10.6938880000001
98.5388790000001,10.6966649999999
98.5641480000001,10.727221
98.627472,10.846109
98.7080380000001,10.9141650000001
98.710815,10.918331
98.718597,10.952497
98.718597,10.959442
98.7155460000001,10.976942
98.710815,10.992775
98.694138,11.1363870000001
98.699707,11.137777
98.7241520000001,11.16222
98.736374,11.177776
98.738312,11.182499
98.7583310000001,11.264999
98.7577670000001,11.271111
98.7308200000001,11.326664
98.7163850000001,11.352497
98.701935,11.3749980000001
98.7216490000001,11.5558320000001
98.7224880000001,11.561943
98.743591,11.6669430000001
98.74942,11.680832
98.752213,11.6847210000001
98.8266600000001,11.7088870000001
98.8330540000001,11.7080540000001
98.87442,11.6997200000001
98.8841550000001,11.6952759999999
98.8847200000001,11.6891650000001
98.8897090000001,11.6883320000001
98.8910980000001,11.693888
98.890549,11.700275
98.8808140000001,11.7113880000001
98.851654,11.7311100000001
98.8474880000001,11.733887
98.784988,11.766943
98.707489,11.69722
98.692474,11.677498
98.687485,11.6755540000001
98.66304,11.6863860000001
98.6547090000001,11.691942
98.609421,11.723886
98.5994260000001,11.7469430000001
98.597488,11.751665
98.604706,11.8019429999999
98.6069340000001,11.8066650000001
98.66304,11.916388
98.718048,11.9588870000001
98.7211,11.9630530000001
98.7219240000001,11.976109
98.7208250000001,12.0138870000001
98.700272,12.044722
98.6546250000001,12.1686680000001
98.710426,12.199413
98.7058720000001,12.224465
98.686516,12.2419249999999
98.637169,12.224465
98.5972140000001,12.1938880000001
98.5494840000001,12.208902
98.533165,12.2457209999999
98.5343020000001,12.2635610000001
98.568054,12.2949980000001
98.6390690000001,12.3047460000001
98.6838530000001,12.316133
98.7035900000001,12.340046
98.679298,12.370032
98.644714,12.3858320000001
98.628586,12.3980540000001
98.6063690000001,12.417498
98.603592,12.421665
98.6030430000001,12.4280550000001
98.604706,12.468609
98.6197050000001,12.553053
98.6233060000001,12.5633319999999
98.6488800000001,12.608053
98.6808170000001,12.6908320000001
98.6369320000001,12.8686080000001
98.634995,12.8733310000001
98.6322020000001,12.8774970000001
98.621643,12.888054
98.5961000000001,12.9111100000001
98.59137,12.920277
98.5847170000001,13.090275
98.5838780000001,13.154165
98.5847170000001,13.167221
98.5833280000001,13.1727750000001
98.579437,13.1824990000001
98.573883,13.190832
98.5266570000001,13.2349970000001
98.5224910000001,13.237776
98.4930420000001,13.256388
98.474701,13.284721
98.458603,13.3549980000001
98.458328,13.361387
98.4491420000001,13.4077760000001
98.431091,13.474165
98.428864,13.478886
98.4038239999999,13.5211490000001
98.323608,13.6338880000001
98.2866520000001,13.6841640000001
98.251663,13.778332
98.2491459999999,13.859163
98.2358090000001,13.9441640000001
98.2324830000001,13.9616640000001
98.2144320000001,14.023333
98.211288,14.028599
98.1888730000001,14.058609
98.185532,14.0591640000001
98.181656,14.04361
98.1800990000001,14.0301760000001
98.179153,14.021111
98.1877590000001,13.937777
98.1960910000001,13.894999
98.198029,13.6619430000001
98.1833190000001,13.541943
98.181656,13.53722
98.1744229999999,13.5308319999999
98.169144,13.530554
98.1424870000001,13.5366650000001
98.1388850000001,13.539721
98.082489,13.761389
98.0774840000001,13.7869430000001
98.079163,13.7916660000001
98.089157,13.795553
98.0944370000001,13.795832
98.0994260000001,13.7941650000001
98.1024780000001,13.8074990000001
98.1035920000001,13.9058319999999
98.083603,14.0483320000001
98.089432,14.17861
98.0849910000001,14.1811100000001
98.0733180000001,14.1961100000001
98.06192,14.211943
98.035538,14.250555
98.014999,14.2844430000001
98.008041,14.2977770000001
97.9830470000001,14.3558310000001
97.981369,14.3608300000001
97.8771970000001,14.673332
97.8541560000001,14.7174970000001
97.8280490000001,14.78861
97.7972560000001,14.881962
97.798599,14.9219440000001
97.811371,15.1047190000001
97.8119200000001,15.146387
97.810532,15.1588879999999
97.798325,15.185555
97.7813720000001,15.2022210000001
97.7697140000001,15.210831
97.742752,15.2522220000001
97.7352600000001,15.330832
97.736099,15.3588869999999
97.779709,15.4266640000001
97.7644349999999,15.5108320000001
97.721375,15.765276
97.725266,15.7680550000001
97.726929,15.7727760000001
97.7272030000001,15.778887
97.72554,15.8427750000001
97.723602,15.8505539999999
97.7094270000001,15.8849980000001
97.6930390000001,15.910555
97.641373,15.946665
97.594437,16.0022200000001
97.574158,16.0455509999999
97.5705410000001,16.0561070000001
97.569443,16.061943
97.568878,16.068607
97.5699920000001,16.0741649999999
97.5755460000001,16.0818480000001
97.593323,16.0855520000001
97.598038,16.0877760000001
97.6052549999999,16.0944400000001
97.61026,16.1027760000001
97.6144260000001,16.1116640000001
97.6163790000001,16.116386
97.6188660000001,16.1266630000001
97.6488800000001,16.2566640000001
97.6508180000001,16.2674979999999
97.6502689999999,16.2869420000001
97.6380460000001,16.309441
97.626648,16.332775
97.6233060000001,16.34333
97.6210940000001,16.3552740000001
97.6202550000001,16.367218
97.622482,16.4241640000001
97.6338810000001,16.488327
97.6363830000001,16.4924930000001
97.677765,16.5394400000001
97.6849820000001,16.54583
97.7372890000001,16.560764
97.737488,16.563885
97.7344210000001,16.567776
97.72998,16.5699960000001
97.719437,16.572773
97.713043,16.5730510000001
97.7040100000001,16.5722120000001
97.6658170000001,16.549999
97.5833280000001,16.532497
97.5777740000001,16.5336070000001
97.5594180000001,16.534996
97.508331,16.5363849999999
97.410263,16.5244410000001
97.405548,16.5222210000001
97.4016570000001,16.519165
97.378036,16.494995
97.357758,16.5255550000001
97.204712,16.8447190000001
97.2143100000001,16.9003940000001
97.186096,16.899719
97.1649930000001,17.0558320000001
97.150269,17.123886
97.061646,17.251942
97.010818,17.292774
96.969147,17.3199960000001
96.9191440000001,17.3586080000001
96.90387,17.371109
96.897217,17.378052
96.892212,17.38694
96.8780360000001,17.4499970000001
96.842209,17.404995
96.879425,17.34444
96.868591,17.246941
96.8621980000001,17.239716
96.8572080000001,17.231384
96.8430480000001,17.1988830000001
96.8447110000001,17.186108
96.8463750000001,17.180828
96.861099,17.1463850000001
96.870819,17.12833
96.882202,17.111664
96.896378,17.090553
96.90387,17.076942
96.9127660000001,17.042774
96.912201,17.0305520000001
96.875259,16.9233280000001
96.870529,16.9211080000001
96.8647,16.9219400000001
96.837769,16.9191630000001
96.8091430000001,16.9058300000001
96.806641,16.903049
96.8126370000001,16.89534
96.817215,16.893051
96.8405460000001,16.875275
96.845825,16.86694
96.847488,16.8469430000001
96.846649,16.8413849999999
96.8449860000001,16.836662
96.7972110000001,16.7313839999999
96.793045,16.722496
96.7777710000001,16.7038840000001
96.768051,16.69305
96.7583310000001,16.6822170000001
96.6824800000001,16.6077730000001
96.6269230000001,16.560276
96.6119229999999,16.547775
96.6033170000001,16.542221
96.5891570000001,16.5352750000001
96.5013890000001,16.508053
96.4691470000001,16.501389
96.4622040000001,16.5008320000001
96.4094240000001,16.4983290000001
96.3797000000001,16.501389
96.3752590000001,16.503609
96.3033140000001,16.5463870000001
96.292206,16.555553
96.264709,16.5974960000001
96.228867,16.7013850000001
96.222763,16.7311060000001
96.221024,16.7419360000001
96.2202609999999,16.750275
96.223038,16.760555
96.2324830000001,16.7713850000001
96.2403410000001,16.7770960000001
96.249146,16.7827760000001
96.264709,16.7886090000001
96.274155,16.7933310000001
96.2813720000001,16.7999990000001
96.2830510000001,16.804718
96.2838750000001,16.8102760000001
96.2744290000001,16.814163
96.260544,16.813053
96.241928,16.8037340000001
96.1958160000001,16.766388
96.199417,16.7244380000001
96.2072140000001,16.6822170000001
96.2274780000001,16.591385
96.228867,16.585552
96.2479710000001,16.5466770000001
96.254715,16.534443
96.2708890000001,16.5061000000001
96.300537,16.4652710000001
96.3031160000001,16.461983
96.3048100000001,16.460342
96.307205,16.458328
96.312302,16.457798
96.2683259999999,16.3897170000001
96.182755,16.347496
96.084717,16.3519400000001
96.0068049999999,16.3830679999999
96.066086,16.3411060000001
96.0736079999999,16.334995
96.0755460000001,16.32972
96.0758210000001,16.31694
96.074158,16.3122180000001
96.065536,16.3008310000001
96.0219270000001,16.2558330000001
95.9711,16.2169380000001
95.9663850000001,16.2147180000001
95.9480290000001,16.2111049999999
95.9410859999999,16.210552
95.9352570000001,16.2113840000001
95.9341430000001,16.217495
95.9396970000001,16.225273
95.9272,16.234161
95.889709,16.2386050000001
95.8849950000001,16.2361070000001
95.7533260000001,16.14444
95.732193,16.1151580000001
95.6913600000001,16.0458300000001
95.6888730000001,16.0355529999999
95.6880340000001,16.0113870000001
95.688583,15.998608
95.6874849999999,15.9872190000001
95.6819310000001,15.9736080000001
95.6763760000001,15.9655530000001
95.670822,15.9577750000001
95.6369320000001,15.9177759999999
95.620255,15.9002760000001
95.5224910000001,15.801109
95.515549,15.794443
95.4930420000001,15.7758309999999
95.4494169999999,15.7436080000001
95.428589,15.729719
95.4016570000001,15.71472
95.3916630000001,15.7105540000001
95.3785860000001,15.709997
95.3055420000001,15.7197190000001
95.2905430000001,15.7244420000001
95.286652,15.7274970000001
95.285538,15.733332
95.27832,15.786665
95.277771,15.793331
95.277771,15.829998
95.279434,15.8349970000001
95.2824860000001,15.8386100000001
95.298035,15.8505539999999
95.3049770000001,15.8572200000001
95.3174900000001,15.8716640000001
95.3199920000001,15.87583
95.3599850000001,15.9688870000001
95.3649900000001,15.9891640000001
95.3658140000001,15.99472
95.3669280000001,16.043053
95.362762,16.1394390000001
95.3608090000001,16.1447180000001
95.356094,16.14222
95.3349910000001,16.1224980000001
95.328873,16.1152730000001
95.3247070000001,16.1061060000001
95.3252720000001,16.0994420000001
95.327209,16.094162
95.3430480000001,16.0755540000001
95.3477630000001,16.0666659999999
95.3497160000001,16.0466650000001
95.3494260000001,16.02861
95.3491520000001,16.0166660000001
95.346375,16.0002749999999
95.3433230000001,15.990831
95.329712,15.9647200000001
95.287994,15.8936639999999
95.2841569999999,15.888832
95.281822,15.8869979999999
95.263611,15.8636090000001
95.258041,15.8616640000001
95.2460940000001,15.8627760000001
95.241089,15.864443
95.2380370000001,15.8680530000001
95.236099,15.8805520000001
95.2394259999999,15.8902759999999
95.260765,15.9367760000001
95.265091,15.9481090000001
95.267929,15.9567760000001
95.2686000000001,15.959942
95.2744290000001,15.9969429999999
95.2733150000001,16.002777
95.2383120000001,15.9461100000001
95.2335970000001,15.937777
95.231934,15.933054
95.220261,15.88722
95.216934,15.8716640000001
95.217209,15.8527760000001
95.2241520000001,15.831387
95.2272030000001,15.8202760000001
95.2280430000001,15.8136099999999
95.223602,15.7952770000001
95.219437,15.786386
95.2163850000001,15.7827760000001
95.210815,15.780832
95.17804,15.776665
95.1719210000001,15.776665
95.1660920000001,15.777498
95.151657,15.783054
95.1436,15.7883320000001
95.1366580000001,15.7949980000001
95.1305390000001,15.802498
95.123032,15.8158320000001
95.1191410000001,15.833609
95.101089,15.9849970000001
95.1005400000001,15.9902740000001
95.101089,16.0202750000001
95.1030430000001,16.03722
95.1066440000001,16.0588870000001
95.108032,16.06361
95.110535,16.0680540000001
95.123032,16.0824969999999
95.13472,16.0913850000001
95.156952,16.104523
95.170258,16.1119419999999
95.175812,16.113884
95.182755,16.1144409999999
95.188309,16.1136090000001
95.198318,16.110554
95.2047120000001,16.1102750000001
95.2230380000001,16.113884
95.2269289999999,16.1169399999999
95.225815,16.121662
95.221375,16.123886
95.182755,16.136383
95.1777650000001,16.136662
95.137207,16.137218
95.0938720000001,16.1024970000001
95.087769,16.095276
95.085266,16.0911060000001
95.069443,16.060829
95.0652620000001,16.0458300000001
95.0697170000001,16.0008320000001
95.0747069999999,15.9772210000001
95.0745540000001,15.948196
95.0722200000001,15.932775
95.0521850000001,15.8382970000001
95.0447080000001,15.814165
95.0399780000001,15.8058320000001
95.033051,15.799166
94.9647059999999,15.753611
94.958328,15.752222
94.952774,15.7530540000001
94.853317,15.777498
94.848877,15.77972
94.8458250000001,15.783333
94.8447110000001,15.788054
94.8549190000001,15.888356
94.835266,15.938887
94.83638,15.9563870000001
94.887283,16.0178149999999
94.8816830000001,16.0483130000001
94.8711010000001,16.094372
94.861374,16.13055
94.8677519999999,16.1436080000001
94.878036,16.1599959999999
94.8936000000001,16.1780510000001
94.90387,16.1883280000001
94.913879,16.192772
94.9338680000001,16.193886
94.9463650000001,16.1963840000001
94.95166,16.198051
94.9602660000001,16.2036059999999
94.9719240000001,16.212772
94.9788669999999,16.21944
94.99054,16.2344400000001
94.993866,16.24416
94.9908140000001,16.2466620000001
94.898041,16.2066610000001
94.8933259999999,16.204163
94.885544,16.198051
94.873032,16.1836050000001
94.861099,16.1624949999999
94.8469390000001,16.137218
94.844437,16.1269420000001
94.8458250000001,16.1136090000001
94.8513790000001,16.069996
94.8503190000001,16.051497
94.8564910000001,16.040831
94.857147,16.037329
94.856659,16.0304970000001
94.852318,16.022829
94.8402710000001,15.99333
94.733322,15.8680530000001
94.7213750000001,15.854164
94.717484,15.851109
94.703598,15.8438870000001
94.697479,15.842497
94.678864,15.8427750000001
94.6636050000001,15.847498
94.650543,15.854164
94.613602,15.88361
94.611099,15.8880540000001
94.605255,15.9036100000001
94.6033170000001,15.9161090000001
94.604156,15.921387
94.611099,15.9280549999999
94.6380460000001,15.943331
94.6588749999999,15.951109
94.67276,15.958609
94.691925,15.9736080000001
94.7130430000001,15.9936080000001
94.7255400000001,16.008331
94.7744290000001,16.1036070000001
94.7897030000001,16.1377750000001
94.7913669999999,16.1427730000001
94.7930450000001,16.1536060000001
94.7925110000001,16.1605000000001
94.762207,16.141941
94.7591550000001,16.1383290000001
94.7283169999999,16.0833320000001
94.7180480000001,16.061108
94.7172090000001,16.049721
94.718597,16.0363850000001
94.7183230000001,16.0302770000001
94.71582,16.019997
94.712769,16.016388
94.6972050000001,16.004166
94.622482,15.947777
94.605255,15.9369430000001
94.595261,15.9324990000001
94.589157,15.9313869999999
94.5760960000001,15.930832
94.5672150000001,15.935276
94.5602569999999,15.941942
94.559708,15.95472
94.5635990000001,15.9636100000001
94.579163,15.981941
94.604156,16.0049970000001
94.621094,16.021942
94.6366580000001,16.039997
94.649994,16.059998
94.668869,16.093887
94.679703,16.1158290000001
94.6822050000001,16.131939
94.6869200000001,16.183331
94.686371,16.1958270000001
94.64444,16.3361090000001
94.6410980000001,16.3397179999999
94.631088,16.3427730000001
94.618042,16.340832
94.6094210000001,16.335274
94.606369,16.331665
94.5566410000001,16.2708319999999
94.5424800000001,16.2904130000001
94.535553,16.2978760000001
94.52755,16.2973440000001
94.5142210000001,16.2893470000001
94.5104899999999,16.277082
94.5179520000001,16.2536220000001
94.516937,16.210827
94.5119320000001,16.1916620000001
94.508606,16.181938
94.5063780000001,16.177773
94.436096,16.068607
94.4283140000001,16.0624960000001
94.327209,15.985275
94.2541660000001,15.9588869999999
94.25,15.9577750000001
94.2455290000001,15.959997
94.2041629999999,16.0227740000001
94.199707,16.032497
94.231934,16.3483310000001
94.2335970000001,16.3533289999999
94.303314,16.520832
94.308319,16.519165
94.319717,16.522499
94.3236079999999,16.5255550000001
94.327484,16.5286100000001
94.3433230000001,16.546665
94.345535,16.551109
94.3502660000001,16.5655520000001
94.406097,16.7958300000001
94.406372,16.8016620000001
94.395264,16.8411060000001
94.3933260000001,16.846107
94.4099880000001,16.8947180000001
94.454712,16.9655490000001
94.5252689999999,17.1733280000001
94.511658,17.215828
94.550537,17.31694
94.563034,17.414997
94.5682370000001,17.4628640000001
94.569717,17.5019420000001
94.6116490000001,17.5427740000001
94.6147000000001,17.5463870000001
94.6113740000001,17.5577740000001
94.5922090000001,17.6152730000001
94.582489,17.6338840000001
94.543594,17.7083280000001
94.4938660000001,17.8333319999999
94.466934,18.003052
94.4827580000001,18.015274
94.4877620000001,18.023888
94.4894260000001,18.0286100000001
94.4902650000001,18.0341640000001
94.4905400000001,18.0586089999999
94.4883120000001,18.0711100000001
94.383331,18.3627739999999
94.342484,18.396664
94.2466430000001,18.526386
94.244141,18.53083
94.2458190000001,18.534443
94.250549,18.532219
94.256943,18.532219
94.260818,18.5352750000001
94.2633210000001,18.5394400000001
94.262497,18.5461080000001
94.2385860000001,18.737774
94.147217,18.867218
94.1430510000001,18.8669400000001
94.1374970000001,18.8588869999999
94.133331,18.84972
94.1202550000001,18.811108
94.041656,18.8433300000001
94.037201,18.845551
94.033051,18.8561060000001
94.0283200000001,18.893051
94.0291600000001,18.9044420000001
94.0408170000001,18.963882
94.057755,19.0519409999999
94.0463710000001,19.0752750000001
94.0399780000001,19.0752750000001
94.0288700000001,19.077496
94.025818,19.0813870000001
94.025818,19.0874979999999
94.026932,19.1433300000001
94.041817,19.1822470000001
94.0479510000001,19.2017670000001
94.0512920000001,19.2215650000001
94.0473939999999,19.244987
94.0333250000001,19.2444380000001
94.0347140000001,19.2308270000001
94.0347140000001,19.2186050000001
94.0322110000001,19.2080500000001
94.0283200000001,19.1988830000001
94.023315,19.190273
94.0000000000001,19.152775
93.9922030000001,19.1466640000001
93.976089,19.1430510000001
93.9636080000001,19.143887
93.953873,19.1474950000001
93.9422000000001,19.1566620000001
93.8955150000001,19.211729
93.8743060000001,19.2559739999999
93.8961030000001,19.2730520000001
93.9177550000001,19.29361
93.9488680000001,19.3249970000001
93.9752660000001,19.354164
93.9791560000001,19.363331
93.983322,19.378883
93.992477,19.4516600000001
93.9919280000001,19.4572180000001
93.9885859999999,19.4608270000001
93.982208,19.461105
93.9758150000001,19.4597170000001
93.9702610000001,19.457771
93.9097140000001,19.4769400000001
93.8208310000001,19.5486070000001
93.7363740000001,19.6177749999999
93.7305450000001,19.6258280000001
93.728592,19.6311069999999
93.6844180000001,19.71944
93.601654,19.715271
93.5991520000001,19.719715
93.5980379999999,19.7808299999999
93.6010889999999,19.790833
93.6563720000001,19.871941
93.662766,19.87944
93.6722110000001,19.884441
93.6780400000001,19.886383
93.6913600000001,19.8883290000001
93.698029,19.8883290000001
93.703323,19.88694
93.7077640000001,19.884441
93.723038,19.8791620000001
93.729431,19.8791620000001
93.734421,19.8816639999999
93.7419280000001,19.9166640000001
93.728592,19.931664
93.7233120000001,19.9330519999999
93.716934,19.9333310000001
93.6138759999999,19.9077720000001
93.6099850000001,19.904716
93.607483,19.900272
93.606644,19.894997
93.604156,19.890553
93.5977630000001,19.8830530000001
93.588318,19.8780520000001
93.582489,19.87722
93.577209,19.8788830000001
93.5574800000001,19.8866619999999
93.55304,19.888607
93.5473940000001,19.8971920000001
93.5512390000001,19.9054320000001
93.5619510000001,19.9101010000001
93.543823,19.9252070000001
93.5259700000001,19.9221860000001
93.514984,19.9381160000001
93.5086669999999,19.9570690000001
93.4897159999999,19.964211
93.462524,19.9592670000001
93.4562070000001,19.951027
93.4487920000001,19.9493790000001
93.4422000000001,19.9502720000001
93.41748,19.967495
93.408875,19.980274
93.401932,20.0027769999999
93.398331,20.021385
93.371094,20.0419430000001
93.283051,20.0444410000001
93.26944,20.042221
93.256378,20.042221
93.166382,20.053329
93.1619260000001,20.055553
93.1458280000001,20.0674970000001
93.1385960000001,20.0741650000001
93.128311,20.085552
93.136108,20.0577740000001
93.1679379999999,19.979383
93.1754300000001,19.96055
93.2111050000001,19.8799970000001
93.2183230000001,19.865829
93.2352600000001,19.839718
93.243317,19.8336070000001
93.2466430000001,19.8299980000001
93.2466430000001,19.823887
93.2347110000001,19.820553
93.2241520000001,19.823608
93.2174840000001,19.83083
93.2147059999999,19.8355520000001
93.171097,19.922218
93.1509859999999,19.9491080000001
93.1459810000001,19.966274
93.140984,19.978773
93.13932,19.9814410000001
93.1368180000001,19.9832740000001
93.1339800000001,19.9826090000001
93.1214830000001,19.97344
93.1013790000001,19.978329
93.0997159999999,19.9733279999999
93.098877,19.961662
93.099152,19.9555510000001
93.1005400000001,19.9497180000001
93.103867,19.938328
93.1310880000001,19.8552740000001
93.136108,19.845551
93.167206,19.8024980000001
93.1299740000001,19.8355520000001
93.1233060000001,19.843052
92.984421,20.069443
92.9794309999999,20.079441
92.972214,20.1227719999999
92.972763,20.1283300000001
92.978592,20.127773
92.982758,20.124718
92.9874880000001,20.122498
92.9924770000001,20.121109
92.9991460000001,20.1208310000001
93.058594,20.129997
93.0972140000001,20.158607
93.108322,20.168884
93.1147,20.1763840000001
93.1163790000001,20.1811070000001
93.120529,20.2138820000001
93.1191410000001,20.218327
93.1141510000001,20.2186050000001
93.103592,20.2138820000001
93.086105,20.2024960000001
93.0780489999999,20.196384
93.0660860000001,20.186939
93.0472110000001,20.170273
93.0366520000001,20.1597179999999
93.025543,20.1497190000001
93.016663,20.1441610000001
93.0113830000001,20.1419410000001
93.0047150000001,20.140831
92.9988710000001,20.141384
92.9949800000001,20.1444400000001
92.9922030000001,20.1488840000001
92.99054,20.162495
92.989426,20.2061039999999
93.032761,20.3847200000001
93.0799870000001,20.509441
93.0847170000001,20.524441
93.0847170000001,20.536663
93.0838780000001,20.5433310000001
93.081665,20.548607
93.0777740000001,20.551662
93.074432,20.5477750000001
93.031372,20.46944
93.0224910000001,20.4405520000001
93.019989,20.423885
93.0186,20.406662
93.0186,20.4005510000001
93.021103,20.380276
93.0219270000001,20.361107
93.020264,20.3499980000001
93.009995,20.3024980000001
93.0036010000001,20.288887
92.893051,20.120552
92.8888850000001,20.1174960000001
92.882751,20.1161079999999
92.870255,20.116665
92.860809,20.121109
92.856934,20.1241650000001
92.7733150000001,20.1949959999999
92.767212,20.2033270000001
92.765274,20.2086070000001
92.764999,20.214718
92.767487,20.219162
92.78804,20.2527770000001
92.791092,20.2563860000001
92.795258,20.2597200000001
92.8638760000001,20.300552
92.869431,20.3024980000001
92.891937,20.3227730000001
92.846375,20.4024960000001
92.796097,20.489994
92.7136080000001,20.60083
92.6522060000001,20.683052
92.645264,20.690552
92.6408230000001,20.692772
92.634995,20.6922190000001
92.63916,20.6816640000001
92.6447140000001,20.672771
92.681656,20.615829
92.691925,20.6047170000001
92.699783,20.5987660000001
92.703873,20.5958290000001
92.7074890000001,20.591942
92.711655,20.5813870000001
92.7344210000001,20.4458270000001
92.737488,20.426384
92.739975,20.269997
92.739151,20.264442
92.7369230000001,20.259998
92.7327580000001,20.2583310000001
92.71666,20.2702750000001
92.709991,20.277496
92.703873,20.2858310000001
92.692749,20.303886
92.6844180000001,20.3247180000001
92.678589,20.341106
92.619705,20.4572180000001
92.505554,20.6102750000001
92.495255,20.6213839999999
92.460266,20.6497189999999
92.433594,20.670551
92.42804,20.6722180000001
92.408875,20.6802750000001
92.385544,20.691383
92.377472,20.697216
92.3738710000001,20.700829
92.3621980000001,20.75861
92.310806,20.890553
92.287766,20.9333310000001
92.282761,20.9430500000001
92.273605,20.986382
92.261932,21.05431
92.2341460000001,21.113052
92.231659,21.117496
92.2252660000001,21.125828
92.214996,21.13694
92.2116550000001,21.140553
92.207489,21.143608
92.2058260000001,21.2188840000001
92.2049870000001,21.300552
92.222214,21.3580510000001
92.260818,21.4144400000001
92.3572080000001,21.4713820000001
92.3630370000001,21.473328
92.376923,21.474163
92.3863830000001,21.469994
92.537491,21.3780520000001
92.5830540000001,21.2683300000001
92.588043,21.25861
92.59137,21.2549970000001
92.595535,21.251942
92.6002660000001,21.2497180000001
92.607483,21.2505530000001
92.6235960000001,21.256943
92.6660920000001,21.2933310000001
92.669342,21.2969820000001
92.662201,21.312218
92.655258,21.3272210000001
92.6480410000001,21.34972
92.6413730000001,21.3727720000001
92.6308140000001,21.414997
92.6180420000001,21.469994
92.6002660000001,21.634163
92.5994260000001,21.6472170000001
92.5986020000001,21.666386
92.5991520000001,21.7949980000001
92.606369,21.8438870000001
92.608032,21.8488850000001
92.612762,21.8577730000001
92.6160889999999,21.861385
92.618591,21.865829
92.6216430000001,21.8758280000001
92.6216430000001,21.8819389999999
92.61998,21.8955500000001
92.615265,21.921108
92.606094,21.9649960000001
92.6008150000001,21.9822160000001
92.6058200000001,21.98333
92.6708220000001,22.021111
92.6797030000001,22.0269430000001
92.6822050000001,22.0313870000001
92.6958160000001,22.094162
92.6966400000001,22.146385
92.697479,22.152218
92.7005460000001,22.1558300000001
92.705551,22.1583290000001
92.7119290000001,22.1597180000001
92.7185970000001,22.1597180000001
92.7233120000001,22.157497
92.793594,22.1127740000001
92.801926,22.1069410000001
92.8058170000001,22.1038859999999
92.8585970000001,22.056385
92.8655400000001,22.048885
92.8716430000001,22.0408330000001
92.879974,22.0272220000001
92.8844300000001,22.0166659999999
92.885818,22.0105550000001
92.9244230000001,22.0049970000001
92.959717,22.0247190000001
92.9908140000001,22.0486070000001
93.0160980000001,22.1149980000001
93.044144,22.2019390000001
93.0474850000001,22.20583
93.0522000000001,22.2083280000001
93.0646970000001,22.211662
93.0780489999999,22.211662
93.1008150000001,22.2072180000001
93.1108090000001,22.203327
93.123871,22.187496
93.128586,22.1852720000001
93.140823,22.1838839999999
93.148041,22.1847189999999
93.15387,22.186661
93.1570740000001,22.1883510000001
93.1633300000001,22.19165
93.1966400000001,22.256386
93.1991420000001,22.2669410000001
93.1991420000001,22.2791630000001
93.19693,22.3169400000001
93.192749,22.35722
93.189423,22.3844410000001
93.182755,22.427773
93.1805420000001,22.440552
93.176926,22.44416
93.1647030000001,22.4533270000001
93.1449890000001,22.461662
93.141098,22.4647180000001
93.136108,22.474438
93.1199800000001,22.527222
93.1185910000001,22.5333330000001
93.0972140000001,22.665272
93.092758,22.714439
93.102203,22.8016620000001
93.116089,22.8658290000001
93.1194310000001,22.875828
93.141098,22.9505500000001
93.138885,22.95583
93.1263730000001,23.0083310000001
93.124985,23.014442
93.126648,23.025555
93.130814,23.0349960000001
93.1380460000001,23.048054
93.142212,23.0513879999999
93.147217,23.053886
93.181091,23.0588870000001
93.1883090000001,23.0594410000001
93.201385,23.0588870000001
93.20665,23.05722
93.213608,23.049721
93.2180480000001,23.0391650000001
93.223602,23.0224990000001
93.229156,23.0133319999999
93.2388760000001,23.0088880000001
93.2558290000001,23.0049970000001
93.268051,23.003609
93.2813720000001,23.0049970000001
93.2935940000001,23.0088880000001
93.303314,23.0147210000001
93.3074800000001,23.0177760000001
93.31749,23.0291630000001
93.347763,23.068886
93.3502660000001,23.07333
93.3885960000001,23.223328
93.3885960000001,23.229717
93.385544,23.2494390000001
93.371918,23.357773
93.3994290000001,23.4233280000001
93.424698,23.5963860000001
93.425537,23.60833
93.4227600000001,23.662495
93.4147030000001,23.7047160000001
93.3841550000001,23.8480529999999
93.351089,23.953327
93.3308259999999,23.9769400000001
93.3280490000001,23.9816630000001
93.327209,23.9869380000001
93.327896,24.035963
93.332901,24.063465
93.3365020000001,24.0734670000001
93.3387300000001,24.0779150000001
93.342072,24.081802
93.3512420000001,24.087646
93.3640290000001,24.0909920000001
93.370712,24.0910030000001
93.3829500000001,24.089355
93.392685,24.0846520000001
93.405762,24.07634
93.4093780000001,24.072731
93.41716,24.0505140000001
93.4257810000001,24.036915
93.4697110000001,23.974163
93.473038,23.9705509999999
93.481934,23.964996
93.4935910000001,23.9627720000001
93.5066530000001,23.9619410000001
93.52916,23.964161
93.590546,23.9702720000001
93.596375,23.9722180000001
93.603867,23.9791599999999
93.6105350000001,23.9930500000001
93.6128390000001,24.0000000000001
93.6138759999999,24.003052
93.6213530000001,24.0161059999999
93.635803,24.0169369999999
93.6866299999999,24.015549
93.692734,24.0149960000001
93.7533109999999,24.0074960000001
93.76442,24.00444
93.7685240000001,24.0000000000001
93.7783200000001,23.9891620000001
93.781097,23.9847180000001
93.787491,23.9686050000001
93.794983,23.9541630000001
93.806091,23.9436070000001
93.819153,23.9352720000001
93.826096,23.9349940000001
93.8585970000001,23.942219
93.900269,23.9552730000001
93.9136050000001,23.956661
93.926651,23.95583
94.0263820000001,23.9216610000001
94.0366520000001,23.917774
94.092209,23.887775
94.0963750000001,23.8847200000001
94.1347660000001,23.8437269999999
94.1444400000001,23.8477750000001
94.1510930000001,23.8552740000001
94.2183230000001,24.0058330000001
94.2216490000001,24.0158310000001
94.242477,24.08083
94.2702640000001,24.1794400000001
94.3138730000001,24.285831
94.3591460000001,24.371662
94.4722140000001,24.5816650000001
94.4941410000001,24.596943
94.5052640000001,24.6074980000001
94.508606,24.611385
94.5977630000001,24.7252730000001
94.618317,24.760277
94.6685940000001,24.867775
94.734421,25.0247190000001
94.7355350000001,25.030277
94.7363740000001,25.048332
94.734421,25.119717
94.733597,25.126385
94.728592,25.136383
94.7141570000001,25.143608
94.6941380000001,25.1522180000001
94.678864,25.158329
94.6685940000001,25.1622160000001
94.6574860000001,25.1655500000001
94.619431,25.169716
94.6138760000001,25.1713830000001
94.599426,25.178329
94.5888820000001,25.1899950000001
94.5805510000001,25.203884
94.576385,25.2144390000001
94.575821,25.2277720000001
94.57666,25.239437
94.581665,25.286385
94.583328,25.291386
94.6255340000001,25.3977740000001
94.6283110000001,25.4022180000001
94.6349950000001,25.409718
94.661652,25.428049
94.6694340000001,25.447495
94.6830440000001,25.462494
94.686646,25.4661060000001
94.695251,25.472496
94.73526,25.4933280000001
94.741089,25.4958270000001
94.7485960000001,25.496662
94.765274,25.4919399999999
94.7716520000001,25.4911040000001
94.789429,25.496662
94.7980350000001,25.5030520000001
94.885269,25.578609
94.9963680000001,25.7322160000001
95.028305,25.8251910000001
95.059982,25.943607
95.0719300000001,25.9474950000001
95.077209,25.9499969999999
95.086655,25.9555510000001
95.0986020000001,25.9655490000001
95.1177520000001,25.9833300000001
95.134995,26.001942
95.1619260000001,26.032776
95.1680450000001,26.040833
95.1760860000001,26.054165
95.17804,26.058887
95.1788639999999,26.06472
95.1774750000001,26.0708310000001
95.1724850000001,26.08083
95.163605,26.086384
95.1133120000001,26.1383290000001
95.0816650000001,26.2280500000001
95.078873,26.240551
95.06749,26.304718
95.0666660000001,26.311665
95.0652620000001,26.3255540000001
95.0644230000001,26.4686050000001
95.066376,26.4797170000001
95.068329,26.484993
95.141373,26.6124950000001
95.144714,26.616386
95.152481,26.623329
95.22998,26.6727710000001
95.246368,26.679718
95.2536010000001,26.6794400000001
95.2541660000001,26.6572190000001
95.2563779999999,26.651939
95.264709,26.64555
95.2711030000001,26.6447180000001
95.388321,26.6847190000001
95.4210970000001,26.6986050000001
95.441086,26.70916
95.449707,26.7155490000001
95.4747009999999,26.748051
95.4799800000001,26.7566640000001
95.4935910000001,26.7913860000001
95.503601,26.8094410000001
95.5113830000001,26.8163870000001
95.5194400000001,26.8230510000001
95.532211,26.8263850000001
95.5399780000001,26.826942
95.5533140000001,26.8258289999999
95.597763,26.8197170000001
95.6047060000001,26.819443
95.610809,26.8213840000001
95.618591,26.8280530000001
95.623871,26.8369410000001
95.6710970000001,26.898331
95.8038640000001,27.00111
95.8083190000001,27.0041659999999
95.8211060000001,27.0072210000001
95.8358150000001,27.0091630000001
95.866089,27.0105550000001
95.873032,27.011944
95.889709,27.018608
95.9052580000001,27.026108
95.9191440000001,27.0355530000001
95.9308170000001,27.0461079999999
95.94136,27.0572200000001
95.961929,27.0802760000001
95.981659,27.110275
95.9899750000001,27.1297190000001
95.9972080000001,27.143608
96.0099950000001,27.1669390000001
96.012772,27.1711080000001
96.0233150000001,27.182495
96.0358120000001,27.192493
96.095535,27.2308270000001
96.1008150000001,27.2333300000001
96.1541599999999,27.2561070000001
96.188309,27.2688870000001
96.194138,27.270832
96.228317,27.2761080000001
96.420532,27.304443
96.428314,27.3049960000001
96.435532,27.304718
96.4966429999999,27.302219
96.6219180000001,27.3658290000001
96.71666,27.3672179999999
96.729156,27.365551
96.7410890000001,27.3627740000001
96.763611,27.3558310000001
96.7841490000001,27.346943
96.8197170000001,27.3236079999999
96.823318,27.3194429999999
96.8552550000001,27.2627750000001
96.8636020000001,27.2199940000001
96.861649,27.2149960000001
96.8613740000001,27.210274
96.8655400000001,27.19944
96.8683169999999,27.194717
96.8758090000001,27.1874960000001
96.8883210000001,27.178051
96.8974910000001,27.172218
96.9127660000001,27.1655500000001
96.9605410000001,27.147217
96.9983220000001,27.1338840000001
97.059723,27.0930020000001
97.130264,27.0852740000001
97.1366580000001,27.085831
97.14444,27.092495
97.1586,27.120552
97.1599880000001,27.1324960000001
97.158875,27.1386069999999
97.0449830000001,27.286942
97.0310970000001,27.3027760000001
97.006943,27.322773
96.996368,27.334442
96.9688720000001,27.3661080000001
96.908035,27.4469410000001
96.9052580000001,27.4516600000001
96.9010930000001,27.462494
96.8999940000001,27.4686050000001
96.8861080000001,27.5936090000001
96.8866580000001,27.6061060000001
96.888885,27.617496
96.891663,27.621941
96.932205,27.662216
97.003876,27.7177730000001
97.046646,27.749718
97.120255,27.791943
97.361099,27.9408300000001
97.380539,27.9913830000001
97.3599850000001,28.0436100000001
97.3174900000001,28.0827750000001
97.3160860000001,28.089165
97.3163759999999,28.0952760000001
97.3344270000001,28.1661070000001
97.3488770000001,28.222771
97.351929,28.23333
97.36026,28.2463839999999
97.3641510000001,28.25
97.410538,28.292496
97.4210970000001,28.2974970000001
97.427475,28.2963870000001
97.4447020000001,28.291107
97.4510960000001,28.290276
97.458878,28.2908330000001
97.464996,28.292496
97.4688720000001,28.2961080000001
97.470825,28.301109
97.482758,28.337498
97.4963680000001,28.416939
97.548599,28.539997
97.555252,28.5480540000001
97.562195,28.5491640000001
97.569443,28.5488850000001
97.700821,28.521111
97.7113800000001,28.5169410000001
97.719147,28.50972
97.724991,28.493328
97.7344210000001,28.4652710000001
97.7388760000001,28.4474950000001
97.7410890000001,28.4274940000001
97.742477,28.4211079999999
97.74498,28.416386
97.7969360000001,28.349163
97.8010860000001,28.345829
97.8066410000001,28.344162
