"V1","V2"
130.558594,30.2363820000001
130.526093,30.2358280000001
130.518585,30.23666
130.489136,30.241104
130.451904,30.2474940000001
130.445251,30.2497180000001
130.440247,30.252777
130.389435,30.3472180000001
130.387482,30.35194
130.383881,30.367218
130.381897,30.377495
130.380249,30.3880500000001
130.382721,30.3938870000001
130.387207,30.3972170000001
130.473846,30.4549940000001
130.483582,30.4599950000001
130.489685,30.4608270000001
130.510803,30.4588850000001
130.519714,30.451939
130.523529,30.443096
130.542755,30.44305
130.549988,30.44194
130.592468,30.4247170000001
130.633331,30.4052730000001
130.643036,30.398884
130.666382,30.381939
130.669983,30.37833
130.671906,30.3733290000001
130.670807,30.367218
130.661377,30.3247180000001
130.656647,30.304165
130.649414,30.2877770000001
130.645538,30.2836070000001
130.604401,30.246941
130.599976,30.243607
130.594421,30.2419400000001
130.564697,30.2372170000001
130.558594,30.2363820000001
