"V1","V2"
47.671181,-67.586685
47.69175,-67.589447
47.728432,-67.587799
47.7720110000001,-67.578354
47.785622,-67.573639
47.81424,-67.565567
47.8461690000001,-67.56308
47.871429,-67.566696
47.880341,-67.572235
47.886208,-67.578354
47.8980409999999,-67.594284
47.897316,-67.597519
47.8834,-67.613342
47.8719790000001,-67.620575
47.845917,-67.6330719999999
47.833405,-67.636963
47.802277,-67.642807
47.768105,-67.646667
47.719765,-67.651413
47.6114200000001,-67.652252
47.501198,-67.652786
47.462006,-67.647781
47.4400410000001,-67.64389
47.4189760000001,-67.6330719999999
47.407867,-67.624725
47.4095150000001,-67.616974
47.41227,-67.610565
47.4289250000001,-67.5797269999999
47.4361880000001,-67.571945
47.4536440000001,-67.557785
47.463959,-67.549469
47.474213,-67.54335
47.509804,-67.523361
47.5359270000001,-67.510559
47.543732,-67.510345
47.5898210000001,-67.510284
47.6092220000001,-67.511688
47.6398090000001,-67.521408
47.640358,-67.5294489999999
47.634804,-67.542801
47.6303410000001,-67.557251
47.631744,-67.564453
47.635345,-67.5702969999999
47.64341,-67.576675
47.6556170000001,-67.58197
47.671181,-67.586685
