"V1","V2"
11.3127769999999,54.4069440000001
11.139166,54.406662
11.1238880000001,54.4069440000001
11.0210490000001,54.4387590000001
11.0099980000001,54.4461060000001
11.008055,54.4483260000001
11.0058330000001,54.453606
11.0063880000001,54.461662
11.011389,54.4769440000001
11.0186100000001,54.4908290000001
11.0255550000001,54.5011060000001
11.0319440000001,54.5080490000001
11.0438879999999,54.5183260000001
11.064722,54.5341639999999
11.0688880000001,54.534996
11.1841660000001,54.519997
11.2291660000001,54.504715
11.2352770000001,54.5013890000001
11.2427770000001,54.495552
11.2447199999999,54.4933320000001
11.273927,54.458736
11.3005540000001,54.426384
11.303888,54.421661
11.312222,54.4097209999999
11.3127769999999,54.4069440000001
