"V1","V2"
-73.223328,40.6352689999999
-73.2494349999999,40.630272
-73.2833249999999,40.627487
-73.294724,40.633881
-73.291382,40.639435
-73.28389,40.63916
-73.2752839999999,40.637215
-73.267776,40.6344380000001
-73.246658,40.634995
-73.235001,40.640274
-73.228882,40.6422200000001
-73.21666,40.6444400000001
-73.202789,40.6452710000001
-73.184158,40.649162
-73.160004,40.65638
-73.146118,40.657211
-73.125824,40.6602710000001
-73.1152799999999,40.6647110000001
-73.0969539999999,40.6697160000001
-73.078888,40.675827
-73.06723,40.6788790000001
-73.059158,40.6797180000001
-73.02861,40.6858220000001
-73.0172269999999,40.690269
-73.0127869999999,40.694153
-73.0014039999999,40.6999970000001
-72.9924929999999,40.7072140000001
-72.9872129999999,40.7099910000001
-72.982773,40.7138820000001
-72.976944,40.716934
-72.965561,40.720543
-72.945541,40.722763
-72.92749,40.726936
-72.891113,40.737495
-72.879715,40.7416610000001
-72.866104,40.744156
-72.852493,40.7449950000001
-72.8413849999999,40.748878
-72.830292,40.7538830000001
-72.810822,40.756943
-72.799438,40.761383
-72.783615,40.770546
-72.777222,40.77166
-72.7694549999999,40.770546
-72.766663,40.766106
-72.778061,40.7619400000001
-72.784439,40.7605510000001
-72.801392,40.7541660000001
-72.816391,40.7463839999999
-72.839996,40.7383270000001
-72.871109,40.7311020000001
-72.876663,40.7288740000001
-72.895844,40.724991
-72.914169,40.7199859999999
-72.951111,40.7119369999999
-72.963058,40.708603
-72.9688869999999,40.7063830000001
-72.988892,40.6933209999999
-73.005005,40.68499
-73.022781,40.679436
-73.041672,40.675552
-73.059433,40.6697160000001
-73.0844419999999,40.6630479999999
-73.148621,40.651382
-73.191101,40.639435
-73.223328,40.6352689999999
