"V1","V2"
127.794983,2.205555
127.789703,2.205555
127.771652,2.20833300000004
127.766388,2.209722
127.751938,2.22249900000008
127.748322,2.22611000000006
127.745041,2.24469300000004
127.747208,2.25277799999998
127.753326,2.26722199999995
127.756653,2.27055500000006
127.762207,2.27194400000008
127.804703,2.26638800000006
127.810257,2.26499999999999
127.813599,2.26166599999999
127.815536,2.25694400000009
127.81694,2.24472200000014
127.816383,2.22611000000006
127.814148,2.22138799999999
127.808029,2.21305500000011
127.800537,2.20694400000002
127.794983,2.205555
