"V1","V2"
26.965832,36.6816640000001
26.9713860000001,36.6722110000001
26.96666,36.6724930000001
26.953053,36.675278
26.9463840000001,36.679153
26.923054,36.7061
26.92083,36.7088780000001
26.91861,36.7161029999999
26.9177700000001,36.755272
26.921944,36.761101
27.0608330000001,36.8372120000001
27.0641590000001,36.838875
27.1524930000001,36.8813860000001
27.168053,36.8872150000001
27.1774980000001,36.888878
27.284443,36.900551
27.3405490000001,36.8852769999999
27.3466610000001,36.881104
27.3527760000001,36.8722080000001
27.355553,36.865273
27.3552700000001,36.8588870000001
27.3441660000001,36.849442
27.329437,36.8427660000001
27.302498,36.837494
27.2794420000001,36.83416
27.243332,36.8269349999999
27.218327,36.8197100000001
27.03611,36.7661060000001
27.028049,36.763611
26.9922220000001,36.7513890000001
26.980553,36.7469410000001
26.974159,36.742775
26.9719430000001,36.7402730000001
26.9705510000001,36.736382
26.9663889999999,36.7036059999999
26.965832,36.6816640000001
