"V1","V2"
-173.515869,52.1069340000001
-173.508362,52.104706
-173.440857,52.102486
-173.363312,52.1013790000001
-173.303345,52.102486
-173.297791,52.10582
-173.258911,52.1069340000001
-173.18335,52.1077730000001
-173.172546,52.107491
-173.138367,52.1044390000001
-173.022827,52.0935970000001
-172.964478,52.0872120000001
-172.955597,52.085541
-172.958069,52.0813830000001
-173.026672,52.0702669999999
-173.157257,52.05526
-173.177246,52.054436
-173.185822,52.0560990000001
-173.213928,52.066376
-173.229187,52.0711060000001
-173.238068,52.0711060000001
-173.470306,52.0369420000001
-173.478088,52.035271
-173.495026,52.0149920000001
-173.504486,52.021378
-173.558044,52.047493
-173.564758,52.050262
-173.67392,52.057487
-173.70282,52.053322
-173.709442,52.050819
-173.733063,52.0449910000001
-173.827484,52.035271
-173.837494,52.03611
-173.923096,52.0516590000001
-174.0289,52.104706
-174.056976,52.1202700000001
-174.056671,52.1258240000001
-174.05307,52.1305470000001
-174.04837,52.134438
-173.792816,52.106102
-173.78476,52.114998
-173.7789,52.118317
-173.772278,52.120827
-173.756439,52.124702
-173.636414,52.1474840000001
-173.626373,52.148041
-173.59198,52.149437
-173.54892,52.146378
-173.542816,52.121933
-173.541962,52.117203
-173.515869,52.1069340000001
