"V1","V2"
23.736664,39.074715
23.7244420000001,39.0713880000001
23.7094420000001,39.0738830000001
23.6627770000001,39.0861050000001
23.6577760000001,39.0927730000001
23.5908319999999,39.1974950000001
23.589996,39.2008290000001
23.5908319999999,39.204437
23.5938870000001,39.2066649999999
23.5983310000001,39.207497
23.6108320000001,39.2049940000001
23.783054,39.126106
23.786663,39.1241610000001
23.788887,39.121384
23.7891650000001,39.117775
23.787777,39.114166
23.775276,39.0994420000001
23.7702750000001,39.0936050000001
23.7538870000001,39.0836110000001
23.736664,39.074715
