"V1","V2"
-63.366394,67.287766
-63.396111,67.269989
-63.417778,67.2663880000001
-63.456108,67.264435
-63.507507,67.26944
-63.5419459999999,67.2724910000001
-63.559723,67.2730410000001
-63.578339,67.273315
-63.6202769999999,67.26915
-63.763618,67.2724910000001
-63.813614,67.2791600000001
-63.8297269999999,67.2841490000001
-63.81945,67.2899780000001
-63.796669,67.299988
-63.6883319999999,67.34166
-63.666664,67.345535
-63.646111,67.348038
-63.60556,67.352203
-63.5858309999999,67.353317
-63.485001,67.341095
-63.369164,67.3024750000001
-63.35778,67.293869
-63.366394,67.287766
