"V1","V2"
-169.724457,52.9433140000001
-169.731689,52.941093
-169.74057,52.9416500000001
-169.744476,52.9458240000001
-169.760834,52.965546
-169.762268,52.9711
-169.754486,53.0216600000001
-169.752502,53.0263750000001
-169.717224,53.034157
-169.708893,53.035553
-169.698639,53.0358280000001
-169.684174,53.034157
-169.676697,53.031662
-169.671417,53.0280460000001
-169.667267,53.0049900000001
-169.666687,53.0000000000001
-169.695831,52.9602740000001
-169.700867,52.9566500000001
-169.724457,52.9433140000001
