"V1","V2"
10.4324990000001,57.592216
10.4311099999999,57.5791630000001
10.4358330000001,57.551384
10.4383320000001,57.543327
10.4447210000001,57.5327760000001
10.4483320000001,57.528328
10.453054,57.5241620000001
10.5280550000001,57.413887
10.542221,57.2299960000001
10.534721,57.2238850000001
10.530832,57.221664
10.5133319999999,57.2147220000001
10.453333,57.1847150000001
10.4427780000001,57.1766660000001
10.4238870000001,57.1572190000001
10.414165,57.143326
10.3366159999999,56.9916650000001
10.2449990000001,56.9897160000001
10.228054,56.991104
10.2186110000001,56.9927750000001
10.1930540000001,57.002777
10.1519430000001,57.0247190000001
10.1197200000001,57.041664
10.0319440000001,57.0830460000001
10.0208319999999,57.086929
10.0116649999999,57.089157
10.0066660000001,57.0899890000001
10.000276,57.089668
9.5,57.046387
9.28944400000012,57.004715
9.26972200000006,56.9983290000001
9.25527799999992,56.996109
9.24388900000014,56.995552
9.23388899999998,56.9972150000001
9.22138800000005,57.0013890000001
9.20360899999997,57.0116650000001
9.18138900000002,57.0238880000001
9.15916599999997,57.0352710000001
9.14055400000012,57.0427700000001
9.11554899999993,57.0527730000001
9.1186100000001,57.04805
9.12027699999999,57.039162
9.11583300000001,57.0349960000001
9.10749800000013,57.032494
9.03861000000012,57.01194
9.03277600000001,57.0116650000001
9.02777700000013,57.012772
9.02722200000005,57.015549
9.02861000000013,57.018608
9.02749799999992,57.021111
9.02138700000006,57.024437
9.01055499999995,57.0258330000001
9.00055500000002,57.0249940000001
8.88583200000011,56.9974980000001
8.82716599999992,56.971069
8.77500000000009,56.951942
8.76610900000003,56.9497149999999
8.75499900000005,56.9505540000001
8.73555399999998,56.956665
8.72444300000012,56.957497
8.68110999999993,56.949997
8.67333199999996,56.9472200000001
8.67083200000008,56.945274
8.61916500000012,56.885551
8.61722200000008,56.873329
8.61777699999999,56.863052
8.61694300000011,56.8569410000001
8.61166600000013,56.8486100000001
8.60749800000002,56.8441620000001
8.57249800000011,56.8194429999999
8.56388900000013,56.813606
8.55999899999995,56.8122180000001
8.53305400000005,56.8038860000001
8.51444399999997,56.8005520000001
8.50111000000004,56.7972180000001
8.49166500000013,56.792496
8.48722099999998,56.7880550000001
8.48360999999994,56.782494
8.48277699999994,56.779999
8.46305500000011,56.697777
8.41579700000005,56.6781270000001
8.44171299999994,56.674347
8.44521400000008,56.6740110000001
8.48838000000012,56.6703449999999
8.51444399999997,56.6677700000001
8.51944400000014,56.6686100000001
8.53583099999992,56.673882
8.55083300000007,56.68222
8.57027599999992,56.6888890000001
8.57999999999998,56.6897200000001
8.5849990000001,56.689163
8.59138899999999,56.686104
8.59499900000009,56.6808320000001
8.60722199999992,56.6305540000001
8.59888799999999,56.60833
8.59750000000003,56.60611
8.55499800000007,56.582497
8.54944400000005,56.5822220000001
8.54138799999998,56.584442
8.53222100000005,56.589439
8.52416600000004,56.5952760000001
8.47805399999999,56.631386
8.45909899999998,56.6421810000001
8.457266,56.645184
8.453599,56.6491849999999
8.44876500000009,56.6530149999999
8.43693199999996,56.65852
8.39827800000006,56.6720430000001
8.36833199999995,56.677216
8.24888800000008,56.698608
8.24027599999999,56.7072220000001
8.23860900000011,56.7127760000001
8.23555400000009,56.736938
8.23499900000002,56.755554
8.23583200000002,56.7688830000001
8.23638700000009,56.7755510000001
8.24583200000001,56.8066640000001
8.25610899999998,56.8227770000001
8.26416599999993,56.8327709999999
8.29055399999999,56.8602750000001
8.33666600000004,56.9055480000001
8.37888700000002,56.945549
8.45055400000012,57.0049970000001
8.57722100000012,57.096107
8.60388799999993,57.114716
8.61722200000008,57.121666
8.624166,57.1244430000001
8.62861100000009,57.125275
8.63944400000003,57.1247180000001
8.65444400000001,57.121666
8.71388800000005,57.1061100000001
8.73722100000009,57.102219
8.76610900000003,57.101105
8.80499800000001,57.1038820000001
8.84666600000008,57.1083300000001
8.89416499999999,57.1199950000001
9.01722099999995,57.1536100000001
9.07972100000006,57.145271
9.16138799999999,57.137497
9.19610999999998,57.136108
9.24388900000014,57.1369400000001
9.26527599999991,57.1388850000001
9.38416500000011,57.1502760000001
9.38999899999999,57.1511080000001
9.40694400000012,57.156944
9.458887,57.176109
9.47360999999995,57.1816640000001
9.49583200000012,57.190277
9.54083300000008,57.213882
9.54666499999996,57.217499
9.58055500000006,57.241104
9.64944300000008,57.3033290000001
9.70777700000014,57.364998
9.72055399999999,57.37944
9.73138800000009,57.395271
9.76361100000008,57.4355550000001
9.77277800000007,57.444717
9.79333300000013,57.4622190000001
9.94972000000013,57.583611
9.96027800000007,57.5883330000001
9.97110900000007,57.589439
10.0000000000001,57.5897220000001
10.0436100000001,57.5886080000001
10.1041660000001,57.5897220000001
10.1286109999999,57.590271
10.1611100000001,57.592216
10.18111,57.594994
10.2183320000001,57.6022190000001
10.266943,57.613052
10.2897210000001,57.6208270000001
10.3008330000001,57.625549
10.4083330000001,57.673607
10.453333,57.6974950000001
10.5099979999999,57.7252730000001
10.537498,57.737495
10.544167,57.7402730000001
10.56111,57.745277
10.5772210000001,57.746666
10.605276,57.7441640000001
10.6449990000001,57.737495
10.6459530000001,57.7362670000001
10.6219439999999,57.7277760000001
10.5780540000001,57.7108310000001
10.5602760000001,57.7024990000001
10.526388,57.683609
10.5055540000001,57.666664
10.48111,57.645828
10.461666,57.6286090000001
10.4547210000001,57.622215
10.447498,57.6149980000001
10.437777,57.6033330000001
10.4324990000001,57.592216
