"V1","V2"
129.928864,-1.211389
129.835785,-1.24277799999993
129.829681,-1.24194399999993
129.742462,-1.21333299999992
129.740509,-1.20861100000002
129.74469,-1.19194399999998
129.753601,-1.18055599999997
129.765808,-1.17222199999992
129.85495,-1.144722
129.860504,-1.14333299999998
129.866638,-1.14277799999996
129.872742,-1.14333299999998
129.878296,-1.14556299999992
129.954956,-1.16805599999992
129.959686,-1.170278
129.961914,-1.17500000000001
129.96051,-1.18055599999997
129.933868,-1.20916699999992
129.928864,-1.211389
