"V1","V2"
129.008026,-8.26944499999996
129.002472,-8.26944499999996
128.927765,-8.26333399999999
128.922211,-8.26194599999991
128.91275,-8.25805700000001
128.884705,-8.24499899999995
128.848846,-8.22611000000001
128.839966,-8.22138799999993
128.831909,-8.20916599999987
128.829681,-8.20444499999996
128.828308,-8.19888899999995
128.832458,-8.19611199999997
128.837189,-8.194166
128.858643,-8.18889999999993
128.868835,-8.18472300000002
128.891357,-8.18000000000001
128.945526,-8.18055500000003
128.969696,-8.18388900000002
128.979126,-8.18805500000002
129.024994,-8.21055599999994
129.033325,-8.21583399999992
129.034698,-8.22805599999998
129.033875,-8.24083299999995
129.031921,-8.24583199999995
129.017487,-8.265556
129.013306,-8.268057
129.008026,-8.26944499999996
