"V1","V2"
129.812469,-2.91972199999992
129.987732,-2.98833299999995
130.019989,-2.99722200000002
130.050812,-3.00055600000002
130.063873,-3.00138900000002
130.084412,-3.00138900000002
130.096924,-3
130.164703,-2.99222200000003
130.236633,-2.98472199999998
130.329132,-2.97722199999998
130.341339,-2.97861099999989
130.352448,-2.98138899999998
130.373566,-2.98749999999995
130.378571,-2.98972199999997
130.399139,-3.003334
130.584137,-3.13333299999999
130.587463,-3.13666699999987
130.59024,-3.14083299999993
130.594421,-3.15055599999999
130.629944,-3.24555499999997
130.634155,-3.26194500000003
130.633331,-3.27499999999998
130.630524,-3.28583299999997
130.629944,-3.29194499999994
130.629395,-3.31861099999998
130.630524,-3.33111100000002
130.636108,-3.35305499999998
130.645813,-3.3775
130.662201,-3.40222199999988
130.669708,-3.40833300000003
130.674408,-3.41027799999995
130.680542,-3.40972199999993
130.697205,-3.40499999999997
130.709412,-3.40361099999996
130.741638,-3.40555499999994
130.766388,-3.40833300000003
130.777191,-3.41111099999995
130.787476,-3.414444
130.795807,-3.42000000000002
130.799133,-3.42333400000001
130.825256,-3.45222200000001
130.828033,-3.456389
130.873291,-3.58333299999998
130.874664,-3.59583300000003
130.874664,-3.60944499999999
130.871063,-3.62666699999988
130.86911,-3.63138899999996
130.85553,-3.65194400000001
130.838867,-3.66972199999998
130.832733,-3.68388900000002
130.83136,-3.68944399999992
130.821075,-3.82555599999995
130.829956,-3.87277699999993
130.799988,-3.86166699999995
130.630524,-3.79611099999994
130.616364,-3.79000000000002
130.612183,-3.78722199999987
130.605225,-3.78027799999995
130.596924,-3.768055
130.59079,-3.76055600000001
130.564148,-3.73250000000002
130.553864,-3.72222199999993
130.549713,-3.71944400000001
130.443024,-3.65527800000001
130.398315,-3.63333299999994
130.314148,-3.60055599999993
130.240784,-3.578056
130.229675,-3.57527800000003
130.141357,-3.54722299999997
130.126892,-3.540278
130.018036,-3.48500000000001
129.991333,-3.47055499999999
129.980255,-3.46111100000002
129.968567,-3.44527799999997
129.96109,-3.43222199999997
129.956909,-3.42277799999999
129.954956,-3.41111099999995
129.95636,-3.39888899999988
129.959137,-3.38777799999991
129.959686,-3.38166699999999
129.959137,-3.37555600000002
129.952179,-3.36861099999993
129.931641,-3.35499999999996
129.911926,-3.34194400000001
129.897491,-3.33583299999992
129.879669,-3.33305499999994
129.818024,-3.32888899999995
129.652191,-3.316667
129.520538,-3.29750000000001
129.514435,-3.29694499999994
129.508881,-3.29805599999992
129.501923,-3.30500000000001
129.5,-3.30972200000002
129.497742,-3.32138899999995
129.497742,-3.32833299999987
129.500824,-3.33916699999992
129.511658,-3.35555599999998
129.532196,-3.37611099999992
129.544434,-3.39111099999997
129.552765,-3.40361099999996
129.558868,-3.417778
129.560242,-3.42333400000001
129.559692,-3.43638799999997
129.558319,-3.44194399999998
129.548584,-3.459722
129.541077,-3.46583299999998
129.52887,-3.46999999999997
129.522491,-3.47055499999999
129.515808,-3.47055499999999
129.50415,-3.46861100000001
129.482178,-3.46305599999999
129.477448,-3.46111100000002
129.454132,-3.44999999999993
129.306091,-3.41722199999992
129.253876,-3.414444
129.236908,-3.41111099999995
129.21637,-3.40416699999997
129.20108,-3.39888899999988
129.15802,-3.38027799999992
129.14444,-3.37361099999993
129.111359,-3.35166699999991
129.106628,-3.34944400000001
129.101074,-3.34805499999999
129.074402,-3.34750000000003
129.001923,-3.350278
128.968292,-3.353611
128.970245,-3.272222
128.973022,-3.268055
128.974976,-3.26333399999993
128.977173,-3.25166699999994
128.969696,-3.23861099999999
128.959137,-3.22833300000002
128.950256,-3.22361100000001
128.936096,-3.21749999999997
128.930542,-3.21611099999996
128.897766,-3.20916699999998
128.885254,-3.20777799999996
128.878296,-3.20777799999996
128.869415,-3.21277799999996
128.775543,-3.27638899999999
128.768036,-3.28249999999997
128.693298,-3.35222199999998
128.683044,-3.36249999999995
128.67691,-3.36999999999995
128.674133,-3.37416599999995
128.670807,-3.38444499999991
128.670807,-3.39111099999997
128.672211,-3.39666699999998
128.613281,-3.43638799999997
128.497467,-3.46166699999998
128.478302,-3.46305599999999
128.462463,-3.45833299999993
128.438568,-3.44805499999995
128.429688,-3.44333299999994
128.425537,-3.44055599999996
128.407745,-3.42416700000001
128.401642,-3.41666700000002
128.360229,-3.35499999999996
128.302765,-3.268889
128.217743,-3.21138899999994
128.198029,-3.12111099999998
128.198029,-3.11416700000001
128.197205,-3.10805599999992
128.190521,-3.080556
128.187744,-3.07583299999993
128.184143,-3.07249999999993
128.179413,-3.07027799999992
128.173859,-3.06888900000001
128.161102,-3.06833399999994
128.154694,-3.06888900000001
128.14444,-3.07249999999993
128.136383,-3.078056
128.133026,-3.081389
128.102753,-3.11277799999999
128.091644,-3.129167
128.079956,-3.15166699999992
128.071899,-3.17111099999988
128.068573,-3.18138900000002
128.061646,-3.20861099999996
128.055542,-3.25027799999998
128.05191,-3.2811109999999
128.051361,-3.30777799999998
128.050537,-3.3138889999999
128.048035,-3.32499999999999
128.044434,-3.33527800000002
128.04248,-3.33999999999992
128.034149,-3.35305499999998
128.015808,-3.37555600000002
128.005554,-3.37888900000002
127.992477,-3.37972200000002
127.986923,-3.38111099999992
127.979431,-3.38722200000001
127.940262,-3.47138899999999
127.934143,-3.48555599999986
127.91832,-3.55944399999987
127.912201,-3.55194399999999
127.906097,-3.53750000000002
127.897774,-3.5047229999999
127.894989,-3.48694499999993
127.894989,-3.48166699999996
127.912201,-3.44388899999996
127.921921,-3.42611099999999
127.92804,-3.41166600000003
127.929428,-3.40638899999993
127.933319,-3.36944399999993
127.933319,-3.34888899999999
127.932213,-3.34333299999992
127.930817,-3.33777800000001
127.921921,-3.31944499999997
127.896378,-3.28305499999999
127.886108,-3.27277800000002
127.878593,-3.25999999999993
127.856087,-3.186666
127.888893,-3.15527800000001
127.983597,-3.0869449999999
128.073853,-2.98138899999998
128.169983,-2.8583339999999
128.173859,-2.85555599999998
128.263885,-2.856111
128.401642,-2.86305599999997
128.565247,-2.85555599999998
128.839417,-2.86638899999997
128.866058,-2.86583299999995
128.878296,-2.86444499999999
128.9133,-2.8583339999999
129.064148,-2.90055599999999
129.084137,-2.92722199999992
129.094421,-2.93777799999998
129.108002,-2.95138899999995
129.12439,-2.962222
129.129944,-2.96361100000001
129.136108,-2.96416699999992
129.141663,-2.96305599999999
129.212738,-2.94638899999995
129.338287,-2.86638899999997
129.354675,-2.85555599999998
129.363007,-2.85000000000002
129.367737,-2.84111100000001
129.370514,-2.80972200000002
129.376617,-2.80222199999986
129.384705,-2.79805599999986
129.394989,-2.79444499999994
129.411652,-2.79055599999998
129.526642,-2.78361100000001
129.629395,-2.815
129.765808,-2.87055499999997
129.774139,-2.87611099999992
129.777466,-2.87944399999992
129.789154,-2.90194399999996
129.79248,-2.90555499999999
129.799408,-2.91222199999993
129.807739,-2.91777799999994
129.812469,-2.91972199999992
