"V1","V2"
-73.84668,-45.002785
-73.785568,-45.036392
-73.775848,-45.043335
-73.7669529999999,-45.05056
-73.758896,-45.058617
-73.718903,-45.105003
-73.703339,-45.133896
-73.701675,-45.145836
-73.7022249999999,-45.15889
-73.705002,-45.186394
-73.7314,-45.2844469999999
-73.792511,-45.270561
-73.829651,-45.2394179999999
-73.871834,-45.2385029999999
-73.9283449999999,-45.248894
-73.946121,-45.2491679999999
-73.985001,-45.2469479999999
-73.998337,-45.242226
-74.009445,-45.236115
-74.01973,-45.223061
-74.110001,-45.148895
-74.140839,-45.160835
-74.203903,-45.1719509999999
-74.212784,-45.1719509999999
-74.2213899999999,-45.170837
-74.228058,-45.168335
-74.2333369999999,-45.1652829999999
-74.2358399999999,-45.160278
-74.240845,-45.137779
-74.246674,-45.109169
-74.2469479999999,-45.1030579999999
-74.2458339999999,-45.096115
-74.240845,-45.077782
-74.237228,-45.073334
-74.224457,-45.0616679999999
-74.190292,-45.037224
-74.1797329999999,-45.030281
-74.1736149999999,-45.028061
-74.1577909999999,-45.026115
-74.139175,-45.0263899999999
-74.13028,-45.027504
-74.125,-45.030838
-74.11084,-45.035004
-74.103058,-45.035561
-74.061401,-45.032227
-73.983337,-45.0222239999999
-73.961395,-45.017784
-73.948898,-45.0125049999999
-73.925568,-45.001945
-73.9223479999999,-45
-73.9150089999999,-44.99556
-73.9088899999999,-44.99334
-73.9008479999999,-44.992226
-73.8922269999999,-44.991951
-73.8749999999999,-44.994446
-73.859726,-44.9980619999999
-73.85437,-45
-73.84668,-45.002785
