"V1","V2"
103.073593,0.571665999999993
103.068863,0.569722000000127
103.064133,0.571665999999993
103.035797,0.647221999999999
103.034698,0.651111000000071
103.038017,0.654722000000106
103.048309,0.65805499999999
103.054413,0.657500000000084
103.059128,0.655278000000067
103.062737,0.651944000000071
103.066071,0.646388999999999
103.079697,0.60944400000011
103.081093,0.603889000000038
103.081917,0.597777000000065
103.081093,0.584722000000056
103.077187,0.574999999999989
103.073593,0.571665999999993
