"V1","V2"
143.572754,-8.49388899999997
143.559143,-8.49388899999997
143.509155,-8.48250000000002
143.498016,-8.47972099999993
143.493286,-8.47777699999995
143.35495,-8.41805599999998
143.318573,-8.39305699999994
143.315796,-8.38888899999995
143.314423,-8.38361199999997
143.314423,-8.376665
143.319427,-8.36916500000001
143.326904,-8.36305399999998
143.331635,-8.36111099999994
143.339142,-8.35833399999996
143.342743,-8.35777699999994
143.356354,-8.35777699999994
143.49469,-8.36305399999998
143.573578,-8.37194399999993
143.578308,-8.37388800000002
143.581085,-8.37805600000002
143.616058,-8.46277799999996
143.616058,-8.46888899999999
143.613861,-8.47360999999995
143.610504,-8.47694399999995
143.583862,-8.49138800000003
143.578857,-8.49333200000001
143.572754,-8.49388899999997
