"V1","V2"
88.0885930000001,21.849442
88.082214,21.8477750000001
88.076935,21.8488850000001
88.0733180000001,21.852497
88.0708310000001,21.8577730000001
88.06694,21.8758280000001
88.0666660000001,21.8819389999999
88.0680540000001,21.88694
88.0736079999999,21.9011080000001
88.097214,21.9447170000001
88.10054,21.948605
88.107758,21.949718
88.113037,21.948605
88.1258090000001,21.9352720000001
88.1330409999999,21.9197159999999
88.134995,21.9138829999999
88.1352690000001,21.907497
88.1308140000001,21.8986050000001
88.1224820000001,21.8863830000001
88.097214,21.8555530000001
88.093597,21.8522190000001
88.0885930000001,21.849442
