"V1","V2"
-18.0372239999999,77.666092
-18.091389,77.6644290000001
-18.120834,77.664703
-18.236385,77.6744229999999
-18.242222,77.6799770000001
-18.240833,77.685532
-18.118332,77.7555540000001
-18.103611,77.7619320000001
-18.071667,77.7733150000001
-18.039169,77.783875
-17.9419439999999,77.8413700000001
-17.9427759999999,77.8472140000001
-17.94389,77.8641510000001
-17.936665,77.8760830000001
-17.928333,77.8819270000001
-17.91111,77.887772
-17.8597219999999,77.897491
-17.805557,77.9055480000001
-17.750835,77.9099879999999
-17.7049979999999,77.9130400000001
-17.681667,77.9124910000001
-17.6663889999999,77.90387
-17.666111,77.9019320000001
-17.674999,77.8997190000001
-17.605556,77.855255
-17.5841669999999,77.837769
-17.5855559999999,77.8324890000001
-17.603611,77.8144230000001
-17.7327769999999,77.708603
-17.7713889999999,77.6947020000001
-17.8175009999999,77.683319
-17.857502,77.6780400000001
-17.902222,77.673874
-18.0372239999999,77.666092
