"V1","V2"
13.0736099999999,54.4886089999999
13.063055,54.465271
13.0608330000001,54.4691620000001
13.0599989999999,54.476387
13.06111,54.4863820000001
13.0638890000001,54.5000000000001
13.0966660000001,54.590553
13.1038879999999,54.5969390000001
13.109999,54.6002730000001
13.117498,54.6027760000001
13.136944,54.604164
13.147499,54.604164
13.1513880000001,54.6027760000001
13.154165,54.60083
13.155277,54.5983280000001
13.1580540000001,54.5841600000001
13.1580540000001,54.5811080000001
13.110832,54.5338820000001
13.10861,54.5313870000001
13.0736099999999,54.4886089999999
