"V1","V2"
-74.1544489999999,-47.172501
-74.1711119999999,-47.174446
-74.183624,-47.168892
-74.2258449999999,-47.13195
-74.229446,-47.127785
-74.2291719999999,-47.1166689999999
-74.2275089999999,-47.103058
-74.2113949999999,-47.070557
-74.195282,-47.038338
-74.188339,-47.029167
-74.183624,-47.0252839999999
-74.178345,-47.0219499999999
-74.171951,-47.01973
-74.1636199999999,-47.018616
-74.03334,-47.023613
-73.9752809999999,-47.047501
-73.974731,-47.052505
-73.978348,-47.057228
-74.056122,-47.1311109999999
-74.060562,-47.135002
-74.0805659999999,-47.14917
-74.091675,-47.155281
-74.104172,-47.160278
-74.1544489999999,-47.172501
