"V1","V2"
-72.0211179999999,-54.634727
-71.9214019999999,-54.704445
-71.9189,-54.7161179999999
-71.919724,-54.723061
-71.9214019999999,-54.7291719999999
-71.926956,-54.740005
-71.931122,-54.744728
-71.9364009999999,-54.7486109999999
-71.986115,-54.760834
-71.9783479999999,-54.715004
-71.9791719999999,-54.710281
-72.037231,-54.655556
-72.04834,-54.648338
-72.0588989999999,-54.647507
-72.065292,-54.650558
-72.068069,-54.6561129999999
-72.065002,-54.660835
-72.0605619999999,-54.665283
-72.060013,-54.671394
-72.063904,-54.676117
-72.071396,-54.678612
-72.080841,-54.678337
-72.086395,-54.674728
-72.098068,-54.6613919999999
-72.101395,-54.6563949999999
-72.101959,-54.6502839999999
-72.100006,-54.644173
-72.089737,-54.636116
-72.0825039999999,-54.633614
-72.065567,-54.630005
-72.045288,-54.628616
-72.0277859999999,-54.63195
-72.0211179999999,-54.634727
