"V1","V2"
-50.009445,0.935277999999983
-50.024445,0.92972199999997
-50.074448,0.944722000000127
-50.074448,0.981111000000055
-50.030838,1.04416699999996
-50.025284,1.05166599999995
-50.0175019999999,1.05388900000003
-50.001945,1.05527800000004
-49.9627839999999,1.05527800000004
-49.947784,1.05444399999993
-49.9366679999999,1.03527800000006
-49.9352799999999,1.02777800000001
-49.940285,1.00305500000007
-49.94445,0.994722000000024
-49.950562,0.985833000000127
-49.984169,0.953889000000117
-50.009445,0.935277999999983
