"V1","V2"
-52.418335,-1.52749999999997
-52.425835,-1.52749999999997
-52.43528,-1.52527799999996
-52.453896,-1.51499999999999
-52.458618,-1.49249999999995
-52.454445,-1.482778
-52.4488909999999,-1.476111
-52.431114,-1.46638899999994
-52.206947,-1.36166700000001
-52.199448,-1.36500000000001
-52.168617,-1.40833399999997
-52.165283,-1.41861099999994
-52.1733399999999,-1.42388899999997
-52.2227779999999,-1.44999999999999
-52.2591709999999,-1.46861100000001
-52.384445,-1.51999999999998
-52.392227,-1.52249999999998
-52.418335,-1.52749999999997
