"V1","V2"
104.281647,0.623055000000079
104.276367,0.621667000000002
104.274986,0.622475000000065
104.272202,0.623055000000079
104.268044,0.625833000000057
104.264687,0.629165999999998
104.25914,0.637499999999932
104.256927,0.642222000000004
104.241928,0.675278000000048
104.237198,0.689444000000094
104.266647,0.678054999999972
104.271362,0.675833000000125
104.275528,0.673054999999977
104.281647,0.66555500000004
104.283043,0.659999999999968
104.283859,0.647221999999999
104.283859,0.627778000000035
104.281647,0.623055000000079
