"V1","V2"
-7.268889,57.3988880000001
-7.28333399999997,57.3974990000001
-7.31361199999998,57.3997190000001
-7.32027799999997,57.401382
-7.37805600000002,57.4202730000001
-7.38805600000001,57.423882
-7.40472299999993,57.4419400000001
-7.40944499999995,57.448326
-7.41000100000002,57.4522170000001
-7.40638899999993,57.4641649999999
-7.40416699999997,57.467773
-7.40027799999996,57.470276
-7.35777899999999,57.488327
-7.351111,57.489441
-7.30055600000003,57.483604
-7.27611200000001,57.480553
-7.24416699999995,57.4763870000001
-7.204722,57.460831
-7.20249999999999,57.457497
-7.202223,57.418884
-7.20444499999996,57.414993
-7.23944499999999,57.40361
-7.24472199999997,57.4022220000001
-7.268889,57.3988880000001
