"V1","V2"
133.111908,-0.536388999999986
133.117462,-0.537777999999889
133.157745,-0.536944999999889
133.1633,-0.538332999999966
133.173035,-0.542499999999961
133.253052,-0.606388999999979
133.314697,-0.667777999999942
133.327179,-0.683055999999908
133.349121,-0.702778000000023
133.37439,-0.71944400000001
133.389435,-0.724721999999986
133.402466,-0.728888999999981
133.429962,-0.736388999999974
133.453857,-0.739999999999952
133.571899,-0.753610999999921
133.578033,-0.754166999999995
133.748566,-0.757777999999973
133.753326,-0.755556000000013
133.756104,-0.751389000000017
133.756927,-0.745277999999928
133.751373,-0.730277999999885
133.752777,-0.724721999999986
133.756104,-0.721388999999988
133.760803,-0.71944400000001
133.978302,-0.729721999999981
133.984406,-0.730277999999885
133.993835,-0.734443999999883
134.004974,-0.743889000000024
134.111084,-0.835278000000017
134.081635,-0.887778000000026
134.07608,-0.889166999999873
134.068573,-0.895278000000019
134.030273,-0.959721999999886
134.02887,-0.965277999999955
134.029419,-0.971388999999931
134.097473,-1.10305499999998
134.125519,-1.15027799999996
134.128296,-1.15444399999996
134.158325,-1.185833
134.174683,-1.19694399999997
134.184418,-1.20111100000003
134.188568,-1.203889
134.204956,-1.22166699999997
134.213287,-1.23388899999998
134.27832,-1.34694499999995
134.280273,-1.35166700000002
134.281097,-1.357778
134.279694,-1.36333300000001
134.262482,-1.38055599999996
134.254425,-1.38583299999993
134.24411,-1.396389
134.235779,-1.40861100000001
134.233856,-1.41333299999997
134.231628,-1.42499999999995
134.22467,-1.48527799999999
134.223572,-1.53750000000002
134.223572,-1.55111099999999
134.222198,-1.556667
134.219421,-1.56055599999991
134.160522,-1.61805600000002
134.101349,-1.66194400000001
134.093292,-1.66750000000002
134.089966,-1.67083300000002
134.087738,-1.67583300000001
134.087738,-1.68249999999989
134.121887,-1.88111099999998
134.123291,-1.88666699999993
134.145264,-1.93388900000002
134.133026,-2.05166700000001
134.159698,-2.31944499999997
134.192749,-2.38305500000001
134.200256,-2.39611100000002
134.219421,-2.42500000000001
134.226349,-2.431667
134.239136,-2.4325
134.24469,-2.43388900000002
134.253601,-2.43861099999998
134.319977,-2.505
134.34552,-2.57555600000001
134.376343,-2.65499999999992
134.45636,-2.85555599999998
134.461945,-2.86077
134.466644,-2.86444499999999
134.478302,-2.86638899999997
134.48468,-2.86583299999995
134.494965,-2.86249999999995
134.503876,-2.8574999999999
134.511383,-2.85138899999998
134.524994,-2.83777800000001
134.527771,-2.83361099999996
134.52359,-2.80333300000001
134.520813,-2.79249999999996
134.512756,-2.77277800000002
134.49411,-2.71583299999998
134.474976,-2.63111099999998
134.474121,-2.62472200000002
134.470245,-2.57833299999993
134.470245,-2.57138900000001
134.471619,-2.55916599999989
134.476898,-2.54388899999992
134.483032,-2.52972199999994
134.488556,-2.52138899999989
134.533875,-2.47222199999999
134.538025,-2.46944400000001
134.544128,-2.46861100000001
134.570801,-2.47638799999999
134.624969,-2.50444499999992
134.636108,-2.51388900000001
134.642212,-2.52138899999989
134.644989,-2.52555599999994
134.651917,-2.53916700000002
134.655243,-2.55638899999997
134.657196,-2.57472200000001
134.65802,-2.67416699999995
134.65802,-2.73583300000001
134.656647,-2.75472299999996
134.657196,-2.78166699999997
134.665527,-2.84444400000001
134.69693,-2.96777800000001
134.699127,-2.97249999999997
134.701904,-2.97666599999997
134.708588,-2.98361099999994
134.722198,-2.99027799999993
134.727753,-2.99166700000001
134.73468,-2.99166700000001
134.740784,-2.99111099999993
134.751923,-2.98833299999995
134.766083,-2.98222199999998
134.800537,-2.96027800000002
134.803864,-2.95666699999992
134.806641,-2.95277800000002
134.808594,-2.94805499999995
134.809418,-2.94166699999988
134.809418,-2.92805599999991
134.811371,-2.92333400000001
134.823029,-2.90750000000003
134.827179,-2.90472199999999
134.831909,-2.90277799999996
134.843567,-2.90055599999999
134.849121,-2.90194399999996
134.853302,-2.90472199999999
134.856079,-2.90888899999987
134.860779,-2.93138899999991
134.861359,-2.94444399999998
134.853851,-3.01083399999999
134.847748,-3.01833299999998
134.838287,-3.02249999999998
134.829956,-3.02805599999994
134.82663,-3.03138899999993
134.822479,-3.04083300000002
134.812744,-3.11611099999999
134.812195,-3.12222199999991
134.812744,-3.12861099999998
134.876617,-3.24888899999996
134.887482,-3.25861099999986
134.990784,-3.33388899999994
134.999115,-3.33916699999992
135.00415,-3.34138899999999
135.117737,-3.36861099999993
135.330261,-3.39333299999998
135.336365,-3.393889
135.348022,-3.39194399999997
135.461639,-3.36944399999993
135.477448,-3.36444499999988
135.491913,-3.35833399999996
135.516663,-3.34194400000001
135.531647,-3.32972199999995
135.541931,-3.31944499999997
135.555542,-3.30500000000001
135.565247,-3.28722199999999
135.569427,-3.2777779999999
135.570801,-3.272222
135.570801,-3.26527800000002
135.568573,-3.24694399999998
135.574127,-3.23861099999999
135.602173,-3.20527799999996
135.609131,-3.19833299999999
135.633881,-3.18194399999993
135.644135,-3.17861099999993
135.704407,-3.16333299999997
135.713348,-3.15868399999999
135.763885,-3.12027799999998
135.76944,-3.11222199999992
135.768585,-3.10583400000002
135.766083,-3.10194399999995
135.762482,-3.09833299999997
135.741913,-3.084722
135.73996,-3.07999999999998
135.740509,-3.07388900000001
135.747467,-3.06694499999992
135.761932,-3.05388899999997
135.766083,-3.05111099999999
135.829681,-3.02305599999994
135.877747,-3.00888900000001
135.892212,-3.0025
135.90387,-2.99388900000002
135.910522,-2.98694499999993
135.927765,-2.96305599999999
135.930542,-2.958889
135.936646,-2.94444399999998
135.939423,-2.92666700000001
135.938019,-2.91444399999995
135.953033,-2.79249999999996
135.954407,-2.78694499999989
135.956635,-2.78222199999999
136.022217,-2.70416699999998
136.029968,-2.69805500000001
136.036102,-2.69722200000001
136.049133,-2.69805500000001
136.106628,-2.668611
136.168854,-2.64194399999997
136.182739,-2.63499999999999
136.216919,-2.61388899999992
136.224396,-2.60777799999994
136.235504,-2.59805499999999
136.248291,-2.583889
136.2547,-2.57611100000003
136.265533,-2.55972199999997
136.270264,-2.55083300000001
136.279419,-2.53250000000003
136.342194,-2.3666659999999
136.344971,-2.34888899999993
136.344971,-2.32833299999999
136.338867,-2.31388900000002
136.334686,-2.29749999999996
136.333313,-2.28527800000001
136.334686,-2.27972199999999
136.356628,-2.25388899999996
136.409424,-2.21749999999997
136.420532,-2.21472199999999
136.482727,-2.211389
136.532745,-2.21416699999997
136.5336,-2.22694399999995
136.538879,-2.23527799999999
136.543854,-2.23722199999992
136.549133,-2.23861099999999
136.601898,-2.251667
136.61441,-2.25305599999996
136.667755,-2.25722299999995
136.748566,-2.25305599999996
136.753601,-2.25111199999998
136.756927,-2.2475
136.769135,-2.23944399999999
136.786926,-2.22972199999992
136.838287,-2.20166699999999
136.991333,-2.13388900000001
137.063873,-2.11055599999997
137.069977,-2.10999999999996
137.083038,-2.11055599999997
137.098022,-2.11472199999986
137.10968,-2.11694399999993
137.116638,-2.11694399999993
137.174988,-2.10805599999998
137.185791,-2.10527799999994
137.190521,-2.10305499999998
137.232452,-2.07638899999995
137.234406,-2.07166699999993
137.236633,-2.06
137.235229,-2.05444399999999
137.209137,-1.97027800000001
137.207184,-1.96555499999994
137.200714,-1.95439399999998
137.19693,-1.95027799999997
137.184418,-1.94222200000002
137.179688,-1.94
137.16803,-1.93805600000002
137.1633,-1.93611099999998
137.159149,-1.933333
137.133026,-1.90444400000001
137.10968,-1.87444399999998
137.113861,-1.816667
137.120789,-1.80305600000003
137.131073,-1.792778
137.139984,-1.78805599999998
137.191345,-1.76555599999995
137.213287,-1.75999999999999
137.263885,-1.7475
137.344971,-1.71194400000002
137.48468,-1.63861099999997
137.488556,-1.63611099999997
137.492188,-1.63249999999999
137.499115,-1.61888900000002
137.505249,-1.61138899999997
137.512756,-1.605278
137.516937,-1.60249999999996
137.585236,-1.56805599999996
137.604675,-1.56
137.65332,-1.54000000000002
137.679138,-1.52972199999999
137.721069,-1.51416699999999
137.751099,-1.50305600000002
137.777191,-1.49472199999997
137.845795,-1.47444400000001
137.856628,-1.47166700000002
137.863586,-1.47166700000002
137.875793,-1.47305499999993
137.929413,-1.48805499999997
137.933594,-1.4908329999999
137.942474,-1.50249999999994
137.944427,-1.50722200000001
137.949982,-1.515556
137.978577,-1.54277799999994
138.055542,-1.60388899999998
138.059692,-1.60666699999996
138.064423,-1.60861099999988
138.367188,-1.71749999999997
138.413879,-1.73250000000002
138.522217,-1.76138899999995
138.578308,-1.77222199999994
138.607727,-1.77722199999994
138.624969,-1.78055599999999
138.641357,-1.78472199999999
138.646088,-1.78666699999991
138.655823,-1.79083299999991
138.673584,-1.80027799999988
138.708588,-1.82027799999992
138.720795,-1.82833299999999
138.74411,-1.84694499999995
138.755829,-1.86277799999999
138.757751,-1.86750000000001
138.768036,-1.88472199999995
138.777771,-1.896389
138.788025,-1.90638899999999
138.81665,-1.9325
138.843567,-1.95388899999995
138.853027,-1.95777800000002
138.864136,-1.96055599999994
138.882446,-1.96277800000001
138.896362,-1.96277800000001
138.901642,-1.96138899999994
138.914154,-1.95999999999987
138.933319,-1.96138899999994
138.944122,-1.96416699999992
138.9758,-1.97361100000001
139.008026,-1.9833329999999
139.046356,-1.99972200000002
139.351349,-2.13999999999999
139.407471,-2.166111
139.429413,-2.17833299999995
139.438293,-2.18333299999995
139.58551,-2.26194500000003
139.756378,-2.35166700000002
139.780823,-2.36138899999997
139.802765,-2.3666659999999
139.832458,-2.37361099999998
139.844696,-2.37499999999994
139.88443,-2.37638899999996
139.933868,-2.37083299999995
140.031647,-2.358611
140.093292,-2.32833299999999
140.102173,-2.32361099999997
140.108582,-2.32305600000001
140.1586,-2.32361099999997
140.166077,-2.32972199999989
140.16748,-2.33527799999996
140.168854,-2.34750000000003
140.172211,-2.357778
140.204407,-2.40083299999998
140.211365,-2.40777799999995
140.216064,-2.40999999999997
140.322205,-2.45833299999993
140.333862,-2.45916699999992
140.370239,-2.45166699999987
140.374969,-2.44972199999995
140.378571,-2.44611099999997
140.381897,-2.43527699999999
140.380524,-2.42972200000003
140.477173,-2.43444399999998
140.553864,-2.44277799999998
140.631348,-2.45722199999994
140.707458,-2.48388899999998
140.721893,-2.48999999999995
140.730804,-2.49527799999993
140.73468,-2.49805500000002
140.741638,-2.505
140.748566,-2.52555599999994
140.748566,-2.53250000000003
140.743561,-2.54805599999997
140.734131,-2.56583299999994
140.713013,-2.586389
140.706635,-2.59388899999999
140.703857,-2.59805499999999
140.699982,-2.60777799999994
140.699127,-2.61388899999992
140.701355,-2.61861099999993
140.711639,-2.6288889999999
140.724396,-2.63638899999995
140.72995,-2.63777799999997
140.736908,-2.63777799999997
140.741638,-2.6288889999999
140.775818,-2.620833
140.823853,-2.60972199999986
140.963593,-2.60416699999996
140.97052,-2.60416699999996
141.002472,-2.60708499999998
141.006104,-2.61388899999992
141.006104,-4.90555499999999
141.006104,-5.99999999999994
141.006134,-6.33292499999999
140.985504,-6.33305499999989
140.973297,-6.33444499999996
140.967743,-6.33583399999998
140.963593,-6.33861199999996
140.93219,-6.43444399999998
140.92804,-6.45083299999999
140.945801,-6.46861100000001
140.948578,-6.47277700000001
140.950806,-6.47749999999991
140.951355,-6.483611
140.947205,-6.49999999999994
140.898041,-6.59666699999997
140.895264,-6.60055499999999
140.891083,-6.60333299999996
140.863007,-6.6313889999999
140.858856,-6.67833299999995
140.859406,-6.72861099999994
140.871063,-6.78638799999999
140.875244,-6.79611099999994
140.902771,-6.85583300000002
140.949402,-6.90361099999996
140.978851,-6.90694399999995
140.983582,-6.90611099999995
140.990509,-6.89944499999996
140.998566,-6.893889
141.006134,-6.89328399999994
141.006134,-6.90478599999994
141.007019,-9.128468
140.96109,-9.09916700000002
140.943848,-9.08916699999992
140.928864,-9.08305499999994
140.912201,-9.07888799999995
140.888885,-9.07500099999999
140.878845,-9.07166699999999
140.87384,-9.06944499999997
140.857452,-9.05861099999993
140.841644,-9.04638899999998
140.828857,-9.03222299999999
140.795258,-8.98416500000002
140.757477,-8.94027699999992
140.743561,-8.92666599999995
140.689697,-8.87861099999998
140.646362,-8.83999999999997
140.621613,-8.81694399999998
140.61496,-8.81027799999998
140.608856,-8.80277799999999
140.597748,-8.78666700000002
140.544434,-8.70388799999995
140.505249,-8.63416699999993
140.502472,-8.62999899999994
140.488007,-8.61638799999997
140.336639,-8.48861099999999
140.229126,-8.39833499999986
140.209961,-8.38333299999999
140.122742,-8.32027799999997
140.086639,-8.29527899999999
140.070801,-8.28361099999995
140.051636,-8.26889
140.031647,-8.24916599999995
139.99411,-8.20499999999998
139.985229,-8.19361099999998
139.974976,-8.17666600000001
139.982361,-8.14188999999999
139.981537,-8.13855599999999
139.982361,-8.135221
140.003357,-8.11538799999994
140.007874,-8.11172099999993
140.018539,-8.11005499999993
140.026367,-8.10972199999992
140.046936,-8.09027699999996
140.050812,-8.08777799999996
140.054413,-8.08416599999998
140.06192,-8.07138800000001
140.133881,-7.93916599999994
140.149719,-7.88694499999997
140.146088,-7.88472300000001
140.058319,-7.92138899999998
140.054413,-7.92416700000001
140.051636,-7.92833300000001
140.050262,-7.93361099999998
140.037201,-7.99416600000001
140.037201,-8.01444600000002
140.041351,-8.03138899999999
140.042755,-8.043612
140.039978,-8.05444499999993
140.011475,-8.07099999999997
140.004822,-8.07666599999999
139.969971,-8.09499899999997
139.961304,-8.09866599999998
139.944489,-8.10233299999999
139.915802,-8.11472099999992
139.869415,-8.11333300000001
139.819977,-8.11222099999992
139.752197,-8.11277799999999
139.712463,-8.11416600000001
139.620514,-8.12499999999989
139.601349,-8.13305499999996
139.592285,-8.13798700000001
139.575256,-8.148056
139.564423,-8.15750099999997
139.543854,-8.17111199999994
139.529419,-8.17722300000003
139.507477,-8.18333200000001
139.418304,-8.20361099999997
139.386932,-8.20638799999995
139.366364,-8.20638799999995
139.336914,-8.20444499999996
139.325806,-8.20166599999999
139.316925,-8.19694499999997
139.275818,-8.16972199999998
139.262756,-8.15555599999999
139.256653,-8.148056
139.247192,-8.13638900000001
139.242188,-8.12777699999998
139.238861,-8.11749800000001
139.238281,-8.11138899999992
139.218292,-8.08916699999997
139.084137,-8.14000099999993
138.973572,-8.22055399999994
138.969696,-8.2299999999999
138.963287,-8.25111199999992
138.94635,-8.28861199999994
138.939423,-8.29527899999999
138.935242,-8.29805599999992
138.924408,-8.30138999999991
138.91748,-8.30138999999991
138.911926,-8.29999900000001
138.9086,-8.29666700000001
138.852448,-8.18944399999998
138.848297,-8.18000000000001
138.839966,-8.16083299999997
138.838562,-8.15555599999999
138.83609,-8.13777900000002
138.83609,-8.13111099999998
138.837189,-8.12555499999996
138.843567,-8.11138899999992
138.85025,-8.10472099999993
138.854401,-8.101944
138.904419,-8.040277
138.90387,-8.03416600000003
138.907196,-7.92611099999999
138.909973,-7.915277
138.911926,-7.91055599999993
138.918304,-7.90305499999994
138.926361,-7.89749999999998
138.939972,-7.89083399999998
138.951904,-7.88888900000001
138.962189,-7.88555600000001
138.976349,-7.87944399999992
138.988861,-7.87111099999993
138.994965,-7.86388899999997
139.003052,-7.83805599999999
139.005829,-7.82027799999997
139.005829,-7.80666600000001
139.004425,-7.78777799999995
139.002472,-7.77611199999996
139.003052,-7.76333399999999
139.004425,-7.75777799999992
139.051086,-7.64111100000002
139.055237,-7.63166599999988
139.064148,-7.62
139.071075,-7.61305499999992
139.082733,-7.60444499999994
139.092194,-7.59361199999995
139.094421,-7.58861199999996
139.096344,-7.577223
139.09552,-7.56416599999994
139.093567,-7.55944399999987
139.088013,-7.55138899999997
139.068848,-7.53638799999993
139.040253,-7.52416699999986
139.020264,-7.51666599999999
139.00943,-7.51388899999995
139.003052,-7.51333399999999
138.933868,-7.46361200000001
138.91275,-7.40944499999995
138.899139,-7.38222200000001
138.896362,-7.37805600000002
138.890808,-7.36999999999995
138.881897,-7.35833399999996
138.862732,-7.33666699999992
138.852448,-7.32638899999995
138.844971,-7.32027799999997
138.832458,-7.31222200000002
138.763885,-7.271389
138.70636,-7.24000000000001
138.685791,-7.23333300000002
138.681091,-7.23138899999992
138.67276,-7.22583300000002
138.669434,-7.22250000000003
138.663879,-7.21416699999997
138.661926,-7.20944499999996
138.661102,-7.20333399999998
138.6633,-7.19860999999992
138.671356,-7.193333
138.677765,-7.192499
138.902466,-7.20055600000001
138.934692,-7.20277799999997
138.944977,-7.20611099999996
138.994965,-7.23888899999997
139.00943,-7.24499999999989
139.01886,-7.24888899999996
139.024414,-7.25027799999998
139.036652,-7.25166699999994
139.050537,-7.25166699999994
139.055817,-7.25027799999998
139.093307,-7.24366700000002
139.100296,-7.24233299999992
139.135635,-7.24400000000003
139.164978,-7.24138799999997
139.175812,-7.23888899999997
139.184692,-7.22722199999993
139.222473,-7.16249999999991
139.175812,-7.18305500000002
139.164978,-7.19944399999991
139.15802,-7.20611099999996
139.129196,-7.21011199999998
139.089691,-7.21177799999998
139.042206,-7.21361199999996
138.847473,-7.15388899999999
138.760529,-7.11777799999999
138.74884,-7.10888899999992
138.581635,-6.96138999999999
138.57135,-6.95111200000002
138.566071,-6.94305499999996
138.563873,-6.93805499999996
138.561096,-6.92722200000003
138.560516,-6.92111099999994
138.56192,-6.90888899999987
138.563873,-6.90416699999997
138.569977,-6.89666699999998
138.588562,-6.88249999999994
138.598022,-6.87833299999994
138.644028,-6.87719199999987
138.658997,-6.88190500000002
138.699203,-6.89631999999995
138.718597,-6.89936999999998
138.728867,-6.89964700000002
138.741333,-6.89742899999999
138.757965,-6.88717199999996
138.779037,-6.86804399999994
138.805099,-6.85640000000001
138.887482,-6.84555499999993
138.905823,-6.84361200000001
138.91275,-6.84361200000001
138.929688,-6.84694500000001
138.965515,-6.85916600000002
138.979126,-6.86611099999999
138.987457,-6.87138799999997
138.997742,-6.88166599999994
139.007202,-6.89249999999998
139.020752,-6.907667
139.026596,-6.91416600000002
139.048309,-6.93333200000001
139.072479,-6.95055599999995
139.093567,-6.96333399999992
139.107178,-6.97027800000001
139.121613,-6.97638899999998
139.133331,-6.97833299999996
139.140259,-6.97833299999996
139.18692,-6.97361100000001
139.189423,-6.96944400000001
139.18692,-6.96527800000001
139.183319,-6.96194500000001
139.172485,-6.95916699999992
139.146362,-6.95805499999994
139.12912,-6.95444500000002
139.11969,-6.95055599999995
139.088867,-6.93333200000001
139.076355,-6.92527799999999
139.072479,-6.92194499999999
139.04776,-6.89888999999999
139.038376,-6.88788899999997
139.032196,-6.88172200000002
139.017487,-6.86888899999997
138.986633,-6.85166600000002
138.972473,-6.84555499999993
138.958008,-6.83944400000001
138.937469,-6.83277799999996
138.901093,-6.82805599999995
138.882446,-6.82583299999999
138.788025,-6.77833399999997
138.692749,-6.73000000000002
138.688568,-6.72722199999993
138.681915,-6.72055499999988
138.678314,-6.71027899999996
138.67276,-6.68861099999992
138.666656,-6.66055599999999
138.666656,-6.65499999999992
138.675537,-6.65027800000001
138.685791,-6.64694500000002
138.6922,-6.64638899999994
138.704956,-6.64694500000002
138.67691,-6.60888899999986
138.561096,-6.49249899999995
138.495239,-6.43527699999999
138.481628,-6.42166600000002
138.463287,-6.39916699999998
138.437744,-6.36305499999997
138.408325,-6.29694499999988
138.398041,-6.273056
138.395264,-6.26222199999995
138.389984,-6.23361099999994
138.38858,-6.22138899999999
138.38858,-6.20777800000002
138.392487,-6.19833299999993
138.39386,-6.19277799999992
138.39386,-6.18722199999996
138.392487,-6.18194399999999
138.365234,-6.10138899999998
138.361084,-6.09194500000001
138.325531,-6.02500099999997
138.296051,-5.97277700000001
138.297455,-5.85555599999992
138.280243,-5.85194399999995
138.211609,-5.83166699999998
138.198547,-5.82416699999999
138.18634,-5.81583299999994
138.176056,-5.80555500000003
138.167725,-5.7933329999999
138.180115,-5.76805599999994
138.188782,-5.76022199999994
138.193787,-5.75705599999992
138.256348,-5.72194499999995
138.348541,-5.68416599999989
138.358276,-5.68027799999999
138.356323,-5.67694499999999
138.352142,-5.67416700000001
138.341309,-5.67138899999992
138.314392,-5.67055499999992
138.224091,-5.68416599999989
138.218536,-5.68555499999997
138.208832,-5.68972199999996
138.180054,-5.70299999999992
138.173889,-5.70899999999995
138.170227,-5.71366599999993
138.166046,-5.71766599999995
138.163559,-5.71933299999995
138.157059,-5.72099999999995
138.089111,-5.73944399999993
138.082703,-5.74027699999994
138.077423,-5.73888899999992
138.070496,-5.73194399999994
138.068542,-5.72722199999998
138.056885,-5.67055499999992
138.054108,-5.65277799999996
138.052734,-5.62694499999992
138.052765,-5.59972199999999
138.054688,-5.58138899999994
138.065796,-5.516389
138.073303,-5.43805500000002
138.073303,-5.42444399999994
138.070526,-5.413611
138.067749,-5.40944500000001
138.064423,-5.40611100000001
138.058319,-5.40666699999991
138.043854,-5.44027699999992
138.036377,-5.45999999999998
137.948578,-5.42722200000003
137.778046,-5.31472200000002
137.75,-5.28055599999993
137.66275,-5.22388899999999
137.608582,-5.20944500000002
137.594971,-5.20277800000002
137.574982,-5.188333
137.570251,-5.17944399999999
137.570251,-5.17388899999992
137.577759,-5.167778
137.593567,-5.15555599999988
137.521088,-5.15555599999988
137.515533,-5.15416699999997
137.409149,-5.1058329999999
137.364136,-5.07583299999999
137.304413,-5.03000099999997
137.26886,-4.98694399999999
137.227753,-4.99916599999989
137.225525,-5.00416799999994
137.222748,-5.00805599999995
137.218842,-5.01083399999993
137.213867,-5.01305600000001
137.207733,-5.01222200000001
137.003601,-4.95416699999998
136.825531,-4.93111099999993
136.819977,-4.92972200000003
136.811646,-4.92416699999995
136.804688,-4.91749999999996
136.799988,-4.90861100000001
136.798584,-4.90305499999994
136.631622,-4.828056
136.525269,-4.77055499999989
136.50415,-4.75750099999999
136.5,-4.755
136.359955,-4.68305500000002
136.316376,-4.68305500000002
136.261383,-4.68444399999998
136.255249,-4.68388800000002
136.168304,-4.6502779999999
136.037476,-4.59500000000003
136.033325,-4.59222199999994
136.014709,-4.57666699999999
136.007751,-4.56972200000001
136.005249,-4.565833
135.992188,-4.54444399999988
135.972198,-4.51638899999995
135.963287,-4.51166699999993
135.928314,-4.49860999999999
135.897491,-4.49527699999999
135.801086,-4.49194399999999
135.765259,-4.49611099999998
135.737183,-4.500834
135.724121,-4.50138999999996
135.650269,-4.48916600000001
135.639984,-4.48583300000001
135.61554,-4.47569199999992
135.521912,-4.456389
135.425537,-4.43666599999995
135.376068,-4.44055600000002
135.341919,-4.44333299999994
135.329407,-4.44472200000001
135.289154,-4.45083299999999
135.2836,-4.452223
135.269135,-4.45833399999998
135.261108,-4.46388899999999
135.256104,-4.46583399999997
135.244415,-4.46805599999988
135.232178,-4.46666599999998
135.204681,-4.459723
135.176636,-4.44694399999992
135.08551,-4.40027800000001
135.072479,-4.39277799999996
134.962738,-4.32444500000003
134.803314,-4.25750099999999
134.799133,-4.25472300000001
134.740784,-4.21027900000001
134.648865,-4.12972199999996
134.643585,-4.12138799999997
134.642212,-4.11611099999999
134.641357,-4.11000000000001
134.676361,-3.97583299999997
134.683868,-3.94916599999993
134.694977,-3.93972199999996
134.705231,-3.93638799999997
134.711914,-3.93638799999997
134.853302,-3.95416699999998
134.883331,-3.96499999999997
134.901093,-3.97527699999995
134.910797,-3.97944399999994
134.916382,-3.98083300000002
134.92804,-3.98138899999992
134.936096,-3.97583299999997
134.968292,-3.95333299999993
134.97052,-3.94861100000003
134.969696,-3.94249999999994
134.965515,-3.93972199999996
134.900543,-3.92944399999999
134.764984,-3.918611
134.707184,-3.91583300000002
134.675812,-3.914444
134.670258,-3.91583300000002
134.627747,-3.94722200000001
134.620239,-3.95416699999998
134.614685,-3.962222
134.609131,-3.98416700000001
134.607178,-3.995833
134.605225,-4.0005559999999
134.599701,-4.00888899999995
134.59552,-4.01138999999995
134.574402,-4.01777800000002
134.521637,-4.02638899999999
134.467468,-3.94777800000003
134.433044,-3.913611
134.419434,-3.90833300000003
134.413879,-3.90694400000001
134.366058,-3.89722299999994
134.358582,-3.90750000000003
134.348846,-3.94861100000003
134.339966,-3.99166700000001
134.30304,-4.01083399999987
134.21579,-3.96305599999999
134.208313,-3.95694400000002
134.185791,-3.93833299999994
134.179688,-3.93083299999989
134.162476,-3.89305499999989
134.165802,-3.86249999999995
134.186371,-3.84888899999999
134.192749,-3.84138899999999
134.193848,-3.83583299999992
134.193298,-3.82972199999995
134.191345,-3.82472199999995
134.175537,-3.79277799999994
134.167206,-3.78027799999995
134.160522,-3.7736109999999
134.141357,-3.75861099999992
134.133026,-3.75305600000002
134.128296,-3.75111199999992
134.122742,-3.75249999999994
134.034424,-3.79944499999999
134.026093,-3.80500000000001
133.924683,-3.75027799999987
133.837738,-3.59083299999998
133.834137,-3.58749999999998
133.828857,-3.58888899999999
133.80191,-3.60333300000002
133.798584,-3.60666700000002
133.796631,-3.61138899999992
133.795807,-3.61750000000001
133.795807,-3.62444399999998
133.799988,-3.65472199999999
133.804138,-3.67111099999994
133.778595,-3.67722199999986
133.743011,-3.66083299999997
133.707458,-3.63194399999998
133.64386,-3.50611099999998
133.637482,-3.49166700000001
133.636108,-3.48638899999986
133.635529,-3.47333299999997
133.638306,-3.46249999999998
133.641663,-3.458889
133.65802,-3.44805499999995
133.669128,-3.44527799999997
133.686096,-3.43444399999998
133.693024,-3.42750000000001
133.695801,-3.42333400000001
133.699127,-3.41305499999993
133.699982,-3.40027799999996
133.701752,-3.35127799999998
133.69426,-3.29877799999997
133.68808,-3.2802779999999
133.68692,-3.27327799999989
133.68808,-3.25894499999987
133.689758,-3.25644399999999
133.713013,-3.19277799999992
133.782745,-3.13277799999997
133.848572,-3.08805599999999
133.857452,-3.08333299999998
133.863007,-3.08194400000002
133.86441,-3.05611099999999
133.862183,-3.00749999999999
133.828857,-2.96166699999992
133.731354,-3.05055599999997
133.712189,-3.07249999999993
133.666931,-3.12444399999998
133.658875,-3.13666699999987
133.654694,-3.14638899999994
133.65332,-3.15166699999992
133.651917,-3.15722199999999
133.651917,-3.16416599999997
133.640305,-3.290167
133.644806,-3.32249999999999
133.644806,-3.36366699999996
133.64447,-3.36733299999997
133.642914,-3.41112700000002
133.605103,-3.41878800000001
133.570007,-3.438312
133.543823,-3.460555
133.566299,-3.481809
133.589783,-3.53444999999999
133.58551,-3.56833399999999
133.577179,-3.580556
133.570526,-3.58749999999998
133.536102,-3.60944499999999
133.488281,-3.64361100000002
133.409973,-3.71611100000001
133.399139,-3.73250000000002
133.394989,-3.74222199999997
133.39444,-3.74833299999995
133.394989,-3.75444499999992
133.405243,-3.79944499999999
133.407196,-3.80444399999999
133.409424,-3.809166
133.415527,-3.816667
133.434143,-3.82555599999995
133.44165,-3.83166699999992
133.444427,-3.83583299999992
133.449127,-3.84472199999999
133.452454,-3.85499999999996
133.453308,-3.86111099999994
133.452454,-3.86722200000003
133.449707,-3.87138900000002
133.316071,-4.01138999999995
133.309418,-4.01833299999993
133.251099,-4.06972200000001
133.246918,-4.07222300000001
133.237457,-4.07638900000001
133.226349,-4.07916699999998
133.199707,-4.079722
133.096924,-4.06889000000001
133.070251,-4.06138900000002
133.064148,-4.06083299999995
133.051086,-4.06138900000002
133.045532,-4.06277799999992
133.035797,-4.06694499999992
133.02832,-4.07305600000001
133.024994,-4.07638900000001
132.990784,-4.11749900000001
132.983856,-4.11749900000001
132.914703,-4.09888899999993
132.909698,-4.09694500000001
132.901642,-4.09138899999994
132.898865,-4.08750099999997
132.847473,-4.00999999999999
132.809692,-3.93277799999998
132.813293,-3.93638799999997
132.8172,-3.93888899999996
132.822754,-3.93777799999998
132.82608,-3.93416599999995
132.827454,-3.92861099999999
132.827454,-3.92333400000001
132.818024,-3.89194399999997
132.814697,-3.88166699999999
132.781097,-3.79055599999992
132.750824,-3.71833299999992
132.783051,-3.63277799999997
132.88916,-3.59444399999995
132.919983,-3.57055600000001
132.923584,-3.56694499999992
132.926361,-3.56305600000002
132.927765,-3.55749999999995
132.926361,-3.55194399999999
132.886658,-3.47527699999989
132.883881,-3.47138899999999
132.879669,-3.46861100000001
132.869415,-3.46499999999997
132.864685,-3.46722199999999
132.856354,-3.47277699999989
132.853027,-3.47611099999995
132.847473,-3.47611099999995
132.843292,-3.47333299999997
132.822754,-3.45277800000002
132.801636,-3.378333
132.800812,-3.37361099999993
132.801636,-3.36722200000003
132.807739,-3.35305499999998
132.812469,-3.34388899999999
132.818024,-3.33583299999992
132.82135,-3.32555599999995
132.822205,-3.31944499999997
132.819977,-3.30777799999998
132.818024,-3.30305499999992
132.800262,-3.27972199999999
132.792755,-3.27361100000002
132.78775,-3.271389
132.769989,-3.268889
132.763031,-3.268889
132.733582,-3.2811109999999
132.730255,-3.28444499999995
132.728302,-3.28944399999995
132.727448,-3.29555599999992
132.731079,-3.3125
132.731628,-3.33249999999992
132.729675,-3.33722199999994
132.722198,-3.34333299999992
132.711914,-3.34694400000001
132.70636,-3.34694400000001
132.696625,-3.34277800000001
132.665802,-3.32694500000002
132.661652,-3.32416699999999
132.654968,-3.3175
132.598022,-3.24138899999997
132.596069,-3.23666700000001
132.596619,-3.23055599999992
132.592468,-3.18527699999993
132.556915,-3.11694399999999
132.546631,-3.10666700000002
132.46579,-3.04500000000002
132.449982,-3.03333300000003
132.315796,-2.95138899999995
132.273315,-2.93888899999996
132.261658,-2.93694399999998
132.241058,-2.93694399999998
132.190247,-2.93888899999996
132.181366,-2.94388899999996
132.094971,-2.96694400000001
132.089691,-2.96833299999992
132.082733,-2.96833299999992
132.078033,-2.96638899999999
131.959412,-2.79249999999996
131.956635,-2.78833299999997
131.955811,-2.78361100000001
131.967468,-2.774722
132.128571,-2.69722200000001
132.138306,-2.693333
132.149139,-2.69055600000002
132.194977,-2.68027799999987
132.207458,-2.67888900000003
132.221069,-2.67888900000003
132.317749,-2.68222200000002
132.508331,-2.69944400000003
132.513885,-2.70083299999999
132.569977,-2.71583299999998
132.574677,-2.71805499999988
132.587738,-2.72555499999993
132.618011,-2.74333300000001
132.63858,-2.75694499999997
132.645264,-2.76361100000003
132.647491,-2.76861100000002
132.655548,-2.78083299999997
132.665802,-2.79111099999994
132.700256,-2.8125
132.71051,-2.815833
132.722748,-2.81722300000001
132.733582,-2.81361099999998
132.738556,-2.81111099999993
132.789978,-2.77333399999992
132.832458,-2.74055599999997
132.842529,-2.73047399999996
132.893311,-2.66305499999999
132.944702,-2.59472199999999
132.968842,-2.55694399999999
132.976898,-2.54472299999992
132.983032,-2.53722199999993
133.015259,-2.50027799999992
133.022217,-2.49333299999995
133.034698,-2.48527799999988
133.079132,-2.46055599999994
133.105804,-2.44611099999997
133.157745,-2.42972200000003
133.238861,-2.41611099999994
133.244965,-2.41666700000002
133.249695,-2.41861099999994
133.300537,-2.443333
133.309418,-2.44805499999995
133.384155,-2.51999999999998
133.387482,-2.52361099999996
133.506104,-2.56583299999994
133.547211,-2.56333399999994
133.604675,-2.538611
133.64859,-2.54388899999992
133.673859,-2.57333399999993
133.676636,-2.57749999999993
133.67804,-2.583055
133.67804,-2.58999999999997
133.672485,-2.63916699999999
133.678589,-2.71805499999988
133.684143,-2.71638899999988
133.688293,-2.71388899999988
133.690247,-2.70916699999998
133.693024,-2.69805500000001
133.711639,-2.55166700000001
133.709412,-2.54000000000002
133.705231,-2.53027799999995
133.704132,-2.52499999999998
133.704681,-2.51861099999996
133.706635,-2.51388900000001
133.719696,-2.51333399999999
133.730804,-2.51583299999999
133.739136,-2.52138899999989
133.742462,-2.52499999999998
133.748016,-2.53305499999993
133.7836,-2.60027799999995
133.800812,-2.64749999999992
133.806091,-2.65555499999994
133.816376,-2.65916600000003
133.822479,-2.58444500000002
133.822479,-2.55694399999999
133.82135,-2.54472299999992
133.819977,-2.53916700000002
133.804138,-2.49527799999993
133.781647,-2.481111
133.840515,-2.42500000000001
133.860229,-2.41750000000002
133.914429,-2.38944400000003
133.955536,-2.32916699999998
133.958313,-2.23472199999992
133.956085,-2.22305499999987
133.950806,-2.20777799999991
133.946625,-2.20777799999991
133.945251,-2.21333399999997
133.924133,-2.27166699999992
133.839142,-2.30027799999993
133.82663,-2.30166699999995
133.821899,-2.29972199999997
133.817749,-2.29611099999988
133.798035,-2.27499999999992
133.7883,-2.26416699999993
133.78775,-2.25777799999997
133.788879,-2.2525
133.795258,-2.24472199999991
133.809692,-2.23861099999999
133.834961,-2.22972199999992
133.910248,-2.20027800000003
133.914429,-2.19749999999993
133.944427,-2.17305599999997
133.947205,-2.16888899999998
133.939148,-2.10722299999998
133.936371,-2.10305499999998
133.930817,-2.10305499999998
133.876068,-2.11416700000001
133.764984,-2.1716669999999
133.647766,-2.23583300000001
133.64386,-2.23861099999999
133.546356,-2.24611099999998
133.539429,-2.24611099999998
133.440796,-2.24000000000001
133.436096,-2.23805599999992
133.419708,-2.22694399999995
133.400543,-2.21888899999999
133.29776,-2.20111100000003
133.204407,-2.21333399999997
133.198303,-2.21416699999997
133.088562,-2.248333
132.974121,-2.28472199999999
132.963867,-2.28805599999998
132.91803,-2.28722199999999
132.911926,-2.28666699999997
132.900818,-2.28388899999999
132.887207,-2.27694500000001
132.874969,-2.26888899999994
132.857178,-2.25916699999988
132.833038,-2.24888899999996
132.820801,-2.2475
132.814697,-2.248333
132.792755,-2.25388899999996
132.783051,-2.25777799999997
132.76944,-2.26472199999995
132.689972,-2.30861099999993
132.679688,-2.30499999999995
132.63916,-2.28388899999999
132.628845,-2.27361100000002
132.627441,-2.26805499999995
132.626068,-2.25583399999988
132.621887,-2.23944399999999
132.615784,-2.22500000000002
132.60495,-2.20861099999991
132.598846,-2.20111100000003
132.591919,-2.19416699999994
132.582184,-2.18999999999994
132.57608,-2.18944399999987
132.569977,-2.18999999999994
132.548035,-2.19555500000001
132.531647,-2.19972200000001
132.515259,-2.203889
132.46637,-2.21666599999998
132.456085,-2.22027799999995
132.441925,-2.22638799999987
132.428864,-2.23388899999992
132.408325,-2.2475
132.401367,-2.25444499999998
132.393036,-2.25999999999988
132.376617,-2.26416699999993
132.337463,-2.273056
132.324677,-2.27361100000002
132.318298,-2.273056
132.301361,-2.26944400000002
132.296631,-2.26749999999993
132.284149,-2.25916699999988
132.270538,-2.24555499999991
132.156097,-2.15166699999986
132.144989,-2.14888899999994
132.111359,-2.13583299999999
132.103302,-2.13055600000001
132.04303,-2.08749999999992
132.039429,-2.083889
131.971619,-1.96749999999992
131.936096,-1.88805600000001
131.931915,-1.87861099999998
131.930542,-1.87305499999997
131.927185,-1.81055600000002
131.969696,-1.76416699999987
131.973022,-1.76055599999995
131.956635,-1.708055
131.882446,-1.642222
131.805237,-1.60777799999988
131.723022,-1.58194400000002
131.714142,-1.57722199999995
131.707184,-1.57027799999997
131.703857,-1.56
131.704407,-1.54694499999994
131.705811,-1.54138899999992
131.59079,-1.4908329999999
131.576355,-1.48472199999998
131.27887,-1.37916699999988
131.274139,-1.38111099999998
131.271362,-1.38527800000003
131.271912,-1.39138899999995
131.274139,-1.396389
131.2836,-1.40722199999999
131.298035,-1.42027799999994
131.314423,-1.43111099999993
131.328857,-1.43722200000002
131.333038,-1.44
131.336365,-1.45027799999997
131.333038,-1.46055599999994
131.315247,-1.477778
131.300262,-1.4899999999999
131.28775,-1.49833299999995
131.207733,-1.52722199999999
131.184967,-1.4874999999999
131.179413,-1.47916700000002
131.175537,-1.47638899999993
131.146088,-1.46472199999994
131.111084,-1.45166699999999
131.099976,-1.44888900000001
131.093842,-1.44833299999999
131.087738,-1.44888900000001
131.052185,-1.45444399999997
131.046631,-1.45583299999998
130.963593,-1.40305499999999
131.011658,-1.334722
131.035095,-1.27487999999988
131.056091,-1.24694399999993
131.063019,-1.24000000000001
131.0672,-1.23722199999986
131.072754,-1.23583299999996
131.079407,-1.23583299999996
131.096619,-1.23944399999993
131.102753,-1.23861099999993
131.154968,-1.22916699999996
131.165802,-1.22638899999998
131.178864,-1.21888899999999
131.184418,-1.210556
131.24884,-1.09694500000001
131.252777,-1.08722199999994
131.285797,-0.921388999999976
131.286377,-0.915278000000001
131.284973,-0.909721999999988
131.27832,-0.903055999999992
131.255554,-0.822778000000028
131.419983,-0.761110999999971
131.430267,-0.757777999999973
131.510529,-0.734999999999957
131.516083,-0.733610999999883
131.529144,-0.733054999999979
131.533875,-0.734999999999957
131.537201,-0.738610999999935
131.539429,-0.74333299999995
131.538574,-0.749443999999926
131.577759,-0.762499999999989
131.774994,-0.726111000000003
131.80246,-0.71944400000001
131.833313,-0.709166999999923
131.863281,-0.698055999999951
131.873016,-0.693888999999956
131.883881,-0.684443999999985
131.890259,-0.670000000000016
131.892761,-0.658888999999874
131.894989,-0.654166999999973
131.897766,-0.650277999999958
131.918304,-0.622777999999869
132.101349,-0.470000000000027
132.105225,-0.467221999999879
132.109406,-0.464443999999958
132.160248,-0.432222000000024
132.177185,-0.421943999999996
132.19165,-0.415833000000021
132.269714,-0.384166999999991
132.42276,-0.346666999999968
132.434143,-0.34444400000001
132.562469,-0.354166999999961
132.71051,-0.366389000000026
132.71579,-0.36777799999993
132.743835,-0.387777999999969
132.819427,-0.421943999999996
132.873566,-0.443332999999939
133.111908,-0.536388999999986
