"V1","V2"
-95.488892,69.5655360000001
-95.4524989999999,69.550262
-95.375549,69.5177610000001
-95.366104,69.5136110000001
-95.359726,69.509155
-95.362213,69.498871
-95.402496,69.383331
-95.515839,69.3308260000001
-95.527222,69.327484
-95.539719,69.3252719999999
-95.6063839999999,69.3191530000001
-95.62027,69.318604
-95.6341709999999,69.3183290000001
-95.69249,69.3191530000001
-95.706955,69.3194429999999
-95.722778,69.3208310000001
-95.736938,69.3244320000001
-95.741104,69.329163
-95.7416689999999,69.334717
-95.7316739999999,69.373032
-95.7277829999999,69.3785859999999
-95.716949,69.3827509999999
-95.693878,69.389435
-95.669159,69.39415
-95.657776,69.3972170000001
-95.648346,69.4033200000001
-95.666397,69.497757
-95.669159,69.5074920000001
-95.694443,69.540268
-95.7080539999999,69.5488740000001
-95.720001,69.552765
-95.7366639999999,69.5549770000001
-95.815826,69.562759
-95.8274989999999,69.559708
-95.83168,69.5541530000001
-95.822784,69.514435
-95.8175049999999,69.50499
-95.809433,69.495529
-95.797226,69.481659
-95.862213,69.348038
-95.872223,69.3427580000001
-95.899445,69.3408200000001
-95.96167,69.346375
-95.978882,69.3494260000001
-95.990829,69.3533170000001
-96.0111239999999,69.4780430000001
-96.009735,69.4830470000001
-95.919998,69.595261
-95.909164,69.599426
-95.7894439999999,69.6341550000001
-95.7738949999999,69.6327510000001
-95.6255489999999,69.6160890000001
-95.6122129999999,69.614426
-95.488892,69.5655360000001
