"V1","V2"
50.2722170000001,-46.131393
50.2624970000001,-46.13195
50.203049,-46.116112
50.190552,-46.111115
50.185272,-46.108063
50.1816640000001,-46.1033399999999
50.1766660000001,-46.092781
50.174721,-46.08667
50.174164,-46.0797269999999
50.174721,-46.067505
50.1769410000001,-46.0625
50.1805500000001,-46.05806
50.195,-46.053894
50.2613830000001,-46.0461119999999
50.2686079999999,-46.0477829999999
50.273888,-46.050835
50.2974930000001,-46.0838929999999
50.29805,-46.089447
50.2966610000001,-46.101112
50.293884,-46.112228
50.2913820000001,-46.117226
50.2844390000001,-46.125839
50.2722170000001,-46.131393
