"V1","V2"
59.422218,79.920258
59.3647160000001,79.914429
59.213051,79.9238740000001
59.184715,79.92804
59.1747130000001,79.933319
59.195541,79.9405360000001
59.1977690000001,79.9466400000001
59.1819379999999,79.9513850000001
59.159714,79.9561
59.080551,79.969437
59.052216,79.973877
59.019714,79.9766540000001
58.9094310000001,79.981094
58.8811040000001,79.98526
58.7996830000001,80.006699
58.763054,80.016937
58.7591629999999,80.022766
58.7613830000001,80.02887
58.7758260000001,80.035538
58.800545,80.0405430000001
58.905823,80.0572050000001
58.9324950000001,80.0610960000001
59.015274,80.071381
59.3244400000001,80.109421
59.353607,80.112198
59.4508290000001,80.1149900000001
59.553879,80.1113740000001
59.7872160000001,80.0885930000001
59.8091580000001,80.084152
59.825272,80.078873
59.8447110000001,80.0683290000001
59.86055,79.9877619999999
59.743324,79.9591520000001
59.718323,79.9541630000001
59.691376,79.950272
59.633881,79.944977
59.54361,79.9385829999999
59.4308240000001,79.926376
59.422218,79.920258
