"V1","V2"
122.123436,13.404103
122.127968,13.3905020000001
122.143951,13.3905020000001
122.151093,13.371943
122.055817,13.238609
122.030899,13.2008210000001
122.027481,13.1991650000001
122.003326,13.202221
121.995819,13.204443
121.983597,13.209997
121.869141,13.2824990000001
121.866928,13.285555
121.837196,13.3347210000001
121.82666,13.373886
121.815811,13.433887
121.813309,13.448608
121.814148,13.453053
121.818604,13.4611090000001
121.87442,13.5413880000001
122.009163,13.545277
122.012497,13.544165
122.035812,13.5308319999999
122.109421,13.4766640000001
122.125526,13.458609
122.127762,13.454165
122.129402,13.4401360000001
122.120567,13.424864
122.123436,13.404103
