"V1","V2"
167.347198,-13.56139
167.341339,-13.5625
167.313873,-13.5544449999999
167.30304,-13.544167
167.299713,-13.540556
167.293304,-13.52639
167.292755,-13.513613
167.294434,-13.5083349999999
167.297485,-13.5041679999999
167.312744,-13.49111
167.322205,-13.486944
167.328857,-13.4863869999999
167.348572,-13.489166
167.353577,-13.491388
167.356903,-13.494999
167.369415,-13.525002
167.371063,-13.530001
167.367737,-13.540834
167.365234,-13.545834
167.358856,-13.5536119999999
167.356079,-13.556389
167.347198,-13.56139
