"V1","V2"
-130.091095,53.569443
-130.098328,53.5669400000001
-130.107758,53.567497
-130.148621,53.5719380000001
-130.218872,53.5872120000001
-130.228333,53.589432
-130.329163,53.61805
-130.342499,53.62471
-130.390289,53.669991
-130.403351,53.6824950000001
-130.391113,53.6994320000001
-130.298889,53.7969440000001
-130.28363,53.7983320000001
-130.271942,53.7977750000001
-130.261688,53.796387
-130.246643,53.7902760000001
-130.233307,53.783607
-130.119446,53.686653
-130.117218,53.681938
-130.091095,53.569443
