"V1","V2"
58.010551,80.641098
58.021378,80.6358179999999
58.034996,80.6191410000001
58.03138,80.6072080000001
57.923882,80.562195
57.900543,80.556366
57.8708270000001,80.5533140000001
57.8022160000001,80.551926
57.5280460000001,80.5474850000001
57.489433,80.5488740000001
57.2647170000001,80.583054
57.240547,80.587494
57.2180480000001,80.598038
57.213051,80.603592
57.2294309999999,80.609146
57.257217,80.6133120000001
57.282707,80.6147310000001
57.314713,80.618317
57.369987,80.6260830000001
57.384438,80.633041
57.3924940000001,80.6391600000001
57.4161000000001,80.641937
57.6022190000001,80.639435
57.84388,80.641373
57.975822,80.6438750000001
58.010551,80.641098
