"V1","V2"
153.451355,-27.729164
153.406921,-27.73111
153.399414,-27.730278
153.396362,-27.726665
153.391663,-27.711666
153.389435,-27.699997
153.389435,-27.693054
153.395264,-27.6113889999999
153.396942,-27.599167
153.408325,-27.521114
153.433594,-27.4161109999999
153.472198,-27.407501
153.538574,-27.416664
153.543304,-27.4194449999999
153.540802,-27.43111
153.525269,-27.465275
153.511932,-27.49472
153.48996,-27.565277
153.474976,-27.6138879999999
153.465515,-27.6530529999999
153.460785,-27.683056
153.460785,-27.6899989999999
153.457458,-27.720833
153.455811,-27.7263869999999
153.451355,-27.729164
