"V1","V2"
20.8330539999999,79.054153
20.7238850000001,79.017761
20.707218,79.0141600000001
20.4972150000001,79.0083310000001
20.417774,78.996094
20.371941,78.991653
20.342495,78.9908140000001
20.2905540000001,79.007767
20.262497,79.0158230000001
20.2386050000001,79.018326
20.2061039999999,79.018326
20.138329,79.0205380000001
20.058331,79.0330509999999
20.0461080000001,79.037491
20.049164,79.0427549999999
20.097218,79.1177520000001
20.117218,79.120819
20.140274,79.123032
20.199718,79.1246950000001
20.4969409999999,79.113876
20.7058300000001,79.09082
20.7258260000001,79.0874940000001
20.74194,79.0838780000001
20.78944,79.0724950000001
20.8291630000001,79.0597080000001
20.8330539999999,79.054153
