"V1","V2"
-64.572235,11.805555
-64.578613,11.8049980000001
-64.634735,11.819443
-64.6397249999999,11.821665
-64.6438899999999,11.82472
-64.6441799999999,11.830832
-64.6438899999999,11.841665
-64.6400149999999,11.8505550000001
-64.615005,11.895555
-64.609451,11.8974990000001
-64.595001,11.8908330000001
-64.58667,11.8849979999999
-64.5675049999999,11.869165
-64.558334,11.8577770000001
-64.553619,11.848888
-64.551392,11.8377760000001
-64.550568,11.8252770000001
-64.558624,11.812498
-64.572235,11.805555
