"V1","V2"
-105.089447,73.73526
-104.960281,73.6885829999999
-104.843063,73.6508180000001
-104.711403,73.6308139999999
-104.691673,73.628311
-104.675003,73.6249850000001
-104.580841,73.6002660000001
-104.530563,73.5813749999999
-104.513062,73.573044
-104.494453,73.5594180000001
-104.49028,73.554703
-104.485283,73.5447080000001
-104.483063,73.5344240000001
-104.512787,73.4930420000001
-104.555832,73.40332
-104.566391,73.3347170000001
-104.568336,73.3291630000001
-104.573334,73.3230440000001
-104.58139,73.3166660000001
-104.601936,73.306366
-104.64917,73.2808230000001
-104.694992,73.252213
-104.76001,73.203873
-104.765007,73.197754
-104.763901,73.1924740000001
-104.794159,73.168045
-104.868057,73.1366580000001
-104.975563,73.0852660000001
-104.983322,73.078873
-104.988052,73.073044
-104.983887,73.0680540000001
-104.977493,73.05304
-104.973618,73.0316620000001
-104.978607,73.0255430000001
-104.984734,73.020538
-104.99527,73.015823
-105.031677,73.0041660000001
-105.075012,72.9972080000001
-105.088333,72.9941410000001
-105.136398,72.978867
-105.146957,72.974152
-105.22583,72.9330440000001
-105.303047,72.951096
-105.319168,72.9541630000001
-105.339722,72.955551
-105.354446,72.9533230000001
-105.35611,72.947754
-105.33139,72.9105380000001
-105.324173,72.906097
-105.279449,72.8855439999999
-105.253616,72.878586
-105.237503,72.875534
-105.211403,72.868591
-105.204178,72.864151
-105.262222,72.8486020000001
-105.275558,72.845535
-105.289993,72.847763
-105.383057,72.8666530000001
-105.436111,72.8966520000001
-105.443329,72.9010930000001
-105.456123,72.915268
-105.458618,72.925537
-105.456947,72.931366
-105.458344,72.9363710000001
-105.462509,72.94136
-105.574722,72.9844210000001
-105.732773,73.04776
-105.913887,73.1455380000001
-105.946381,73.160263
-106.092499,73.1997069999999
-106.081947,73.241089
-106.321953,73.3388820000001
-106.447769,73.3930510000001
-106.455566,73.397491
-106.46611,73.4013820000001
-106.720284,73.4499970000001
-106.881378,73.4633180000001
-106.898064,73.4619290000001
-106.916107,73.4613800000001
-106.9375,73.4624940000001
-107,73.469711
-107.016953,73.4727630000001
-107.027496,73.476379
-107.035553,73.4808200000001
-107.034157,73.4863740000001
-107.025833,73.4985960000001
-107.018341,73.5049900000001
-107.009743,73.5105440000001
-106.971123,73.531662
-106.929443,73.5505370000001
-106.893341,73.562485
-106.74527,73.6480410000001
-106.700287,73.6760859999999
-106.658051,73.6952510000001
-106.645844,73.699142
-106.618332,73.705261
-106.572243,73.711929
-106.327217,73.7266540000001
-106.185547,73.7335970000001
-106.039169,73.731369
-105.800552,73.726929
-105.726669,73.728592
-105.680283,73.7349850000001
-105.666397,73.7377619999999
-105.637787,73.744431
-105.612778,73.752213
-105.584732,73.758041
-105.569458,73.7602690000001
-105.535278,73.762772
-105.516663,73.7633210000001
-105.303879,73.762207
-105.28389,73.761658
-105.169998,73.755554
-105.148621,73.7541660000001
-105.107498,73.743591
-105.089447,73.73526
