"V1","V2"
-136.437225,57.8463820000001
-136.446655,57.8452680000001
-136.532776,57.918053
-136.546661,57.9608230000001
-136.556122,58.013885
-136.554993,58.0202710000001
-136.544159,58.0622100000001
-136.539459,58.0672150000001
-136.491943,58.0905460000001
-136.484436,58.0933230000001
-136.473602,58.0936050000001
-136.454437,58.0886
-136.391388,58.0469440000001
-136.340546,58.0183260000001
-136.330566,58.0102770000001
-136.330292,58.004715
-136.354462,58.0008540000001
-136.375977,57.9840510000001
-136.385437,57.956745
-136.38028,57.914711
-136.415833,57.8641589999999
-136.425018,57.854164
-136.437225,57.8463820000001
