"V1","V2"
-79.881943,56.7436070000001
-79.888611,56.7411040000001
-79.904724,56.7416610000001
-79.923889,56.751389
-79.930832,56.7549970000001
-79.941101,56.763611
-79.9444429999999,56.7677690000001
-79.9474949999999,56.7733230000001
-79.9572299999999,56.799164
-79.9588929999999,56.8052670000001
-79.958618,56.811378
-79.9547269999999,56.8236079999999
-79.945831,56.833603
-79.9191589999999,56.8583300000001
-79.915009,56.861382
-79.865829,56.8661040000001
-79.858047,56.8658290000001
-79.843887,56.8583300000001
-79.8344419999999,56.852493
-79.8194579999999,56.840271
-79.816391,56.835548
-79.8147129999999,56.829163
-79.813614,56.81694
-79.833893,56.79361
-79.838058,56.788887
-79.8722229999999,56.75222
-79.876663,56.7477720000001
-79.881943,56.7436070000001
