"V1","V2"
124.463882,12.520832
124.652771,12.504166
124.729156,12.5122200000001
124.752213,12.514999
124.867752,12.530832
124.873306,12.535831
124.887772,12.553053
124.889709,12.5566650000001
125.041656,12.5344430000001
125.076393,12.53722
125.078598,12.538332
125.079987,12.544998
125.080833,12.55722
125.101379,12.5719429999999
125.143051,12.576942
125.153587,12.576109
125.171097,12.566109
125.185532,12.556108
125.229156,12.525
125.296944,12.457499
125.319153,12.414999
125.30748,12.3947220000001
125.293587,12.353052
125.29332,12.3502750000001
125.29248,12.3344420000001
125.293587,12.3008310000001
125.294983,12.295553
125.297638,12.290682
125.299988,12.2869430000001
125.325546,12.272221
125.333603,12.2677760000001
125.340553,12.2658329999999
125.347763,12.2669430000001
125.363876,12.284443
125.36499,12.286386
125.389977,12.290276
125.442467,12.2688880000001
125.449142,12.264166
125.459152,12.254721
125.504707,12.2049980000001
125.515823,12.17111
125.47998,12.16222
125.44693,12.128885
125.445534,12.126942
125.444687,12.1227740000001
125.444962,12.113331
125.446907,12.10722
125.449127,12.102221
125.521927,12.0597210000001
125.52388,12.058054
125.523323,12.055832
125.516388,12.048887
125.498596,12.0311110000001
125.484154,12.0197200000001
125.473312,12.009998
125.452766,11.9911080000001
125.436096,11.9536090000001
125.429153,11.911665
125.428864,11.894722
125.443039,11.8266640000001
125.453323,11.6555539999999
125.445824,11.6152739999999
125.445534,11.610554
125.450272,11.5902750000001
125.52832,11.449999
125.558594,11.4094430000001
125.564423,11.4027770000001
125.57222,11.395277
125.584152,11.3961110000001
125.586647,11.3972210000001
125.59082,11.3969440000001
125.594147,11.3947220000001
125.632477,11.365274
125.641098,11.3538859999999
125.64444,11.34333
125.636108,11.323332
125.61998,11.301388
125.617203,11.2983320000001
125.603317,11.290276
125.580833,11.283333
125.57193,11.2783319999999
125.552467,11.258888
125.547211,11.2519440000001
125.54583,11.25
125.541092,11.24333
125.535538,11.2266640000001
125.533867,11.19611
125.534149,11.1947210000001
125.541656,11.1874980000001
125.558319,11.18111
125.589432,11.1794430000001
125.607758,11.186943
125.608871,11.1980530000001
125.592484,11.2163870000001
125.589432,11.220276
125.589432,11.222498
125.59082,11.2249980000001
125.595543,11.228886
125.598038,11.2291640000001
125.603867,11.227221
125.615257,11.2216640000001
125.662201,11.1963860000001
125.666931,11.1924969999999
125.684708,11.1674980000001
125.746933,11.0663870000001
125.759163,11.0441650000001
125.763046,11.0344430000001
125.763611,11.0266650000001
125.762497,11.0163880000001
125.760269,11.0116650000001
125.751099,11.008888
125.739967,11.012499
125.733597,11.015554
125.71582,11.0308320000001
125.694138,11.061665
125.679703,11.0863860000001
125.689148,11.1077750000001
125.665268,11.13361
125.663597,11.1349980000001
125.569992,11.146111
125.536377,11.146666
125.527771,11.1441650000001
125.524429,11.1430550000001
125.521378,11.141388
125.518883,11.137777
125.517761,11.1338880000001
125.515549,11.1202749999999
125.462486,11.0986080000001
125.26944,11.128054
125.195251,11.180277
125.169983,11.249165
125.166382,11.2586100000001
125.1586,11.269999
125.153053,11.2747210000001
125.137772,11.2780550000001
125.127472,11.27861
125.073883,11.2813870000001
124.99971,11.3527760000001
124.992477,11.413887
124.989433,11.4202769999999
124.972488,11.4449980000001
124.969994,11.447498
124.905548,11.4688870000001
124.886383,11.4672200000001
124.863602,11.4622189999999
124.845543,11.464165
124.843597,11.4663870000001
124.828598,11.489998
124.828598,11.4941640000001
124.828598,11.4980530000001
124.830276,11.5041660000001
124.833054,11.511944
124.840553,11.5238880000001
124.888321,11.57111
124.890266,11.57222
124.903587,11.5733319999999
124.909149,11.572775
124.923027,11.5658320000001
124.930267,11.565275
124.934418,11.565275
124.949142,11.5683310000001
124.958328,11.576942
124.989967,11.6111089999999
124.991653,11.613886
125.041656,11.7269420000001
125.04248,11.728886
125.04248,11.747219
125.031662,11.75861
125.013321,11.7733329999999
125.008881,11.7755550000001
125.000267,11.7755550000001
124.988876,11.773888
124.862488,11.8074990000001
124.772491,11.898054
124.693863,12.0105550000001
124.663879,12.032499
124.644989,12.0427760000001
124.596649,12.0608310000001
124.499153,12.0874980000001
124.469994,12.1041640000001
124.473038,12.1061079999999
124.474426,12.1083320000001
124.465271,12.127775
124.44664,12.1516649999999
124.443039,12.1549989999999
124.398331,12.1874980000001
124.395828,12.1880530000001
124.393333,12.1874980000001
124.386932,12.1902749999999
124.343407,12.289349
124.282761,12.462776
124.257492,12.5466650000001
124.258041,12.5555530000001
124.271103,12.5752749999999
124.276657,12.578331
124.281662,12.5788860000001
124.287773,12.5766640000001
124.293053,12.5716650000001
124.295258,12.5688880000001
124.351379,12.5366649999999
124.463882,12.520832
