"V1","V2"
57.4580460000001,81.313599
57.49749,81.3097079999999
57.534164,81.3105319999999
57.563606,81.314423
57.5883260000001,81.320267
57.6155470000001,81.325272
57.649994,81.3272090000001
57.693878,81.324707
57.891106,81.295532
57.9027710000001,81.290268
57.887215,81.283875
57.857773,81.2799840000001
57.7894360000001,81.274704
57.716103,81.2730410000001
57.633606,81.2758180000001
57.5166630000001,81.276657
57.411934,81.272217
57.3777690000001,81.2702640000001
57.109993,81.253601
57.078331,81.250549
56.8699870000001,81.2252660000001
56.75666,81.2086030000001
56.6244350000001,81.1835940000001
56.5766600000001,81.1716460000001
56.5502700000001,81.166656
56.5191570000001,81.1638790000001
56.4830469999999,81.162766
56.4419330000001,81.1641540000001
56.4094310000001,81.168045
56.3905490000001,81.17276
56.3847200000001,81.1783140000001
56.3858260000001,81.1844180000001
56.393608,81.190536
56.3947140000001,81.1966400000001
56.3836060000001,81.2074890000001
56.371101,81.212769
56.3449940000001,81.217209
56.3124920000001,81.2211
56.2686,81.2233120000001
56.229988,81.2236020000001
56.1960980000001,81.221649
56.164711,81.2185970000001
56.0188830000001,81.199997
55.925552,81.191086
55.855827,81.1880340000001
55.615829,81.1935880000001
55.585266,81.1966400000001
55.5724950000001,81.2016600000001
55.566383,81.2072140000001
55.5563350000001,81.2191620000001
55.564713,81.221924
55.579437,81.234421
55.5869370000001,81.240814
55.610275,81.2716520000001
55.57972,81.2744290000001
55.5433270000001,81.2736050000001
55.4733200000001,81.270538
55.4316640000001,81.2716520000001
55.432213,81.277771
55.4661029999999,81.319717
55.490547,81.3222200000001
55.859161,81.3208310000001
55.893883,81.319443
56.114716,81.2897030000001
56.2302700000001,81.2738800000001
56.4558260000001,81.257217
56.531662,81.2544400000001
56.570549,81.2544400000001
56.6019360000001,81.257217
56.6033249999999,81.2633210000001
56.579437,81.2683260000001
56.4752660000001,81.2858120000001
56.4561,81.290543
56.4436039999999,81.295822
56.387772,81.3219300000001
56.332771,81.3760830000001
56.3338780000001,81.3822020000001
56.365829,81.3849950000001
56.4394300000001,81.386658
56.6313780000001,81.387772
56.7099910000001,81.387497
56.7519380000001,81.386383
57.024162,81.3763730000001
57.1105500000001,81.369431
57.143326,81.3655400000001
57.169441,81.361099
57.273048,81.3433230000001
57.4580460000001,81.313599
