"V1","V2"
-36.619995,65.7952580000001
-36.700554,65.7905430000001
-36.712776,65.792206
-36.736664,65.801651
-36.739723,65.8063660000001
-36.749725,65.9047090000001
-36.7483369999999,65.9097140000001
-36.726105,65.918869
-36.680832,65.931931
-36.6366649999999,65.943314
-36.6011119999999,65.9505460000001
-36.5666659999999,65.9572140000001
-36.543335,65.959991
-36.519447,65.9597170000001
-36.5072249999999,65.9569400000001
-36.501671,65.952209
-36.501114,65.947479
-36.5055619999999,65.932755
-36.511948,65.913315
-36.587776,65.8155360000001
-36.593056,65.8099819999999
-36.619995,65.7952580000001
