"V1","V2"
117.540817,-8.39027799999997
117.536102,-8.39083499999998
117.526382,-8.38666699999999
117.489433,-8.36249899999996
117.486099,-8.35888899999998
117.483871,-8.35416599999996
117.482483,-8.34888799999999
117.477203,-8.24833299999995
117.476379,-8.20027699999997
117.481369,-8.19138900000002
117.543053,-8.15083299999998
117.54776,-8.14861100000002
117.558594,-8.14611200000002
117.564987,-8.14527900000002
117.579163,-8.14527900000002
117.660812,-8.15083299999998
117.666382,-8.15222399999999
117.675812,-8.15611100000001
117.683319,-8.16222199999999
117.688873,-8.17027899999994
117.69165,-8.18138900000002
117.691093,-8.18611099999998
117.681374,-8.190001
117.6772,-8.19277799999998
117.642212,-8.21916599999992
117.635536,-8.22611000000001
117.627197,-8.23833299999995
117.620247,-8.25194499999992
117.594994,-8.30805599999997
117.579163,-8.34666599999997
117.573883,-8.35499999999996
117.555817,-8.37805600000002
117.545532,-8.38805599999989
117.540817,-8.39027799999997
