"V1","V2"
138.968292,-7.55610999999999
138.99411,-7.55749999999995
139.008026,-7.55749999999995
139.036652,-7.61388899999992
138.981354,-7.76944400000002
138.9133,-7.87861099999992
138.881897,-8.036112
138.848846,-8.07833299999999
138.789978,-8.13527900000003
138.781921,-8.140556
138.767487,-8.14666699999992
138.751648,-8.15138999999999
138.733856,-8.15416699999997
138.708588,-8.15611100000001
138.672211,-8.16083299999997
138.663879,-8.16638899999998
138.661102,-8.17027899999994
138.647491,-8.19749999999999
138.623566,-8.2349989999999
138.603027,-8.25528000000003
138.46109,-8.372499
138.444702,-8.38333299999999
138.407745,-8.40111200000001
138.387756,-8.40861100000001
138.371338,-8.41250000000002
138.309692,-8.42611099999999
138.289703,-8.4266659999999
138.277466,-8.42527799999999
138.268036,-8.42138899999998
138.25415,-8.40777800000001
138.246613,-8.40166699999986
138.219116,-8.39499999999998
138.206909,-8.39361199999996
138.18219,-8.39083499999998
137.868286,-8.37111099999993
137.809418,-8.38055400000002
137.798584,-8.38333299999999
137.710785,-8.40638899999993
137.70108,-8.41055699999998
137.690796,-8.42055499999998
137.673859,-8.43138899999997
137.659424,-8.43749999999994
137.646942,-8.43888900000002
137.638031,-8.43416599999995
137.635254,-8.42999999999995
137.631348,-8.42055499999998
137.630524,-8.40111200000001
137.631897,-8.38888899999989
137.636658,-8.373333
137.708008,-8.18611099999998
137.727753,-8.13777900000002
137.862183,-7.87527799999992
137.905243,-7.79583400000001
138.013611,-7.63083299999988
138.019714,-7.623333
138.026093,-7.61583300000001
138.045807,-7.59472299999987
138.05191,-7.58944399999996
138.063019,-7.58000099999998
138.078033,-7.56777899999992
138.10553,-7.54722199999998
138.154694,-7.51388899999995
138.171356,-7.50305600000002
138.221344,-7.47111100000001
138.239685,-7.46166699999992
138.354126,-7.41750000000002
138.370789,-7.41333400000002
138.406921,-7.40861099999995
138.454956,-7.40194399999996
138.478302,-7.39777899999996
138.512482,-7.39111099999991
138.545532,-7.38277699999992
138.559753,-7.37908499999998
138.590515,-7.37055500000002
138.632446,-7.36444499999988
138.645538,-7.36388899999997
138.697479,-7.36249999999995
138.704407,-7.36249999999995
138.71051,-7.36305499999997
138.752472,-7.36916599999995
138.770264,-7.37194399999993
138.80246,-7.380833
138.811371,-7.38555600000001
138.828308,-7.40249999999997
138.861359,-7.45138900000001
138.864136,-7.455556
138.871613,-7.46861100000001
138.878571,-7.48194399999994
138.881897,-7.49222200000003
138.889435,-7.50527899999997
138.892212,-7.50916699999999
138.922211,-7.54055599999998
138.925812,-7.54388899999998
138.929688,-7.5466669999999
138.968292,-7.55610999999999
