"V1","V2"
-65.492767,64.517761
-65.65834,64.5097200000001
-65.6694489999999,64.5102690000001
-65.679718,64.512207
-65.6861109999999,64.515274
-65.689713,64.519989
-65.6902769999999,64.5241550000001
-65.689713,64.5299840000001
-65.686935,64.5388790000001
-65.672501,64.5605320000001
-65.660278,64.573883
-65.651108,64.580551
-65.615829,64.599152
-65.5633239999999,64.6155400000001
-65.554443,64.6185910000001
-65.546951,64.622482
-65.449158,64.678864
-65.4438779999999,64.684708
-65.435822,64.6963650000001
-65.3819429999999,64.716934
-65.292496,64.7355350000001
-65.2569579999999,64.7099910000001
-65.2525019999999,64.706375
-65.258057,64.700821
-65.2664029999999,64.6933140000001
-65.2499999999999,64.6636050000001
-65.208054,64.639709
-65.208618,64.6313630000001
-65.2138979999999,64.6260830000001
-65.2280579999999,64.6202550000001
-65.309433,64.6005400000001
-65.420273,64.554428
-65.4527889999999,64.532761
-65.4508359999999,64.5283200000001
-65.453613,64.524429
-65.460556,64.521103
-65.468887,64.51915
-65.492767,64.517761
