"V1","V2"
-20.926945,74.4199830000001
-20.9122199999999,74.4194340000001
-20.895,74.421646
-20.8644449999999,74.4283140000001
-20.828613,74.4291530000001
-20.806667,74.428589
-20.537502,74.402771
-20.53167,74.401382
-20.463333,74.366928
-20.448055,74.358032
-20.434444,74.3494259999999
-20.432777,74.3435970000001
-20.434444,74.337769
-20.4424969999999,74.3333280000001
-20.460278,74.321381
-20.463612,74.3146970000001
-20.464165,74.3105320000001
-20.462776,74.305542
-20.427776,74.273315
-20.3263889999999,74.233597
-20.2591669999999,74.2244260000001
-20.224442,74.220825
-20.1408349999999,74.210266
-20.125,74.204987
-20.12389,74.2010960000001
-20.126389,74.19693
-20.1424979999999,74.178314
-20.16111,74.1680449999999
-20.177498,74.1630400000001
-20.1927759999999,74.160263
-20.213612,74.1577610000001
-20.229164,74.156937
-20.363888,74.154984
-20.5088919999999,74.14444
-20.698608,74.119141
-20.763336,74.110809
-20.780834,74.1094210000001
-21.069447,74.0897060000001
-21.111668,74.088593
-21.2099989999999,74.086105
-21.290836,74.088318
-21.298336,74.094437
-21.3158339999999,74.1038670000001
-21.328335,74.1094210000001
-21.356388,74.118317
-21.396111,74.12886
-21.4302789999999,74.1349950000001
-21.639721,74.161377
-21.670277,74.162766
-21.7158319999999,74.1694340000001
-21.778336,74.178864
-21.9680559999999,74.2108150000001
-21.988609,74.221649
-21.990833,74.2272030000001
-21.989441,74.233047
-21.986664,74.2397
-21.962219,74.2730410000001
-21.95472,74.281097
-21.866112,74.3402710000001
-21.841389,74.3505400000001
-21.680279,74.387772
-21.59639,74.4055480000001
-21.557503,74.4130400000001
-21.388054,74.4405360000001
-21.367222,74.443863
-21.34639,74.4463650000001
-21.262447,74.4524840000001
-21.1744419999999,74.453873
-21.0577769999999,74.452774
-20.972221,74.446091
-20.958286,74.442841
-20.935555,74.4235990000001
-20.926945,74.4199830000001
