"V1","V2"
132.560242,-11.724443
132.554688,-11.724443
132.549408,-11.7225
132.545532,-11.719444
132.511932,-11.683332
132.50943,-11.679722
132.506927,-11.6752779999999
132.505554,-11.663334
132.508026,-11.652224
132.513885,-11.64389
132.517761,-11.6408349999999
132.522217,-11.638613
132.533051,-11.6355569999999
132.539154,-11.6347239999999
132.63858,-11.6455549999999
132.643036,-11.648056
132.645538,-11.6524999999999
132.645538,-11.658611
132.642761,-11.678057
132.639984,-11.6902769999999
132.631348,-11.711111
132.627747,-11.714167
132.622467,-11.7158339999999
132.616913,-11.716665
132.560242,-11.724443
