"V1","V2"
-61.385002,-70.015289
-61.4061129999999,-70.015839
-61.4441679999999,-70.013901
-61.473892,-70.006958
-61.5113909999999,-69.986389
-61.5222239999999,-69.9797359999999
-61.527229,-69.9722289999999
-61.528061,-69.9652859999999
-61.5230559999999,-69.953613
-61.504173,-69.9400019999999
-61.4819489999999,-69.92807
-61.4661179999999,-69.9216769999999
-61.428894,-69.912506
-61.407784,-69.909454
-61.390556,-69.9088899999999
-61.3527829999999,-69.9108429999999
-61.3325039999999,-69.915558
-61.3138959999999,-69.921112
-61.301392,-69.926956
-61.292503,-69.9341739999999
-61.2863919999999,-69.94751
-61.287506,-69.960556
-61.289574,-69.962708
-61.294174,-69.967514
-61.308891,-69.9797359999999
-61.34584,-70.005569
-61.365562,-70.0116729999999
-61.385002,-70.015289
