"V1","V2"
-126.118347,-73.247223
-126.090286,-73.257782
-126.08168,-73.26445
-126.076134,-73.276947
-126.073624,-73.291672
-126.05806,-73.303894
-126.040009,-73.3088989999999
-125.99556,-73.316956
-125.938606,-73.320847
-125.888901,-73.321671
-125.836937,-73.321121
-125.666397,-73.331955
-125.635834,-73.334732
-125.584167,-73.342789
-125.542511,-73.3508449999999
-125.52417,-73.35556
-125.496948,-73.3666689999999
-125.490837,-73.3733369999999
-125.487793,-73.3794559999999
-125.48584,-73.3863979999999
-125.492233,-73.40918
-125.499451,-73.4180599999999
-125.513901,-73.424728
-125.530289,-73.4297329999999
-125.561111,-73.441391
-125.575562,-73.447784
-125.586937,-73.454453
-125.589172,-73.462234
-125.588348,-73.470001
-125.585281,-73.4761199999999
-125.568893,-73.488342
-125.557793,-73.493347
-125.515839,-73.5100099999999
-125.480011,-73.520279
-125.441963,-73.5289
-125.374184,-73.5411219999999
-125.266953,-73.5550079999999
-125.217506,-73.5627899999999
-125.130569,-73.5794529999999
-125.102547,-73.5899509999999
-125.095291,-73.59639
-125.093063,-73.6033479999999
-125.095001,-73.611115
-125.10112,-73.619171
-125.112503,-73.6258389999999
-125.128891,-73.631119
-125.148621,-73.636124
-125.172234,-73.650558
-125.182793,-73.65918
-125.189728,-73.674179
-125.189728,-73.6889039999999
-125.184448,-73.6961209999999
-125.17807,-73.702515
-125.153061,-73.713623
-125.134171,-73.718063
-125.0914,-73.72612
-125.030006,-73.7325129999999
-125.003891,-73.7341769999999
-124.953903,-73.732788
-124.906113,-73.730286
-124.835281,-73.72612
-124.791672,-73.7213899999999
-124.732788,-73.709167
-124.717506,-73.705002
-124.701134,-73.699448
-124.685562,-73.6922299999999
-124.674454,-73.685562
-124.660278,-73.678894
-124.642792,-73.672791
-124.576134,-73.653625
-124.53389,-73.6466669999999
-124.493896,-73.641678
-124.469391,-73.642349
-124.414459,-73.650558
-124.23056,-73.689178
-124.171951,-73.72612
-124.186111,-73.732788
-124.19278,-73.741959
-124.195007,-73.756119
-124.186684,-73.770279
-124.177513,-73.78389
-124.170837,-73.7902829999999
-124.149727,-73.808334
-124.097229,-73.851669
-124.087227,-73.8583369999999
-124.054459,-73.875565
-124.042793,-73.8805689999999
-123.998337,-73.896957
-123.960564,-73.906952
-123.852783,-73.935287
-123.816116,-73.943344
-123.782501,-73.9539029999999
-123.740013,-73.968903
-123.722778,-73.9819489999999
-123.710564,-74.031113
-123.720291,-74.084457
-123.724167,-74.1005709999999
-123.735291,-74.116959
-123.75528,-74.1316679999999
-123.785004,-74.145569
-123.820282,-74.1552889999999
-123.860291,-74.162506
-123.880569,-74.164734
-123.930557,-74.1680599999999
-123.987228,-74.1680599999999
-124.092216,-74.164169
-124.155563,-74.160568
-124.418617,-74.1400149999999
-124.542793,-74.1341709999999
-124.746948,-74.123901
-124.926392,-74.113892
-124.983063,-74.107788
-125.085564,-74.092789
-125.252792,-74.0639039999999
-125.291946,-74.055557
-125.431953,-74.016403
-125.56723,-73.991119
-125.627228,-73.976959
-125.643066,-73.972504
-125.657791,-73.967224
-125.670288,-73.960007
-125.677513,-73.9544529999999
-125.680557,-73.9483339999999
-125.68251,-73.941391
-125.675568,-73.918625
-125.686111,-73.912781
-125.699448,-73.906677
-125.714172,-73.9013979999999
-125.734177,-73.897507
-125.76973,-73.895004
-125.827507,-73.8877869999999
-125.854736,-73.884171
-125.89418,-73.8764039999999
-125.92334,-73.865845
-125.93251,-73.859177
-125.9375,-73.8519589999999
-125.943619,-73.8452909999999
-125.969452,-73.835007
-126.025284,-73.820847
-126.102226,-73.809448
-126.209167,-73.794174
-126.233063,-73.791122
-126.263344,-73.790009
-126.351669,-73.782227
-126.378616,-73.778625
-126.400284,-73.7736209999999
-126.407227,-73.7680659999999
-126.407791,-73.76001
-126.402237,-73.7527919999999
-126.388062,-73.744446
-126.376953,-73.7358399999999
-126.360573,-73.719727
-126.359451,-73.705292
-126.36528,-73.698624
-126.37529,-73.6927799999999
-126.399727,-73.681671
-126.435287,-73.671402
-126.47612,-73.662231
-126.529716,-73.655014
-126.641953,-73.647507
-126.695847,-73.646118
-126.775558,-73.645844
-126.852509,-73.645844
-126.951134,-73.649445
-127.01889,-73.6533359999999
-127.080841,-73.6608429999999
-127.121117,-73.667511
-127.132004,-73.662933
-127.136948,-73.6608429999999
-127.163071,-73.643341
-127.168617,-73.636948
-127.176682,-73.624451
-127.17807,-73.609451
-127.163887,-73.593063
-127.093903,-73.55806
-127.080002,-73.541946
-127.085564,-73.535568
-127.107788,-73.531113
-127.167793,-73.5238949999999
-127.199448,-73.521667
-127.327789,-73.503342
-127.346947,-73.499176
-127.392502,-73.417786
-127.385277,-73.409454
-127.374184,-73.400848
-127.339172,-73.390015
-127.306396,-73.3805689999999
-127.272507,-73.3702849999999
-127.241386,-73.356949
-127.228348,-73.349457
-127.225571,-73.3338929999999
-127.228058,-73.327789
-127.242783,-73.3155669999999
-127.244171,-73.308334
-127.237228,-73.300293
-127.193619,-73.282227
-127.173607,-73.277512
-127.134453,-73.270844
-127.094452,-73.2664029999999
-126.815002,-73.2366789999999
-126.795563,-73.234726
-126.773354,-73.233063
-126.744743,-73.2322239999999
-126.72168,-73.2325129999999
-126.666397,-73.237228
-126.61528,-73.24556
-126.584167,-73.247787
-126.556671,-73.247513
-126.538353,-73.2466739999999
-126.515007,-73.2441709999999
-126.497513,-73.241119
-126.443069,-73.226959
-126.405289,-73.221115
-126.381958,-73.2186129999999
-126.335281,-73.2164
-126.305847,-73.2175139999999
-126.250557,-73.2222289999999
-126.198334,-73.229446
-126.136398,-73.2425079999999
-126.118347,-73.247223
