"V1","V2"
-74.863617,-52.139168
-74.87056,-52.1416699999999
-74.8772279999999,-52.1400069999999
-74.896118,-52.1236109999999
-74.898621,-52.118614
-74.897781,-52.111671
-74.796402,-51.903893
-74.793335,-51.898338
-74.787231,-51.887779
-74.766113,-51.85778
-74.755005,-51.8430559999999
-74.7469479999999,-51.8338929999999
-74.7400049999999,-51.831673
-74.730835,-51.831947
-74.604172,-51.838341
-74.5991669999999,-51.8405609999999
-74.600006,-51.847504
-74.6050109999999,-51.858894
-74.7697299999999,-52.0836179999999
-74.7800139999999,-52.091393
-74.863617,-52.139168
