"V1","V2"
103.832199,0.756111000000033
103.827469,0.755278000000033
103.76442,0.801944000000105
103.757477,0.808889000000079
103.72525,0.851944000000003
103.723862,0.857499999999959
103.723297,0.870555000000138
103.726639,0.880832999999996
103.734131,0.886944000000085
103.739143,0.888889000000063
103.770523,0.879444000000035
103.779419,0.87444400000004
103.786362,0.867776999999933
103.802193,0.849165999999968
103.819977,0.825832999999932
103.825531,0.817777999999976
103.830811,0.809443999999985
103.832199,0.804166000000123
103.834976,0.793055000000038
103.836288,0.785509000000047
103.834976,0.760278000000028
103.832199,0.756111000000033
