"V1","V2"
-126.22583,50.5552670000001
-126.308884,50.528328
-126.336403,50.52166
-126.350563,50.520271
-126.486107,50.5155490000001
-126.588058,50.5213780000001
-126.604172,50.525269
-126.623894,50.5338819999999
-126.604172,50.5397190000001
-126.574448,50.5463870000001
-126.556953,50.5486070000001
-126.541946,50.5494380000001
-126.526672,50.5488820000001
-126.488602,50.5533219999999
-126.381104,50.574715
-126.286118,50.598328
-126.282784,50.5974880000001
-126.226097,50.564156
-126.223053,50.560547
-126.224716,50.5566559999999
-126.22583,50.5552670000001
