"V1","V2"
-157.431671,2.02138800000012
-157.35083,1.97194400000006
-157.336426,1.93166600000006
-157.339722,1.92833299999995
-157.343872,1.91861100000006
-157.345306,1.9130550000001
-157.348053,1.88833300000005
-157.349457,1.86916600000012
-157.348602,1.85638900000004
-157.345856,1.84527700000007
-157.343079,1.84111100000001
-157.339172,1.83833299999998
-157.330841,1.83305500000012
-157.31308,1.82333300000005
-157.25946,1.80138899999997
-157.199188,1.77000000000004
-157.191101,1.76444400000008
-157.180878,1.754166
-157.175842,1.74527699999993
-157.172546,1.73499999999996
-157.172546,1.72805499999998
-157.17392,1.72277700000006
-157.179443,1.71444400000001
-157.185028,1.713055
-157.235016,1.70500000000004
-157.328064,1.754166
-157.436401,1.7897220000001
-157.563904,1.85277699999995
-157.571381,1.85888800000004
-157.576935,1.86722200000003
-157.578918,1.8719440000001
-157.581696,1.88305499999996
-157.582214,1.89611100000002
-157.579712,1.89999999999992
-157.548096,1.92333299999996
-157.531708,1.93444400000004
-157.526123,1.93583300000006
-157.520599,1.93583300000006
-157.516663,1.93305500000002
-157.51532,1.92749999999995
-157.515869,1.92138799999998
-157.518646,1.91722200000009
-157.52948,1.90750000000003
-157.534454,1.90555499999999
-157.538605,1.90277700000001
-157.545319,1.89611100000002
-157.547546,1.89111100000002
-157.54892,1.88583299999999
-157.54892,1.87888800000002
-157.543884,1.8719440000001
-157.540039,1.86916600000012
-157.483063,1.84527700000007
-157.472809,1.84194400000001
-157.429443,1.8316660000001
-157.370026,1.90499900000003
-157.354736,1.92416599999996
-157.350006,1.93305500000002
-157.350006,1.93833300000011
-157.351959,1.94333300000011
-157.36026,1.94861100000003
-157.439209,1.98500000000007
-157.483063,2.00138799999996
-157.49057,1.9952770000001
-157.496643,1.99583300000006
-157.5,1.99804699999993
-157.500854,1.99860999999999
-157.508362,2.01166600000005
-157.510284,2.01638800000012
-157.506989,2.02666599999998
-157.504181,2.03083299999997
-157.492493,2.03305400000011
-157.48584,2.03305400000011
-157.441101,2.02555500000011
-157.431671,2.02138800000012
