"V1","V2"
173.805817,-40.92778
173.788574,-40.933327
173.77887,-40.9316709999999
173.777466,-40.923332
173.7836,-40.912216
173.784698,-40.9113849999999
173.799133,-40.879723
173.809143,-40.816109
173.820801,-40.769722
173.823303,-40.762505
173.829132,-40.757782
173.95636,-40.7088929999999
173.963867,-40.7105559999999
173.96637,-40.7180559999999
173.967743,-40.735558
173.966644,-40.743889
173.959961,-40.7919459999999
173.958862,-40.79834
173.925812,-40.86306
173.921082,-40.868889
173.805817,-40.92778
