"V1","V2"
117.390823,3.56194400000004
117.513611,3.49138800000003
117.517487,3.48888799999997
117.521103,3.485277
117.519707,3.47916600000008
117.517487,3.47444400000001
117.501099,3.45666600000004
117.494141,3.44972100000007
117.489433,3.44777699999997
117.483322,3.44694399999997
117.470261,3.45444400000002
117.466927,3.45805500000006
117.462769,3.46083300000004
117.453873,3.46555500000011
117.434708,3.47388799999999
117.415543,3.48194400000006
117.399719,3.48750000000007
117.388603,3.49027699999999
117.360527,3.49638800000002
117.348328,3.49777700000004
117.334717,3.49777700000004
117.323036,3.49555500000002
117.289429,3.49499900000006
117.276932,3.49638800000002
117.266098,3.49916600000006
117.252487,3.50583300000011
117.239967,3.51416599999999
117.229713,3.52444400000007
117.21666,3.54555500000009
117.216087,3.5586100000001
117.219437,3.56888900000007
117.222763,3.57222200000012
117.23526,3.57972100000012
117.244141,3.58527700000008
117.253883,3.58944400000007
117.270828,3.59277700000001
117.276932,3.59194400000001
117.390823,3.56194400000004
