"V1","V2"
-78.772507,-33.623611
-78.7586209999999,-33.6447299999999
-78.763336,-33.647507
-78.798889,-33.650841
-78.830841,-33.644447
-78.8652799999999,-33.63195
-78.87001,-33.629173
-78.8764039999999,-33.627785
-78.888901,-33.6311109999999
-78.973618,-33.666672
-78.981949,-33.673615
-78.988617,-33.672226
-78.991669,-33.6680599999999
-78.9908449999999,-33.6619489999999
-78.983337,-33.651672
-78.976959,-33.643616
-78.9727779999999,-33.640007
-78.938065,-33.614449
-78.8941799999999,-33.5825039999999
-78.888336,-33.5805589999999
-78.881119,-33.580002
-78.8547359999999,-33.580002
-78.848343,-33.5813899999999
-78.789459,-33.610558
-78.7797239999999,-33.616112
-78.7755579999999,-33.619446
-78.772507,-33.623611
