"V1","V2"
1.53166699999997,38.951942
1.40583300000003,38.8455510000001
1.37194400000004,38.830826
1.36805500000014,38.8511050000001
1.36166600000013,38.86055
1.35750000000007,38.8649980000001
1.35277799999994,38.8683320000001
1.34638899999999,38.871109
1.27722199999999,38.879715
1.27055500000006,38.878052
1.25750000000011,38.8636089999999
1.25250000000011,38.859161
1.24611099999993,38.8602749999999
1.22250000000003,38.8741610000001
1.21194400000002,38.898331
1.22777800000006,38.9480510000001
1.24249999999995,38.968048
1.29416700000013,39.0313870000001
1.3036110000001,39.0386050000001
1.32916700000004,39.0552750000001
1.36250000000001,39.0727770000001
1.47277800000006,39.1052700000001
1.519722,39.1183320000001
1.54583300000007,39.11805
1.60055500000004,39.0961070000001
1.605278,39.09166
1.60916700000007,39.081383
1.61500000000007,39.0283279999999
1.53166699999997,38.951942
