"V1","V2"
92.7744290000001,9.12472000000008
92.767212,9.12472000000008
92.733871,9.12638699999997
92.728867,9.12833000000001
92.720535,9.13388800000013
92.714996,9.14222100000001
92.71138,9.15277700000001
92.7088780000001,9.16361000000001
92.708038,9.17694300000005
92.7088780000001,9.19694299999998
92.711655,9.20777500000008
92.7138820000001,9.21277600000013
92.7566530000001,9.26166500000011
92.761658,9.26361100000003
92.783325,9.24333000000007
92.7866520000001,9.23860500000012
92.7916560000001,9.23249800000002
92.8033140000001,9.21638699999994
92.8055420000001,9.21166399999998
92.8069310000001,9.20610799999997
92.8108060000001,9.17583100000007
92.812195,9.16333200000008
92.809418,9.15222200000011
92.807205,9.1474990000001
92.7988740000001,9.13499799999994
92.795258,9.131664
92.7869260000001,9.12610799999999
92.7744290000001,9.12472000000008
