"V1","V2"
121.400543,18.8472180000001
121.330276,18.840553
121.305252,18.840832
121.292763,18.8422200000001
121.286926,18.844162
121.281937,18.85194
121.27916,18.861664
121.279427,18.8661080000001
121.2836,18.87833
121.285538,18.8811070000001
121.289146,18.8822170000001
121.401093,18.9044420000001
121.413307,18.9063840000001
121.424149,18.9066619999999
121.481934,18.8844410000001
121.484421,18.882774
121.48526,18.8780520000001
121.484154,18.875275
121.459427,18.8566630000001
121.454712,18.855553
121.400543,18.8472180000001
