"V1","V2"
-62.268333,65.7016599999999
-62.259445,65.699707
-62.238052,65.7024840000001
-62.221107,65.7080380000001
-62.2041699999999,65.7116550000001
-62.1863859999999,65.711929
-62.1677779999999,65.7027739999999
-62.1316679999999,65.678864
-62.1283339999999,65.6741490000001
-62.131943,65.657211
-62.135277,65.651382
-62.142227,65.644989
-62.195,65.612762
-62.202499,65.61026
-62.215004,65.6099849999999
-62.224442,65.611099
-62.296951,65.6249850000001
-62.455002,65.6599880000001
-62.46611,65.663879
-62.4838869999999,65.7210999999999
-62.4844439999999,65.726929
-62.483612,65.731659
-62.4805529999999,65.7377619999999
-62.47361,65.741928
-62.46833,65.744141
-62.461945,65.745255
-62.2838899999999,65.744431
-62.2719419999999,65.744141
-62.260284,65.743317
-62.252502,65.741928
-62.251396,65.7391510000001
-62.2586139999999,65.728592
-62.270279,65.7230380000001
-62.297501,65.708603
-62.268333,65.7016599999999
