"V1","V2"
-55.0755619999999,72.9655460000001
-55.070557,72.955261
-55.076668,72.9519349999999
-55.134171,72.931091
-55.1519389999999,72.9283140000001
-55.1983339999999,72.923599
-55.2199939999999,72.9222110000001
-55.305832,72.9183200000001
-55.323059,72.9355320000001
-55.387779,72.962494
-55.407776,72.9597170000001
-55.481667,72.950272
-55.501114,72.9488680000001
-55.519165,72.950821
-55.6269449999999,72.9708250000001
-55.680283,72.985535
-55.686111,72.9891510000001
-55.689163,72.9935910000001
-55.6825029999999,72.998871
-55.673889,73.003326
-55.637779,73.0180510000001
-55.599167,73.0327610000001
-55.570557,73.039978
-55.5552749999999,73.0430450000001
-55.5186079999999,73.045822
-55.505005,73.044708
-55.2369459999999,73.00499
-55.193329,72.995819
-55.135002,72.9822080000001
-55.087776,72.9708250000001
-55.0755619999999,72.9655460000001
