"V1","V2"
-101.651398,78.144714
-101.675278,78.1444400000001
-101.859444,78.1552580000001
-101.879173,78.158325
-101.881943,78.162201
-101.776108,78.2163850000001
-101.753342,78.2272030000001
-101.731377,78.2324830000001
-101.70723,78.232758
-101.684723,78.230545
-101.681671,78.2274780000001
-101.672501,78.2260890000001
-101.633621,78.210815
-101.622772,78.2047120000001
-101.615829,78.199417
-101.603607,78.187485
-101.599991,78.181091
-101.598618,78.175262
-101.599731,78.164429
-101.60527,78.1591490000001
-101.613052,78.1535949999999
-101.625816,78.1480410000001
-101.651398,78.144714
