"V1","V2"
-74.220001,40.5116650000001
-74.232498,40.508888
-74.2355499999999,40.5133290000001
-74.236389,40.5183260000001
-74.233887,40.535553
-74.23111,40.542221
-74.184998,40.6316600000001
-74.181671,40.6374970000001
-74.1769409999999,40.6419370000001
-74.170837,40.642769
-74.082779,40.651382
-74.0738979999999,40.649162
-74.068893,40.645828
-74.062775,40.639435
-74.0569459999999,40.6244350000001
-74.0538789999999,40.615273
-74.053604,40.6044390000001
-74.057495,40.5997160000001
-74.108612,40.5597149999999
-74.123322,40.5497210000001
-74.1450039999999,40.538887
-74.220001,40.5116650000001
