"V1","V2"
147.15332,-5.44972100000001
147.135529,-5.45111199999997
147.121887,-5.44444399999992
147.009979,-5.35500000000002
147.008026,-5.35027799999995
147.002472,-5.30388799999997
147.008026,-5.25888900000001
147.009979,-5.24722200000002
147.013611,-5.23833299999995
147.017761,-5.23555599999997
147.109406,-5.19333299999994
147.121063,-5.19111099999998
147.128571,-5.19194399999998
147.134979,-5.19527699999998
147.191071,-5.24860999999993
147.211639,-5.26916699999998
147.228851,-5.36388899999992
147.22995,-5.42111099999994
147.22467,-5.42944399999993
147.22052,-5.43194399999993
147.158875,-5.44833299999999
147.15332,-5.44972100000001
