"V1","V2"
119.072487,-8.26749999999998
119.058868,-8.26749999999998
119.047211,-8.265556
119.043053,-8.26277899999991
119.036102,-8.25583499999999
119.024429,-8.24027599999999
119.01416,-8.20583299999998
119.015549,-8.20027699999997
119.02388,-8.16777799999994
119.027771,-8.15833499999997
119.03804,-8.148056
119.046371,-8.14277800000002
119.060806,-8.13638900000001
119.071663,-8.13389000000001
119.078598,-8.13389000000001
119.088287,-8.13632000000001
119.105263,-8.14527900000002
119.121094,-8.15694400000001
119.12442,-8.16027799999989
119.132751,-8.17250100000001
119.13472,-8.17722300000003
119.136932,-8.18888900000002
119.136932,-8.1955549999999
119.13472,-8.20694399999996
119.12915,-8.22194500000001
119.126648,-8.22611000000001
119.103317,-8.25055700000001
119.092209,-8.25999999999999
119.083328,-8.264723
119.072487,-8.26749999999998
