"V1","V2"
-73.765015,-46.211113
-73.773056,-46.211945
-73.805557,-46.190834
-73.815002,-46.183617
-73.9316709999999,-46.077782
-73.935013,-46.073334
-73.936401,-46.06778
-73.933899,-46.055
-73.920837,-46.028061
-73.912231,-46.020279
-73.906677,-46.016945
-73.899734,-46.015282
-73.8905639999999,-46.015007
-73.847778,-46.013893
-73.829178,-46.0155559999999
-73.743347,-46.041672
-73.7366789999999,-46.043892
-73.6972349999999,-46.065559
-73.6833339999999,-46.076668
-73.678345,-46.0863949999999
-73.677231,-46.091949
-73.6780699999999,-46.098892
-73.68306,-46.109726
-73.6864009999999,-46.114449
-73.739182,-46.186951
-73.753342,-46.205559
-73.765015,-46.211113
