"V1","V2"
-59.345833,50.5338819999999
-59.3538889999999,50.5338819999999
-59.358337,50.537773
-59.3841709999999,50.6330490000001
-59.3841709999999,50.638329
-59.382774,50.6438830000001
-59.3780519999999,50.6491619999999
-59.371941,50.6527710000001
-59.364449,50.653877
-59.355003,50.6522140000001
-59.3377759999999,50.640831
-59.3336109999999,50.636108
-59.321671,50.618881
-59.305557,50.59166
-59.300278,50.5819400000001
-59.2983399999999,50.5724950000001
-59.2983399999999,50.5619350000001
-59.308891,50.5530470000001
-59.320557,50.54583
-59.3330609999999,50.5394360000001
-59.345833,50.5338819999999
