"V1","V2"
91.1763760000001,80.0530400000001
91.2383120000001,80.047485
91.3255460000001,80.046936
91.475266,80.0510860000001
91.5380400000001,80.0566410000001
91.6088710000001,80.059418
91.6922000000001,80.0597080000001
91.857758,80.058868
91.9210970000001,80.0563660000001
91.9519350000001,80.053314
92.008606,80.046936
92.221375,80.0394290000001
92.38916,80.034149
92.4297030000001,80.0327610000001
92.4655460000001,80.030548
92.4960939999999,80.027481
92.5424800000001,80.012497
92.6213680000001,80.0133210000001
92.825546,80.0233150000001
92.8672030000001,80.0233150000001
92.9077610000001,80.0219270000001
93.0294340000001,80.0099950000001
93.252213,79.9833220000001
93.539429,79.9513850000001
93.734711,79.921097
93.7744290000001,79.912201
93.789429,79.9069370000001
93.8088680000001,79.8952640000001
93.808594,79.8883210000001
93.776657,79.8680420000001
93.7236020000001,79.843323
93.70665,79.8383180000001
93.6644289999999,79.829437
93.6177520000001,79.8208310000001
93.538879,79.811096
93.4810939999999,79.805817
93.4180450000001,79.792755
93.4010930000001,79.787491
93.3922119999999,79.780548
93.3791500000001,79.7741550000001
93.358322,79.7697140000001
93.333603,79.7663880000001
93.1433259999999,79.7363740000001
93.0477600000001,79.7124940000001
93.006378,79.7035979999999
92.920822,79.695526
92.8558200000001,79.6922000000001
92.7702640000001,79.684143
92.635818,79.6688690000001
92.5869290000001,79.661652
92.554703,79.659988
92.3974910000001,79.6588750000001
92.2763820000001,79.6586
92.236923,79.659988
91.9216460000001,79.6733090000001
91.9152680000001,79.704712
91.9313660000001,79.7099910000001
91.9516600000001,79.714432
91.9799800000001,79.7172090000001
92.154709,79.732758
92.194427,79.731369
92.214432,79.726929
92.2297059999999,79.7219239999999
92.2402650000001,79.7160949999999
92.2652739999999,79.7124940000001
92.2966460000001,79.7127690000001
92.3291630000001,79.714432
92.34166,79.720825
92.3499909999999,79.727768
92.3391570000001,79.7408140000001
92.2880400000001,79.7624970000001
92.2419280000001,79.7777710000001
92.165817,79.7958220000001
92.1202549999999,79.8038640000001
92.095261,79.8074800000001
92.050262,79.8083190000001
92.0174870000001,79.8063660000001
91.9930420000001,79.8027650000001
91.9563750000001,79.8016510000001
91.834717,79.8027650000001
91.4991460000001,79.810532
91.28804,79.823318
91.119431,79.84082
91.093872,79.844437
91.0730440000001,79.8486020000001
91.057205,79.853592
91.0552520000001,79.859421
91.0588680000001,79.867203
91.0666659999999,79.8744200000001
91.1230320000001,79.8885960000001
91.1677550000001,79.896942
91.196365,79.8997190000001
91.239975,79.9341430000001
91.184982,80.0027770000001
91.178864,80.009155
91.1391600000001,80.0327610000001
91.128036,80.0385890000001
91.111923,80.0435940000001
91.0866550000001,80.048599
91.0508120000001,80.0508120000001
90.9224850000001,80.052475
90.880814,80.0522
90.864426,80.0572050000001
90.8763729999999,80.0635990000001
90.9097140000001,80.0655360000001
91.0474850000001,80.0635990000001
91.1241460000001,80.060257
91.1763760000001,80.0530400000001
