"V1","V2"
160.411102,-9.13666699999999
160.394714,-9.16638899999992
160.387756,-9.17305599999992
160.383606,-9.17583300000001
160.359131,-9.19083399999994
160.352173,-9.19083399999994
160.346619,-9.18944399999998
160.330261,-9.18138899999997
160.30426,-9.16042499999992
160.285797,-9.16583400000002
160.284866,-9.18524300000001
160.264191,-9.18705199999994
160.243835,-9.19611199999997
160.230804,-9.19555499999996
160.226624,-9.19277799999998
160.214417,-9.17527799999999
160.212463,-9.17055499999992
160.222046,-9.16378600000002
160.235489,-9.16352699999993
160.255142,-9.16352699999993
160.271423,-9.15422100000001
160.284607,-9.13534900000002
160.298569,-9.11880500000001
160.30452,-9.09786500000001
160.302444,-9.08287100000001
160.307465,-9.068333
160.311096,-9.065001
160.318573,-9.06027799999993
160.325531,-9.06027799999993
160.347427,-9.09243699999996
160.35881,-9.117771
160.381805,-9.12061399999993
160.404968,-9.12916599999994
160.411102,-9.13666699999999
