"V1","V2"
92.2713780000001,11.524443
92.2672120000001,11.524443
92.236923,11.5291650000001
92.232758,11.531942
92.2294310000001,11.5355549999999
92.228043,11.5411090000001
92.2174840000001,11.5899980000001
92.2169340000001,11.5947210000001
92.223038,11.5955520000001
92.228043,11.5947210000001
92.2674870000001,11.5877760000001
92.275818,11.5822200000001
92.2800140000001,11.576143
92.2822110000001,11.5733319999999
92.286377,11.5566650000001
92.286926,11.550554
92.286377,11.5444430000001
92.2813720000001,11.535276
92.2713780000001,11.524443
