"V1","V2"
-41.037224,83.208603
-41.159439,83.2066500000001
-41.315552,83.2077640000001
-41.536667,83.2113800000001
-41.5938869999999,83.214706
-41.597496,83.215546
-41.6038889999999,83.2194370000001
-41.606392,83.2244260000001
-41.598335,83.2291560000001
-41.56778,83.2352600000001
-41.515839,83.240265
-41.4241709999999,83.2422030000001
-41.202782,83.2360990000001
-41.138054,83.233322
-41.089722,83.2291560000001
-41.0175019999999,83.220825
-41.004448,83.215271
-41.001671,83.2122040000001
-41.037224,83.208603
