"V1","V2"
138.209137,9.52388800000011
138.181641,9.50361099999998
138.17276,9.49888600000003
138.167206,9.49888600000003
138.162476,9.50110999999998
138.159698,9.50499900000005
138.158875,9.51110999999997
138.131622,9.49888600000003
138.069122,9.41194300000001
138.063873,9.41194300000001
138.060242,9.41527600000012
138.058319,9.42666400000002
138.061646,9.43694299999999
138.073303,9.46583199999998
138.121338,9.55722000000003
138.126068,9.56583200000011
138.133606,9.57194300000003
138.174683,9.58833100000004
138.180267,9.58944100000008
138.186371,9.588886
138.190521,9.58610900000008
138.193298,9.58222000000001
138.219971,9.54027600000001
138.21524,9.53138700000011
138.209137,9.52388800000011
