"V1","V2"
123.773613,9.54416500000008
123.757217,9.54305500000009
123.75,9.54504300000008
123.743591,9.55194300000005
123.734421,9.57666399999999
123.744713,9.59527600000007
123.769989,9.61583100000007
123.774147,9.61805300000009
123.815811,9.63555500000012
123.831383,9.63861100000003
123.834991,9.6391660000001
123.844994,9.63611000000003
123.853043,9.62860900000004
123.864433,9.61583100000007
123.866928,9.61166400000008
123.868042,9.604443
123.866089,9.59610900000007
123.861099,9.59027499999996
123.79776,9.54944200000006
123.790817,9.5463870000001
123.773613,9.54416500000008
