"V1","V2"
13.10955,-70.057251
13.158989,-70.074463
13.1903610000001,-70.089447
13.1984180000001,-70.096695
13.2028730000001,-70.103363
13.2206340000001,-70.130844
13.2211840000001,-70.137512
13.206779,-70.143341
13.145073,-70.161682
13.102592,-70.16864
12.9387130000001,-70.1841889999999
12.8781660000001,-70.188629
12.817863,-70.191696
12.7786790000001,-70.1919709999999
12.7401050000001,-70.191116
12.683952,-70.1864009999999
12.6473310000001,-70.1813959999999
12.5945360000001,-70.170288
12.5775679999999,-70.1652829999999
12.528984,-70.146408
12.498161,-70.131393
12.4901049999999,-70.124176
12.4817429999999,-70.110565
12.4803390000001,-70.083908
12.4836960000001,-70.07753
12.497856,-70.0652919999999
12.528679,-70.053375
12.5486980000001,-70.049728
12.5689620000001,-70.048355
12.588432,-70.048065
12.607048,-70.049179
12.625359,-70.0516969999999
12.7195360000001,-70.05751
12.740349,-70.058075
12.7989430000001,-70.05751
12.818962,-70.056137
12.980644,-70.036682
13.0034100000001,-70.036392
13.0578540000001,-70.04364
13.0756150000001,-70.0472409999999
13.10955,-70.057251
