"V1","V2"
-80.5772249999999,24.945549
-80.5819549999999,24.944439
-80.591675,24.9449960000001
-80.5986179999999,24.947773
-80.600861,24.950809
-80.574448,24.964439
-80.5688929999999,24.968884
-80.455566,25.0913850000001
-80.410278,25.1508289999999
-80.38755,25.1817950000001
-80.3588869999999,25.218884
-80.341675,25.2574999999999
-80.33139,25.2911070000001
-80.2897189999999,25.339165
-80.28389,25.34444
-80.27861,25.3474959999999
-80.269165,25.349998
-80.26445,25.3497200000001
-80.257507,25.3463860000001
-80.254181,25.3413850000001
-80.25528,25.335831
-80.2572329999999,25.333332
-80.2605589999999,25.330551
-80.267776,25.328331
-80.3644409999999,25.163883
-80.363892,25.157219
-80.368607,25.148331
-80.371933,25.1438870000001
-80.571121,24.9494400000001
-80.5772249999999,24.945549
