"V1","V2"
106.163307,-6.01416699999999
106.180542,-6.01777799999991
106.187477,-6.01777799999991
106.199142,-6.015556
106.203323,-6.01277800000003
106.209991,-6.00611099999992
106.217484,-5.99305499999997
106.230553,-5.96527800000001
106.236099,-5.95694399999996
106.243042,-5.95027799999997
106.251099,-5.94472200000001
106.260818,-5.94055600000002
106.267761,-5.94055600000002
106.279984,-5.94194399999998
106.290268,-5.94527699999998
106.331383,-5.97277700000001
106.46582,-6.03666700000002
106.475273,-6.04083300000002
106.486099,-6.043612
106.491653,-6.043612
106.497208,-6.04222199999992
106.513046,-6.03055599999988
106.523323,-6.02027799999991
106.530823,-6.01416699999999
106.543869,-6.00666699999994
106.699417,-6.01361200000002
106.704987,-6.01499999999999
106.713043,-6.02027799999991
106.719994,-6.03388899999987
106.728043,-6.06666699999988
106.731659,-6.07694500000002
106.7397,-6.08916699999992
106.743317,-6.09249999999992
106.755501,-6.10080199999999
106.804153,-6.09861100000001
106.901382,-6.09055599999999
106.927406,-6.08829999999995
106.953049,-6.087222
106.983597,-6.083889
106.994713,-6.08111200000002
107.003052,-6.07555599999995
107.00499,-6.07083399999993
107.014427,-6.04750000000001
107.018051,-6.03750000000002
107.017487,-5.97138899999993
107.013321,-5.92777699999994
107.013893,-5.92138899999998
107.020828,-5.91472199999998
107.026932,-5.91416599999997
107.038589,-5.91611099999994
107.100807,-5.935833
107.10582,-5.93777799999998
107.109993,-5.94055600000002
107.113312,-5.944166
107.119431,-5.95138899999995
107.124977,-5.95972299999994
107.139427,-5.97333300000003
107.147491,-5.97888899999998
107.157211,-5.982778
107.168053,-5.98555599999997
107.188026,-5.9849999999999
107.198868,-5.98222299999998
107.222763,-5.97194500000001
107.266663,-5.95416699999998
107.27916,-5.95277799999997
107.292763,-5.95277799999997
107.305817,-5.95361099999997
107.31749,-5.95555599999994
107.323036,-5.95694399999996
107.33194,-5.96166699999986
107.360527,-5.98138899999998
107.368317,-5.98777799999999
107.390823,-6.01277800000003
107.408043,-6.03666700000002
107.436653,-6.083055
107.549713,-6.17222199999998
107.638321,-6.24194399999999
107.650543,-6.25
107.666931,-6.25416799999999
107.694427,-6.25416799999999
107.723877,-6.24944399999998
107.738876,-6.24527699999999
107.743591,-6.24333300000001
107.872482,-6.22694499999994
107.880814,-6.23222299999992
108.067757,-6.33305499999989
108.087769,-6.34055599999994
108.099426,-6.34277799999995
108.125259,-6.34388899999993
108.152206,-6.34333299999997
108.171371,-6.34194499999995
108.182213,-6.33916699999997
108.186371,-6.33666699999998
108.190536,-6.33388899999989
108.192467,-6.32916699999998
108.193314,-6.32277799999997
108.186371,-6.30916599999995
108.183594,-6.30527799999993
108.183594,-6.29972199999997
108.211647,-6.26638899999995
108.232208,-6.25666699999999
108.237762,-6.25555599999996
108.299423,-6.25805599999995
108.311096,-6.26027900000003
108.315262,-6.26305599999995
108.328323,-6.27722299999999
108.3311,-6.28138899999999
108.35498,-6.31889000000001
108.407761,-6.38888900000001
108.416656,-6.40055599999999
108.423599,-6.40805499999999
108.450272,-6.435833
108.467209,-6.45277800000002
108.483871,-6.46388899999994
108.503052,-6.47194500000001
108.524147,-6.48222299999998
108.535812,-6.49111099999988
108.544144,-6.503334
108.547493,-6.51361199999997
108.55304,-6.56249999999989
108.562477,-6.64166699999998
108.566093,-6.65861100000001
108.57222,-6.68638800000002
108.576927,-6.702223
108.59082,-6.73611099999999
108.595543,-6.745
108.603592,-6.75722299999995
108.620819,-6.77416699999992
108.630539,-6.77833399999997
108.712769,-6.80972200000002
108.734421,-6.815
108.740807,-6.815833
108.765549,-6.81833399999999
108.786102,-6.81833399999999
108.820831,-6.79861099999994
108.829987,-6.79388899999998
108.878593,-6.80277699999994
108.883881,-6.80416700000001
108.888046,-6.80694399999993
108.890823,-6.81110999999993
108.993042,-6.83944400000001
109.281372,-6.88249999999994
109.308029,-6.88305500000001
109.321114,-6.88249999999994
109.404709,-6.87027699999999
109.415817,-6.86749899999995
109.432213,-6.86333399999995
109.44664,-6.858611
109.451393,-6.85666700000002
109.459717,-6.851111
109.466377,-6.84361200000001
109.521927,-6.83138899999994
109.640549,-6.85666700000002
109.776932,-6.890556
109.818604,-6.90416699999997
109.866653,-6.91777799999994
109.933868,-6.92583300000001
109.991364,-6.93000000000001
110.00444,-6.92944399999999
110.095543,-6.91111099999995
110.111923,-6.90694399999995
110.122208,-6.90361099999996
110.132477,-6.89999999999998
110.137207,-6.898056
110.149719,-6.88999999999999
110.202477,-6.89749999999998
110.21138,-6.90222299999999
110.331383,-6.96666599999992
110.339432,-6.97222199999999
110.349716,-6.97555499999999
110.371643,-6.98111199999988
110.378593,-6.98111199999988
110.390823,-6.97972199999998
110.396378,-6.97833299999996
110.466377,-6.95166699999993
110.475807,-6.94777799999997
110.490807,-6.93555499999991
110.507492,-6.91777799999994
110.55748,-6.858611
110.563599,-6.851111
110.579437,-6.82583299999999
110.621643,-6.74555499999997
110.628036,-6.73138899999992
110.645828,-6.68111099999987
110.649147,-6.67083399999996
110.650543,-6.665277
110.660263,-6.61500000000001
110.662201,-6.58972299999999
110.662201,-6.57749999999993
110.662201,-6.56388899999996
110.66304,-6.55777699999999
110.682213,-6.52111099999996
110.701927,-6.49444399999993
110.725273,-6.46305599999994
110.728592,-6.45972299999994
110.732758,-6.45694400000002
110.765823,-6.44194399999998
110.770538,-6.44
110.85054,-6.41750000000002
110.856087,-6.41611099999994
110.919983,-6.40999999999997
110.926086,-6.41083299999997
110.931664,-6.41194399999995
111.026093,-6.4405559999999
111.056931,-6.46444500000001
111.059708,-6.46861100000001
111.084991,-6.54555499999992
111.088318,-6.55583300000001
111.089157,-6.56194399999998
111.087769,-6.58083299999993
111.089706,-6.59249999999997
111.0961,-6.60666699999996
111.102768,-6.62055500000002
111.111649,-6.63888899999995
111.130814,-6.67416699999995
111.141373,-6.69111099999992
111.148041,-6.69805500000001
111.152771,-6.69999999999999
111.200821,-6.70416699999998
111.350807,-6.71555599999988
111.3647,-6.71555599999988
111.383041,-6.71361199999996
111.410538,-6.70694399999991
111.430542,-6.69944399999991
111.439423,-6.69472200000001
111.442749,-6.69111099999992
111.451103,-6.67888799999997
111.454987,-6.669444
111.456383,-6.66388899999998
111.462486,-6.64972199999994
111.468048,-6.64166699999998
111.471367,-6.63805599999995
111.479156,-6.63194399999998
111.483871,-6.63
111.489967,-6.629167
111.495529,-6.63055500000002
111.585274,-6.65444500000001
111.589981,-6.65638899999993
111.612762,-6.67499999999995
111.623032,-6.68499899999995
111.636658,-6.69860999999992
111.642761,-6.704722
111.64888,-6.712222
111.659988,-6.72861099999994
111.669708,-6.73944399999999
111.688026,-6.75527899999997
111.716927,-6.77416699999992
111.721619,-6.77637599999997
111.753883,-6.78527700000001
111.916092,-6.79749999999996
111.935532,-6.78916599999997
111.951103,-6.78444500000001
111.95665,-6.78305499999999
111.969711,-6.78388899999999
111.984154,-6.78999999999996
111.992203,-6.79527799999994
112.025269,-6.83750099999986
112.039703,-6.85722299999998
112.044434,-6.86611099999999
112.052467,-6.87833299999994
112.064148,-6.893889
112.074432,-6.90416699999997
112.078598,-6.90694399999995
112.083328,-6.90888899999987
112.094437,-6.91166700000002
112.106644,-6.91305499999987
112.126648,-6.91361099999995
112.158867,-6.91166700000002
112.182747,-6.90833400000002
112.212196,-6.90361099999996
112.274696,-6.890556
112.332764,-6.87360999999999
112.345261,-6.87222199999997
112.440536,-6.87555500000002
112.44664,-6.87638900000002
112.560257,-6.91222199999987
112.608322,-7.043612
112.676933,-7.165277
112.681091,-7.17472199999997
112.681091,-7.18166599999995
112.679703,-7.18694399999993
112.675537,-7.19666699999999
112.67276,-7.20055600000001
112.668587,-7.20333399999998
112.662491,-7.20416699999998
112.651657,-7.20138900000001
112.631088,-7.19444399999992
112.619431,-7.192499
112.612488,-7.192499
112.606934,-7.19388900000001
112.603043,-7.19666699999999
112.603592,-7.20277799999997
112.605553,-7.20749999999998
112.617203,-7.21638899999994
112.656372,-7.23888899999997
112.665268,-7.24361099999999
112.679703,-7.24972199999996
112.694702,-7.25499999999994
112.706383,-7.25305599999996
112.714706,-7.24749899999989
112.717209,-7.24361099999999
112.721367,-7.23388899999992
112.728317,-7.22027799999995
112.734421,-7.21305599999994
112.742752,-7.20749999999998
112.747482,-7.205556
112.759163,-7.20333399999998
112.770828,-7.205556
112.780273,-7.20944499999996
112.784416,-7.21222199999988
112.797493,-7.22666600000002
112.808594,-7.24277799999999
112.813309,-7.25166699999994
112.827766,-7.28499999999997
112.828873,-7.29055599999998
112.828873,-7.29722199999986
112.813309,-7.40249999999997
112.806374,-7.41000000000003
112.787201,-7.42500000000001
112.763321,-7.43527699999999
112.75972,-7.43861099999998
112.757767,-7.44333299999994
112.756378,-7.44888899999995
112.756943,-7.45499999999993
112.763321,-7.51250099999999
112.77832,-7.54388899999998
112.818047,-7.57916699999998
112.837196,-7.59416700000003
112.845543,-7.59972199999993
112.850273,-7.60166600000002
112.96666,-7.643056
113.09137,-7.70277799999997
113.094994,-7.70611099999996
113.111366,-7.71722199999994
113.172211,-7.74499999999995
113.291656,-7.79111099999994
113.297211,-7.79250000000002
113.303864,-7.79250000000002
113.34082,-7.78166699999997
113.35054,-7.77749999999997
113.362762,-7.76944400000002
113.369713,-7.76250099999999
113.377197,-7.75639000000001
113.388893,-7.74777799999998
113.402481,-7.7408329999999
113.493591,-7.70222299999989
113.505257,-7.69999999999999
113.569092,-7.70722399999994
113.59166,-7.71111099999996
113.681374,-7.72250000000003
113.7686,-7.73138899999998
113.782211,-7.73138899999998
113.925537,-7.69
113.934982,-7.685833
113.943314,-7.68055500000003
113.961113,-7.66416599999997
113.988586,-7.63694500000003
114.021378,-7.61444499999999
114.031097,-7.61055599999992
114.037201,-7.61111099999999
114.041931,-7.61305499999992
114.054977,-7.62055499999991
114.062477,-7.626666
114.073608,-7.63638899999995
114.079712,-7.64361200000002
114.082489,-7.64777900000001
114.087769,-7.65583299999992
114.0961,-7.66833299999996
114.099426,-7.67166599999996
114.124687,-7.694166
114.137207,-7.70222299999989
114.146103,-7.70694399999996
114.313309,-7.75027799999987
114.367477,-7.75777799999992
114.3797,-7.75916699999993
114.385269,-7.76055600000001
114.439972,-7.79444399999994
114.448318,-7.80055499999992
114.461929,-7.82083399999988
114.466087,-7.83055599999994
114.469437,-7.87472200000002
114.468872,-7.880833
114.401657,-8.20777699999996
114.392212,-8.25305600000002
114.387207,-8.27555699999988
114.38443,-8.28638799999993
114.3797,-8.30194499999999
114.372208,-8.32861100000002
114.366653,-8.35694299999989
114.356369,-8.42749999999995
114.356369,-8.43416599999995
114.357208,-8.44027699999987
114.371643,-8.52111200000002
114.373596,-8.52583299999992
114.46138,-8.62944399999986
114.466087,-8.62999899999994
114.471649,-8.62861099999986
114.475807,-8.62610999999998
114.486099,-8.62249899999995
114.492203,-8.62194399999998
114.498322,-8.62249899999995
114.58194,-8.66194499999995
114.586113,-8.66444599999994
114.60582,-8.68555599999991
114.612198,-8.69305599999996
114.620247,-8.70527800000002
114.622208,-8.70999899999993
114.623596,-8.72222099999999
114.622208,-8.74110999999988
114.621094,-8.74666599999995
114.609993,-8.769722
114.59082,-8.77777899999995
114.568329,-8.78250100000002
114.555252,-8.78194399999995
114.532494,-8.77722399999993
114.420258,-8.74583199999995
114.37915,-8.71888899999999
114.389977,-8.70944400000002
114.392212,-8.70444500000002
114.395538,-8.6875
114.393333,-8.67611099999993
114.388603,-8.66722299999992
114.37915,-8.65638899999999
114.367813,-8.64780400000001
114.353592,-8.64083499999998
114.292763,-8.61305399999998
114.283051,-8.60916500000002
114.276932,-8.60833400000001
114.263893,-8.60916500000002
114.250267,-8.6158329999999
114.243317,-8.62249899999995
114.231087,-8.63750099999993
114.219437,-8.646389
114.212486,-8.646389
114.098038,-8.64083499999998
114.061653,-8.63611200000003
113.963882,-8.60027700000001
113.871918,-8.561666
113.74054,-8.53250099999997
113.733597,-8.53250099999997
113.721367,-8.531113
113.66304,-8.49388899999991
113.658867,-8.49110999999999
113.651932,-8.48444399999994
113.648041,-8.47500000000002
113.646652,-8.46944399999995
113.643883,-8.46527699999996
113.636932,-8.45861099999991
113.613602,-8.44777900000003
113.556091,-8.43555600000002
113.44165,-8.379166
113.316383,-8.307501
113.292213,-8.29666700000001
113.277206,-8.29111099999994
113.232758,-8.28111299999995
113.20166,-8.27749999999997
113.18248,-8.27749999999997
113.158043,-8.28027899999995
113.109154,-8.28777899999994
113.079712,-8.29250000000002
113.033867,-8.30138999999991
113.028587,-8.30277799999999
113.023613,-8.30472199999991
112.988037,-8.32360999999997
112.971649,-8.33444400000002
112.965271,-8.34194400000001
112.959991,-8.34999799999997
112.95166,-8.36916500000001
112.946091,-8.37722200000002
112.935806,-8.38750099999999
112.928307,-8.39361199999996
112.918869,-8.39750099999986
112.901657,-8.40111200000001
112.646652,-8.43416599999995
112.523323,-8.39611199999996
112.363876,-8.34277700000001
112.291656,-8.33111200000002
112.166382,-8.31694399999998
111.947197,-8.28361099999995
111.856644,-8.268057
111.794983,-8.25999999999999
111.78804,-8.25999999999999
111.782494,-8.261391
111.717484,-8.29388999999992
111.713318,-8.29666700000001
111.693588,-8.33111200000002
111.693588,-8.33666599999992
111.695534,-8.34138899999999
111.703049,-8.35416599999996
111.651093,-8.36249899999996
111.44693,-8.31416699999988
111.385269,-8.27749999999997
111.112488,-8.24166699999995
111.078873,-8.24916599999995
111.068604,-8.25250099999994
111.045258,-8.25666799999999
111.017761,-8.25666799999999
110.915817,-8.22194500000001
110.833603,-8.20166599999999
110.785538,-8.19499999999999
110.772491,-8.194166
110.7211,-8.19749999999999
110.714996,-8.19694499999997
110.470261,-8.10805499999992
110.379967,-8.07416699999999
110.371643,-8.06861099999992
110.3647,-8.06194499999992
110.214157,-7.98055599999986
110.118042,-7.93916599999994
110.084427,-7.91805599999992
110.056396,-7.89751399999989
110.037201,-7.88944399999997
109.919434,-7.850279
109.702766,-7.79777799999994
109.583603,-7.77555599999999
109.50972,-7.767222
109.401382,-7.72805599999998
109.399147,-7.72333300000003
109.395264,-7.72055499999993
109.289703,-7.69944399999997
109.264999,-7.69666699999999
109.157494,-7.69055600000002
109.118317,-7.692499
109.071114,-7.69999999999999
109.053864,-7.70361099999997
109.042213,-7.71222199999994
108.991653,-7.71722199999994
108.896942,-7.69527699999998
108.892212,-7.69
108.886658,-7.68166600000001
108.882477,-7.66555599999998
108.879967,-7.64111100000002
108.809143,-7.65666699999997
108.779701,-7.68166600000001
108.685257,-7.67972200000003
108.5811,-7.68638800000002
108.563309,-7.689166
108.530273,-7.69749899999999
108.525543,-7.69944399999997
108.516663,-7.70416699999998
108.507217,-7.71499999999986
108.50499,-7.71972199999993
108.503601,-7.725278
108.503601,-7.73888899999997
108.505829,-7.75722300000001
108.505829,-7.76388900000001
108.503052,-7.78166699999997
108.497482,-7.78972199999987
108.476929,-7.80333300000001
108.472214,-7.80527799999999
108.460541,-7.8075
108.426933,-7.80666600000001
108.381088,-7.80472200000003
108.18692,-7.78638799999999
108.16304,-7.78305499999999
108.141098,-7.77749999999997
108.070541,-7.75916699999993
107.921097,-7.71833299999986
107.829987,-7.689166
107.806091,-7.67222199999998
107.794983,-7.66944399999988
107.688873,-7.63277699999998
107.682747,-7.62527799999998
107.679153,-7.62194399999998
107.636932,-7.58861199999996
107.620247,-7.57777800000002
107.575821,-7.55416699999995
107.553307,-7.54250000000002
107.471649,-7.50527899999997
107.466087,-7.50388900000002
107.399719,-7.49361099999993
107.3936,-7.49305500000003
107.31749,-7.48833300000001
107.20166,-7.47527799999989
107.082489,-7.44805499999995
106.709717,-7.419444
106.591087,-7.420278
106.578049,-7.419444
106.567207,-7.416945
106.423309,-7.37138800000002
106.406097,-7.350278
106.388893,-7.31277799999998
106.386932,-7.30805500000002
106.38472,-7.29666700000001
106.379433,-7.24611099999998
106.379967,-7.24000000000001
106.401382,-7.20666699999998
106.412201,-7.19055600000002
106.464432,-7.13472299999995
106.475273,-7.12527799999998
106.487488,-7.11694399999999
106.492477,-7.11500000000001
106.50943,-7.10416700000002
106.525269,-7.09249999999997
106.535538,-7.08249999999998
106.544434,-7.07083399999993
106.545822,-7.06527699999998
106.545822,-7.04500000000002
106.539703,-7.01027899999997
106.536926,-6.99944399999993
106.534149,-6.99527699999993
106.527481,-6.98861099999993
106.50943,-6.97916699999996
106.504173,-6.97749999999996
106.447197,-6.96611100000001
106.441093,-6.96666599999992
106.436096,-6.96888899999999
106.42804,-6.97416699999997
106.425262,-6.97833299999996
106.414993,-6.98861099999993
106.38472,-6.99944399999993
106.369141,-7.00416799999999
106.357483,-7.00611099999992
106.328049,-7.00277799999992
106.322487,-7.00139000000001
106.286102,-6.98722199999997
106.171654,-6.91722199999992
106.146942,-6.90083299999998
106.127197,-6.88583399999999
106.102478,-6.86944399999999
106.076393,-6.854445
106.03804,-6.83750099999986
106.033333,-6.83555599999994
106.018333,-6.83138899999994
106.000549,-6.82861099999997
105.936653,-6.82527799999997
105.923027,-6.82527799999997
105.684418,-6.84305599999993
105.609154,-6.855278
105.592758,-6.85916600000002
105.568047,-6.86888899999997
105.5522,-6.87360999999999
105.545532,-6.87360999999999
105.485809,-6.87027699999999
105.481087,-6.86805499999997
105.473312,-6.86194399999999
105.44664,-6.84500000000003
105.370529,-6.81972200000001
105.358871,-6.81777899999997
105.320541,-6.815
105.30748,-6.81444499999998
105.3022,-6.815833
105.243317,-6.81027799999993
105.215958,-6.77521599999994
105.250816,-6.77083399999992
105.262497,-6.768889
105.271927,-6.764723
105.276093,-6.76194500000003
105.318604,-6.72250000000003
105.406937,-6.74222199999991
105.424698,-6.772223
105.453598,-6.811666
105.460274,-6.81833399999999
105.464432,-6.82111199999997
105.469994,-6.82249999999999
105.48027,-6.81916699999999
105.484421,-6.81638800000002
105.491364,-6.80888800000002
105.6147,-6.64555499999994
105.626083,-6.63
105.628311,-6.62527799999998
105.630257,-6.62055500000002
105.6297,-6.61416600000001
105.626083,-6.56194399999998
105.626923,-6.49166699999995
105.627472,-6.48555599999997
105.631653,-6.476111
105.637207,-6.46777800000001
105.647491,-6.45777800000002
105.656372,-6.45277800000002
105.663307,-6.45277800000002
105.66748,-6.45555599999994
105.673599,-6.46305599999994
105.675537,-6.46777800000001
105.679703,-6.49111099999988
105.684418,-6.49999999999994
105.693314,-6.51139000000001
105.705833,-6.519722
105.711113,-6.52111099999996
105.71666,-6.519722
105.768883,-6.49638800000002
105.780548,-6.48777799999988
105.801086,-6.46722199999999
105.805817,-6.45833399999992
105.814148,-6.439166
105.82222,-6.41333399999996
105.823036,-6.40722299999999
105.83194,-6.31527699999992
105.832489,-6.30916599999995
105.83194,-6.289444
105.828323,-6.26555599999995
105.828323,-6.25194499999998
105.83194,-6.22805599999992
105.837196,-6.206389
105.874977,-6.086389
105.8797,-6.07749999999993
105.999153,-5.91527699999989
106.005829,-5.90861100000001
106.013321,-5.90249999999997
106.033867,-5.88888900000001
106.044144,-5.88472299999995
106.049713,-5.88333299999994
106.075821,-5.88194399999998
106.090271,-5.88833299999993
106.098328,-5.89361200000002
106.101929,-5.89694500000002
106.106644,-5.90583299999997
106.108032,-5.91138899999999
106.109993,-5.92972200000003
106.109993,-5.943333
106.107208,-5.96111100000002
106.108032,-5.97416700000002
106.109421,-5.979445
106.113602,-5.98916599999995
106.120247,-5.99583299999995
106.128593,-6.00139000000001
106.143051,-6.00750099999999
106.163307,-6.01416699999999
