"V1","V2"
8.49416500000001,63.428329
8.45527600000003,63.426384
8.42610900000011,63.4269410000001
8.41222200000004,63.4280550000001
8.29527699999994,63.438606
8.28277600000001,63.4466629999999
8.28083200000009,63.452499
8.27999900000009,63.4647220000001
8.28499999999997,63.4833300000001
8.28749800000008,63.4894410000001
8.29166600000013,63.49472
8.29722199999998,63.499443
8.33472100000006,63.517494
8.36527600000005,63.531387
8.4319440000001,63.5566640000001
8.45166599999993,63.561386
8.46277600000013,63.563049
8.48944299999994,63.5641630000001
8.61444299999999,63.5683290000001
8.61472099999992,63.609161
8.81527699999998,63.6391600000001
8.94472100000007,63.653885
8.957222,63.654716
8.97110900000007,63.65361
9.17638799999997,63.56472
9.17333200000007,63.5586089999999
9.16499899999997,63.55555
9.08916700000003,63.528328
9.05138800000009,63.5180510000001
8.96166599999998,63.497498
8.9311100000001,63.491104
8.87499800000006,63.4833300000001
8.78694300000006,63.4769440000001
8.77444300000002,63.4761050000001
8.71861100000001,63.475555
8.70611000000008,63.4747160000001
8.65999999999997,63.4688870000001
8.60416600000002,63.460831
8.57360999999992,63.454437
8.54861100000005,63.4450000000001
8.54166600000008,63.441109
8.52499999999998,63.4347150000001
8.50555400000002,63.429993
8.49416500000001,63.428329
