"V1","V2"
-74.805283,-47.898056
-74.805283,-48.0363919999999
-74.8091739999999,-48.041115
-74.856674,-48.063896
-74.863342,-48.066948
-74.8697359999999,-48.0691679999999
-74.887512,-48.070282
-74.896667,-48.070282
-74.906113,-48.0691679999999
-74.955292,-48.058617
-75.016113,-48.040283
-75.029724,-48.0352779999999
-75.037727,-48.027321
-75.036934,-48.019417
-75.020866,-48.0101969999999
-75.020607,-48.005459
-75.024818,-47.999397
-75.043518,-47.992023
-75.070122,-47.987808
-75.096466,-47.989391
-75.1162189999999,-47.997292
-75.1388699999999,-48.015465
-75.155838,-48.032784
-75.170563,-48.036118
-75.195007,-48.039452
-75.229736,-48.041946
-75.2469479999999,-48.040283
-75.255005,-48.038338
-75.261948,-48.035835
-75.266678,-48.031952
-75.2655639999999,-48.0263899999999
-75.2075039999999,-47.974167
-75.179459,-47.958618
-75.1672359999999,-47.9530559999999
-75.0991669999999,-47.939445
-75.067505,-47.934448
-75.047791,-47.935005
-74.957504,-47.893616
-74.888626,-47.827782
-74.8344569999999,-47.807785
-74.8261259999999,-47.80806
-74.815567,-47.815002
-74.807785,-47.8488919999999
-74.8063959999999,-47.860558
-74.805283,-47.898056
