"V1","V2"
-78.735001,72.3655400000001
-78.753891,72.363312
-78.8122099999999,72.3652650000001
-78.830841,72.3649900000001
-78.854172,72.362198
-78.874435,72.3588710000001
-78.88945,72.3547060000001
-78.9133299999999,72.3455350000001
-78.9208369999999,72.3413700000001
-78.934998,72.3363800000001
-78.9502869999999,72.3349910000001
-79.053055,72.360809
-79.0755619999999,72.4030460000001
-79.075012,72.4097140000001
-79.070847,72.414993
-79.066666,72.4202580000001
-79.0444489999999,72.426651
-79.001404,72.4383090000001
-78.97084,72.445251
-78.9555659999999,72.444427
-78.950562,72.4422
-78.946655,72.440262
-78.9399869999999,72.4358060000001
-78.8469539999999,72.4155430000001
-78.833893,72.4119260000001
-78.740829,72.37442
-78.7316739999999,72.369431
-78.735001,72.3655400000001
