"V1","V2"
-139.58252,-8.87360999999999
-139.578369,-8.875
-139.56665,-8.87305500000002
-139.552246,-8.86694499999993
-139.546112,-8.86638800000003
-139.537231,-8.87638900000002
-139.52005,-8.88000099999999
-139.51532,-8.88472599999994
-139.511719,-8.88666899999993
-139.508362,-8.89000299999992
-139.505005,-8.90028000000001
-139.502838,-8.911945
-139.504181,-8.91722499999997
-139.506989,-8.92138899999998
-139.51532,-8.92694499999993
-139.526978,-8.92750199999995
-139.539185,-8.92639200000002
-139.55307,-8.92639200000002
-139.571381,-8.92833499999995
-139.593323,-8.93361099999993
-139.601654,-8.93916699999994
-139.611969,-8.95639
-139.610535,-8.94389000000001
-139.613312,-8.93305800000002
-139.621399,-8.92083499999995
-139.627472,-8.91333599999996
-139.628906,-8.90778
-139.628906,-8.90250200000003
-139.626923,-8.89750300000003
-139.623627,-8.89416699999992
-139.606934,-8.88333299999999
-139.601654,-8.875
-139.597504,-8.86555499999992
-139.594757,-8.86139100000003
-139.590576,-8.86139100000003
-139.58252,-8.87360999999999
