"V1","V2"
-127.226936,50.636108
-126.975281,50.5769420000001
-126.854721,50.5544360000001
-126.776398,50.5461040000001
-126.768066,50.544441
-126.72139,50.531937
-126.705276,50.527489
-126.639999,50.507774
-126.623322,50.4983290000001
-126.563889,50.483604
-126.493881,50.481934
-126.39473,50.481659
-126.386948,50.482765
-126.355827,50.4833300000001
-126.327789,50.4808200000001
-126.221123,50.468597
-126.205002,50.4666600000001
-126.154716,50.459435
-126.069168,50.4385990000001
-126.046112,50.432495
-126.031387,50.4277730000001
-126.01889,50.4219360000001
-125.976097,50.394997
-125.962509,50.388885
-125.947769,50.3849950000001
-125.928596,50.38221
-125.816963,50.3780440000001
-125.580002,50.365829
-125.564163,50.363884
-125.548607,50.359161
-125.463058,50.32972
-125.449722,50.323608
-125.440552,50.318329
-125.435547,50.314713
-125.431671,50.310547
-125.428879,50.30555
-125.427223,50.2999950000001
-125.426666,50.293884
-125.427223,50.2874980000001
-125.415009,50.2616650000001
-125.393623,50.215546
-125.377777,50.179718
-125.362778,50.1380460000001
-125.330841,50.113884
-125.286942,50.0813830000001
-125.229446,50.026657
-125.221657,50.0180510000001
-125.21611,50.0013890000001
-125.214172,49.9763790000001
-125.212784,49.970825
-125.20723,49.961662
-125.16861,49.912766
-125.112213,49.8683240000001
-124.993057,49.7883300000001
-124.898064,49.731659
-124.891388,49.6647110000001
-124.916397,49.6316600000001
-124.860283,49.541664
-124.853058,49.5324940000001
-124.833069,49.5108260000001
-124.789436,49.464157
-124.579453,49.3874970000001
-124.551102,49.3780440000001
-124.535553,49.373878
-124.519173,49.3702700000001
-124.260834,49.315269
-124.121933,49.2702710000001
-123.943047,49.2111049999999
-123.856377,49.149162
-123.860283,49.1530460000001
-123.866386,49.1608200000001
-123.868057,49.1644360000001
-123.871109,49.1736070000001
-123.871384,49.181107
-123.866386,49.186378
-123.861656,49.188881
-123.849991,49.1916580000001
-123.824448,49.1927640000001
-123.820557,49.1905440000001
-123.80722,49.1802750000001
-123.794449,49.173325
-123.788597,49.1702730000001
-123.769447,49.1630480000001
-123.738052,49.154434
-123.711121,49.149994
-123.704178,49.147491
-123.699432,49.1438830000001
-123.696663,49.1402740000001
-123.696381,49.1355510000001
-123.699158,49.1302720000001
-123.703888,49.126381
-123.731377,49.1174930000001
-123.741669,49.11805
-123.837509,49.1413800000001
-123.850563,49.145546
-123.810272,49.1158290000001
-123.751953,49.040833
-123.749443,49.0352710000001
-123.75029,49.02916
-123.756958,48.9869380000001
-123.758621,48.98082
-123.763344,48.9769360000001
-123.69194,48.9083250000001
-123.68222,48.9022140000001
-123.59111,48.8399890000001
-123.582779,48.8319400000001
-123.565552,48.7897190000001
-123.563049,48.778328
-123.564713,48.7497180000001
-123.509453,48.587494
-123.476669,48.6316600000001
-123.47084,48.673325
-123.469162,48.679436
-123.464447,48.6833270000001
-123.459732,48.6858220000001
-123.451401,48.686653
-123.44194,48.686653
-123.416397,48.6844330000001
-123.401108,48.681381
-123.396393,48.6777730000001
-123.349731,48.5477750000001
-123.348343,48.5358280000001
-123.295273,48.484718
-123.291672,48.4808200000001
-123.27861,48.4561
-123.276108,48.4511030000001
-123.276947,48.445541
-123.286942,48.418602
-123.289719,48.4133219999999
-123.294449,48.4097140000001
-123.300827,48.406654
-123.320557,48.399437
-123.336403,48.396942
-123.360283,48.3972170000001
-123.416656,48.4238820000001
-123.421387,48.42749
-123.425003,48.431938
-123.459732,48.411934
-123.513344,48.37471
-123.536942,48.3383260000001
-123.542503,48.3124920000001
-123.546112,48.30777
-123.551666,48.3047100000001
-123.559158,48.303047
-123.583328,48.301102
-123.598343,48.3116610000001
-123.714447,48.3480450000001
-123.762512,48.361664
-123.771667,48.361664
-123.779999,48.36055
-123.794998,48.3574980000001
-123.808884,48.353325
-123.817497,48.3524930000001
-123.823624,48.3527760000001
-123.916107,48.364159
-123.924156,48.3661040000001
-123.976097,48.381935
-124.263634,48.46888
-124.423607,48.516937
-124.609444,48.560547
-124.688599,48.578331
-124.72084,48.586655
-124.759171,48.6055530000001
-124.771118,48.611664
-124.794998,48.62999
-124.81778,48.6488800000001
-124.822777,48.6524890000001
-124.922501,48.6799930000001
-125.028877,48.708885
-125.0625,48.7149960000001
-125.095001,48.721931
-125.102219,48.7244339999999
-125.113892,48.7311020000001
-125.184433,48.7961040000001
-125.184998,48.8008270000001
-125.017227,48.9205470000001
-124.908623,48.969154
-124.903061,48.9713750000001
-124.847504,49.011665
-124.842773,49.015549
-124.835564,49.024162
-124.780838,49.131378
-124.779449,49.14444
-124.780838,49.1505429999999
-124.796951,49.2158280000001
-124.799728,49.2269360000001
-124.804993,49.2369380000001
-124.80777,49.240547
-124.815552,49.238045
-124.818893,49.234718
-124.824448,49.224159
-124.825012,49.2172090000001
-124.823334,49.2055510000001
-124.81723,49.183327
-124.816101,49.164711
-124.818069,49.1461030000001
-124.826111,49.12249
-124.83139,49.1124950000001
-124.878326,49.0252689999999
-124.881943,49.0205460000001
-124.89473,49.0088880000001
-124.900558,49.0049970000001
-124.906113,49.0019380000001
-124.936943,48.9880450000001
-124.949997,48.98333
-124.962784,48.981102
-125.069168,48.984436
-125.126938,48.991104
-125.198883,48.962769
-125.210007,48.955826
-125.21666,48.953323
-125.224167,48.9516600000001
-125.231377,48.951103
-125.241943,48.9516600000001
-125.318893,48.964439
-125.327217,48.966103
-125.45723,48.918053
-125.464722,48.9163820000001
-125.483612,48.915825
-125.502228,48.91777
-125.507233,48.920273
-125.751106,49.0552670000001
-125.768066,49.098602
-125.738052,49.105553
-125.693047,49.1286010000001
-125.641678,49.1630480000001
-125.637222,49.1669390000001
-125.608887,49.198044
-125.605827,49.2102740000001
-125.607498,49.2158280000001
-125.611107,49.2202679999999
-125.616386,49.219711
-125.664436,49.189987
-125.72084,49.157768
-125.746948,49.148605
-125.753342,49.147491
-125.756119,49.1516570000001
-125.779449,49.241661
-125.796661,49.3102720000001
-125.866096,49.274437
-125.952789,49.2302700000001
-125.965012,49.2252659999999
-125.970284,49.224709
-125.974442,49.2249910000001
-125.981377,49.2272110000001
-125.987503,49.2302700000001
-126.020554,49.2630540000001
-126.023331,49.2680510000001
-126.022232,49.2808230000001
-126.018623,49.2855530000001
-126.013062,49.2888870000001
-126.006668,49.29055
-125.980293,49.2924960000001
-125.973618,49.294998
-125.969162,49.297493
-125.950287,49.311935
-125.945541,49.3166660000001
-125.897507,49.4102710000001
-125.895844,49.416382
-125.896957,49.428047
-125.899727,49.4336010000001
-125.904716,49.4358220000001
-125.909157,49.4319380000001
-125.94722,49.3955460000001
-125.962509,49.377487
-125.965012,49.3736040000001
-125.965286,49.367493
-125.962219,49.3555530000001
-125.962784,49.3502730000001
-125.96611,49.345543
-125.99527,49.3244400000001
-126.001953,49.321938
-126.009453,49.321663
-126.039169,49.330276
-126.046387,49.3333280000001
-126.061111,49.344154
-126.065002,49.348328
-126.075562,49.3863830000001
-126.073898,49.3924940000001
-126.120003,49.42305
-126.225563,49.4102710000001
-126.263901,49.389435
-126.36528,49.4016570000001
-126.459167,49.401932
-126.46167,49.3827670000001
-126.46611,49.380272
-126.526672,49.371933
-126.542221,49.3744350000001
-126.547234,49.3780440000001
-126.577789,49.4077679999999
-126.579453,49.4133220000001
-126.579178,49.4194409999999
-126.569733,49.5763850000001
-126.566101,49.584435
-126.470284,49.635551
-126.46167,49.6366580000001
-126.404167,49.6377720000001
-126.384171,49.6363830000001
-126.367493,49.6330490000001
-126.360283,49.630821
-126.341377,49.628876
-126.284729,49.6344380000001
-126.223892,49.640549
-126.134171,49.649994
-126.094452,49.6555480000001
-126.086937,49.657211
-126.087509,49.662209
-126.090286,49.6663820000001
-126.094162,49.671104
-126.103058,49.679161
-126.110283,49.681381
-126.11972,49.6811070000001
-126.209442,49.673882
-126.234444,49.669159
-126.246384,49.6647110000001
-126.283073,49.654991
-126.29834,49.6522140000001
-126.340843,49.6486050000001
-126.431107,49.662491
-126.438316,49.664154
-126.585007,49.701103
-126.590286,49.704437
-126.63028,49.7949980000001
-126.679718,49.8788760000001
-126.804443,49.909157
-126.839172,49.8847200000001
-126.845551,49.8822100000001
-126.852219,49.8797150000001
-126.876099,49.8733220000001
-126.939438,49.8627700000001
-126.994164,49.85527
-127.121117,49.852287
-127.132492,49.8569410000001
-127.17749,49.8888850000001
-127.185547,49.8974910000001
-127.224442,49.9402690000001
-127.241379,49.961937
-127.238892,49.967209
-127.234444,49.9713750000001
-127.179993,50.021378
-127.18277,50.031662
-127.183609,50.051102
-127.176666,50.061104
-127.172234,50.0649950000001
-127.13028,50.0847170000001
-127.15834,50.096382
-127.270554,50.0991590000001
-127.275009,50.05999
-127.277496,50.055267
-127.28389,50.052216
-127.330002,50.0338820000001
-127.345001,50.0302730000001
-127.380547,50.0261000000001
-127.389999,50.0286030000001
-127.423317,50.0422210000001
-127.45195,50.069717
-127.469162,50.088043
-127.471939,50.092766
-127.54805,50.1302720000001
-127.632767,50.12999
-127.780289,50.0841600000001
-127.781387,50.0841600000001
-127.783623,50.0841600000001
-127.890556,50.1069410000001
-127.895844,50.1088869999999
-127.900833,50.112495
-127.906952,50.120827
-127.906662,50.1277690000001
-127.903343,50.1324920000001
-127.892227,50.1391600000001
-127.879173,50.1444400000001
-127.868057,50.1511
-127.837219,50.1724930000001
-127.828339,50.1805500000001
-127.788887,50.222214
-127.799156,50.3177720000001
-127.804443,50.3213809999999
-127.863892,50.3369370000001
-127.871384,50.337769
-127.881104,50.3372120000001
-127.895554,50.3263850000001
-127.907784,50.3197170000001
-127.921661,50.3166660000001
-127.931381,50.3161010000001
-127.948334,50.321938
-127.952499,50.3247150000001
-127.978607,50.3424910000001
-127.979446,50.3472140000001
-127.926102,50.4599910000001
-127.923889,50.462769
-127.917221,50.4641569999999
-127.756668,50.486382
-127.708054,50.4916610000001
-127.700287,50.492218
-127.584167,50.486938
-127.576683,50.484718
-127.571404,50.481934
-127.563316,50.4741590000001
-127.532784,50.439987
-127.507507,50.4091570000001
-127.49527,50.395828
-127.474442,50.3816600000001
-127.461937,50.3758240000001
-127.454453,50.3736040000001
-127.446953,50.3727650000001
-127.446663,50.379715
-127.452499,50.388885
-127.486656,50.4374920000001
-127.505836,50.458603
-127.520279,50.4697110000001
-127.530838,50.476936
-127.547501,50.486938
-127.563889,50.50222
-127.570007,50.5122149999999
-127.567497,50.516106
-127.550278,50.5383299999999
-127.544724,50.5416640000001
-127.503616,50.5622100000001
-127.496948,50.5652690000001
-127.49028,50.5680540000001
-127.475014,50.5716630000001
-127.443604,50.5716630000001
-127.419724,50.5738830000001
-127.414169,50.5758290000001
-127.411667,50.581383
-127.411392,50.5874940000001
-127.419449,50.5966570000001
-127.58168,50.59388
-127.691383,50.6066590000001
-127.873322,50.6238779999999
-127.876663,50.6216580000001
-127.873611,50.6169360000001
-127.854446,50.6083300000001
-127.800552,50.5874940000001
-127.786667,50.582214
-127.768341,50.5799940000001
-127.751106,50.581108
-127.725014,50.5844349999999
-127.708618,50.5849910000001
-127.662514,50.581383
-127.634453,50.578049
-127.610283,50.565826
-127.595551,50.555824
-127.591667,50.551659
-127.589722,50.5461040000001
-127.595551,50.536659
-127.601097,50.533333
-127.608887,50.5313800000001
-128.051422,50.446693
-128.133636,50.4747090000001
-128.224152,50.5311050000001
-128.319458,50.6086040000001
-128.375275,50.6786040000001
-128.406952,50.738884
-128.414734,50.762772
-128.416656,50.769157
-128.413055,50.7738800000001
-128.40863,50.777771
-128.355835,50.799721
-128.349152,50.801659
-128.106934,50.8605500000001
-128.05307,50.8719330000001
-127.918327,50.872215
-127.909729,50.871376
-127.882767,50.865547
-127.833328,50.854164
-127.67749,50.817497
-127.514717,50.774437
-127.507233,50.772217
-127.495827,50.7658310000001
-127.487503,50.7572170000001
-127.459167,50.718323
-127.354446,50.676102
-127.226936,50.636108
