"V1","V2"
-177.813904,51.719704
-177.87915,51.6847080000001
-177.911133,51.6594240000001
-177.91333,51.640831
-177.913086,51.633881
-177.907806,51.5919270000001
-177.949982,51.606377
-178.087494,51.6594240000001
-178.10083,51.664711
-178.093628,51.6938710000001
-178.090576,51.698868
-178.084991,51.6997150000001
-178.07724,51.697762
-178.070587,51.694984
-178.061707,51.6938710000001
-178.040833,51.694984
-178.032257,51.6963810000001
-177.97168,51.7141490000001
-177.95752,51.7191470000001
-177.95224,51.7227550000001
-177.949188,51.727768
-177.948334,51.733871
-177.949982,51.7469409999999
-177.95282,51.7591630000001
-177.955261,51.764709
-177.959991,51.768883
-177.965576,51.772217
-178.069733,51.8108220000001
-178.171661,51.8466570000001
-178.214172,51.861664
-178.218872,51.8655400000001
-178.218079,51.8719330000001
-178.215027,51.8766560000001
-178.189758,51.8952640000001
-178.184174,51.8985980000001
-178.171417,51.9044270000001
-178.156158,51.9088750000001
-178.147522,51.910538
-178.109161,51.914711
-177.946136,51.9191589999999
-177.937256,51.9180530000001
-177.930573,51.915268
-177.886169,51.884438
-177.825317,51.8311
-177.797241,51.788879
-177.813904,51.719704
