"V1","V2"
115.502213,-8.17861199999993
115.52887,-8.19277799999998
115.557747,-8.21194500000001
115.564697,-8.21861100000001
115.706383,-8.35610999999989
115.71138,-8.36500000000001
115.714706,-8.37527699999993
115.713318,-8.39416699999998
115.711929,-8.39972299999994
115.707764,-8.40916600000003
115.699417,-8.42138899999998
115.685806,-8.43499899999995
115.615257,-8.49388899999991
115.502777,-8.55083299999995
115.44664,-8.56972100000002
115.395264,-8.58749999999998
115.376083,-8.59555399999994
115.344711,-8.61166600000001
115.335823,-8.61638799999997
115.327477,-8.62194399999998
115.304977,-8.64027800000002
115.291092,-8.65388899999999
115.272751,-8.69623199999995
115.264938,-8.70996499999995
115.260292,-8.71376799999996
115.222679,-8.72517799999997
115.20916,-8.734262
115.202606,-8.74757399999993
115.200073,-8.76743399999992
115.207466,-8.78011099999998
115.218666,-8.78898499999997
115.223312,-8.78708399999999
115.215919,-8.76827899999995
115.218033,-8.76194099999992
115.225845,-8.757926
115.231659,-8.75889000000001
115.234993,-8.76222200000001
115.239151,-8.77166699999998
115.241928,-8.78250100000002
115.242477,-8.80222299999997
115.239151,-8.81222199999996
115.231659,-8.82583199999993
115.221367,-8.83611100000002
115.217758,-8.83944300000002
115.209717,-8.84472299999999
115.158333,-8.85361099999994
115.145828,-8.85499999999996
115.126083,-8.85416599999996
115.104713,-8.84805499999999
115.10054,-8.84555399999999
115.093872,-8.838055
115.089706,-8.82861100000002
115.089706,-8.82305500000001
115.092484,-8.81916599999994
115.124687,-8.79666700000001
115.133614,-8.791111
115.138321,-8.78916700000002
115.154648,-8.78433699999999
115.17028,-8.77968899999996
115.175987,-8.77060299999994
115.178734,-8.75982799999997
115.179367,-8.74799599999994
115.178101,-8.722219
115.175774,-8.71038699999997
115.170532,-8.69638799999996
115.161942,-8.67823599999997
115.145264,-8.66055699999987
115.076103,-8.59222199999994
114.966377,-8.496666
114.925812,-8.46999899999997
114.891663,-8.44972200000001
114.877197,-8.44361099999992
114.792213,-8.411112
114.753326,-8.40222399999993
114.718323,-8.39611199999996
114.705833,-8.39499999999998
114.699142,-8.39499999999998
114.65387,-8.39750099999986
114.63472,-8.39888999999994
114.623032,-8.40111200000001
114.616089,-8.40111200000001
114.602478,-8.39027799999997
114.571663,-8.35972199999998
114.533867,-8.31500099999988
114.527771,-8.307501
114.51944,-8.29527899999999
114.500267,-8.26611099999991
114.49498,-8.25805700000001
114.484711,-8.24083299999995
114.468048,-8.20972299999994
114.461929,-8.1955549999999
114.456383,-8.18055500000003
114.455261,-8.17527799999993
114.44693,-8.11694299999999
114.445534,-8.10472099999993
114.446373,-8.09860999999995
114.448868,-8.09444399999995
114.453049,-8.09166699999997
114.465553,-8.09027699999996
114.478592,-8.090036
114.492752,-8.09166699999997
114.510536,-8.09444399999995
114.712196,-8.14139
114.722488,-8.144724
114.739433,-8.15555599999999
114.751099,-8.16444599999994
114.764999,-8.17111199999994
114.770264,-8.17250100000001
114.836929,-8.18805500000002
114.878036,-8.190834
114.987488,-8.186666
115.000549,-8.18611099999998
115.011658,-8.18333200000001
115.020538,-8.17861199999993
115.0336,-8.17111199999994
115.045822,-8.16305499999999
115.099426,-8.11222099999992
115.123306,-8.08777799999996
115.145264,-8.06861099999992
115.15332,-8.063334
115.16304,-8.05916599999995
115.168587,-8.05777699999993
115.180817,-8.05638900000002
115.187759,-8.05638900000002
115.203598,-8.05972300000002
115.361099,-8.11416600000001
115.394707,-8.12833199999989
115.461113,-8.15750099999997
115.502213,-8.17861199999993
