"V1","V2"
122.737762,-4.65111199999996
122.74942,-4.74722200000002
122.768051,-4.875
122.780273,-4.89694500000002
122.776093,-4.95277799999997
122.774696,-4.95833399999998
122.707764,-5.01444500000002
122.652206,-5.06138900000002
122.641937,-5.07166699999999
122.63916,-5.07583299999999
122.601379,-5.16111099999995
122.599991,-5.16666600000002
122.598038,-5.184999
122.601379,-5.19527699999998
122.607483,-5.19583299999994
122.631653,-5.21694500000001
122.656372,-5.27027799999996
122.658333,-5.28194400000001
122.657761,-5.29472299999998
122.654984,-5.31249999999994
122.644707,-5.34999900000003
122.642487,-5.35472199999992
122.605553,-5.42027799999988
122.602768,-5.42444399999994
122.597214,-5.42583299999995
122.548599,-5.4375
122.454712,-5.40388899999999
122.317757,-5.39305599999994
122.306091,-5.39111100000002
122.289703,-5.38694500000003
122.284988,-5.38499999999988
122.282761,-5.38027799999998
122.281372,-5.37472199999996
122.27388,-5.33583399999998
122.273323,-5.32277799999991
122.27388,-5.31666699999994
122.322487,-5.15361099999996
122.332764,-5.12555500000002
122.334991,-5.12083299999995
122.337486,-5.11666599999995
122.345261,-5.11055599999997
122.360809,-5.1058329999999
122.370529,-5.10166600000002
122.386383,-5.08999999999992
122.389709,-5.08666699999992
122.395264,-5.07833399999998
122.397217,-5.07361099999997
122.398041,-5.0675
122.397217,-5.05444399999993
122.390266,-4.98638799999992
122.38916,-4.98083300000002
122.357483,-4.90305499999994
122.351379,-4.88861200000002
122.345261,-4.87444399999998
122.334991,-4.85722299999992
122.328049,-4.84361199999995
122.32666,-4.83805599999999
122.371094,-4.75972300000001
122.373871,-4.75555600000001
122.380814,-4.74860999999993
122.390266,-4.74472200000002
122.401932,-4.74249899999995
122.414429,-4.74388900000002
122.42804,-4.74388900000002
122.44664,-4.74194399999993
122.464996,-4.73972200000003
122.486923,-4.73444499999988
122.513046,-4.726111
122.523323,-4.72222199999999
122.536926,-4.71527800000001
122.545258,-4.709723
122.561096,-4.69833299999988
122.590553,-4.67277699999994
122.597214,-4.66611099999994
122.603592,-4.65861099999995
122.606087,-4.65444499999995
122.609711,-4.65111199999996
122.693314,-4.61138899999997
122.698868,-4.61000000000001
122.707764,-4.61472199999997
122.709152,-4.61833299999995
122.73027,-4.63805600000001
122.735809,-4.64611100000002
122.737762,-4.65111199999996
