"V1","V2"
-133.578064,55.4977720000001
-133.631927,55.446938
-133.637512,55.4427640000001
-133.645569,55.441101
-133.667511,55.4505460000001
-133.709717,55.4641570000001
-133.718597,55.4669339999999
-133.729431,55.467766
-133.746643,55.465271
-133.758057,55.4872130000001
-133.729156,55.5388870000001
-133.724426,55.543884
-133.718872,55.5480500000001
-133.702484,55.5513840000001
-133.691681,55.5505450000001
-133.585815,55.5391620000001
-133.58139,55.534996
-133.578613,55.530273
-133.577209,55.524994
-133.574158,55.5091630000001
-133.574432,55.5036090000001
-133.578064,55.4977720000001
