"V1","V2"
-73.976669,-45.267502
-73.939453,-45.268333
-73.921951,-45.2677839999999
-73.890015,-45.263893
-73.882782,-45.262222
-73.858063,-45.260284
-73.831116,-45.263062
-73.81778,-45.268059
-73.807785,-45.2747269999999
-73.7939,-45.2919459999999
-73.784454,-45.311951
-73.781403,-45.3230589999999
-73.781403,-45.3291699999999
-73.783066,-45.335281
-73.789734,-45.344727
-73.795288,-45.347778
-73.8022309999999,-45.3494489999999
-73.8749999999999,-45.349724
-73.96167,-45.3519519999999
-74.0005649999999,-45.357224
-74.010284,-45.356674
-74.017792,-45.355003
-74.13028,-45.3250049999999
-74.1361239999999,-45.321945
-74.14389,-45.3138959999999
-74.166122,-45.250557
-74.149445,-45.234169
-74.1450039999999,-45.230278
-74.139725,-45.227226
-74.085846,-45.21167
-74.0789029999999,-45.210007
-74.0711209999999,-45.209167
-74.062225,-45.210281
-74.055557,-45.212784
-74.050293,-45.215836
-74.045563,-45.219452
-74.042236,-45.223892
-74.037506,-45.233612
-74.036118,-45.2394489999999
-74.031403,-45.2491679999999
-74.022507,-45.2566679999999
-74.0105589999999,-45.262222
-73.994171,-45.265282
-73.976669,-45.267502
