"V1","V2"
126.056641,-2.48249999999996
126.050262,-2.48305499999998
126.039978,-2.47972199999998
126.009163,-2.46249999999992
125.998871,-2.45222199999995
125.981934,-2.42833300000001
125.968048,-2.40777799999995
125.966087,-2.40305499999999
125.961929,-2.38666699999993
125.959152,-2.36138899999997
125.958603,-2.33444499999996
125.957207,-2.32222200000001
125.954437,-2.31111099999993
125.947479,-2.29083299999996
125.94136,-2.27638899999999
125.930542,-2.25999999999988
125.918053,-2.24472199999991
125.907761,-2.23472199999992
125.896942,-2.21805499999999
125.894707,-2.21333399999997
125.862488,-2.08944400000001
125.861366,-2.083889
125.859993,-2.07166699999993
125.863876,-2.05527799999999
125.870247,-2.04083300000002
125.885269,-2.00805600000001
125.898331,-1.98666699999995
125.901657,-1.9833329999999
125.918053,-1.97222199999999
125.923599,-1.97083300000003
125.929703,-1.97027800000001
125.935806,-1.97083300000003
125.952477,-1.97500000000002
125.957207,-1.976944
125.959152,-1.97854599999994
125.973038,-1.98861099999999
125.988586,-2.00027799999992
125.992203,-2.00388900000002
126.000267,-2.01611099999991
126.002487,-2.02777799999996
126.001663,-2.04083300000002
125.998322,-2.05111099999999
125.990807,-2.07083399999993
125.978317,-2.09972199999999
125.970833,-2.12638900000002
125.968872,-2.14499999999998
125.968872,-2.15861100000001
125.969437,-2.16472199999998
125.973602,-2.18111099999999
125.976929,-2.19138900000002
125.986099,-2.20999999999998
125.99971,-2.23055599999992
126.016937,-2.26194500000003
126.086113,-2.41861099999994
126.087486,-2.42416700000001
126.087486,-2.43111099999999
126.086113,-2.436666
126.079987,-2.45777800000002
126.075821,-2.46749999999992
126.070267,-2.47555499999999
126.066093,-2.47833299999996
126.056641,-2.48249999999996
