"V1","V2"
141.889984,-2.96999999999997
141.894714,-2.97194400000001
141.913879,-2.97194400000001
141.931091,-2.96861100000001
141.935791,-2.96638899999999
141.962463,-2.958889
141.973572,-2.95611100000002
141.991913,-2.95416699999993
142.003601,-2.95611100000002
142.011932,-2.96166699999992
142.066071,-3.00833399999999
142.076904,-3.01777799999996
142.077759,-3.02055499999994
142.124969,-3.05944399999998
142.252472,-3.10472199999992
142.55191,-3.21833299999997
142.663605,-3.24777799999998
142.946625,-3.33249999999992
142.992462,-3.34833300000003
143.032745,-3.36277799999993
143.041077,-3.36416699999995
143.073181,-3.36020599999995
143.087738,-3.35583399999996
143.093842,-3.35499999999996
143.106079,-3.35388899999998
143.12384,-3.35388899999998
143.17276,-3.35722299999998
143.194702,-3.35999999999996
143.209686,-3.36527799999993
143.213867,-3.36805500000003
143.229401,-3.37972200000002
143.238281,-3.38444499999997
143.255554,-3.38805600000001
143.336365,-3.40166699999997
143.346069,-3.40166699999997
143.370789,-3.40166699999997
143.38443,-3.40305499999994
143.408325,-3.40638899999993
143.442749,-3.41194399999995
143.516083,-3.43444399999998
143.520813,-3.43666599999995
143.529144,-3.44194399999998
143.536652,-3.44805499999995
143.569427,-3.47555499999999
143.598846,-3.51444499999997
143.602173,-3.52472199999994
143.605804,-3.541945
143.609131,-3.545278
143.613281,-3.54805599999997
143.648865,-3.56722300000001
143.731079,-3.60416700000002
143.768311,-3.61083400000001
143.790802,-3.61083400000001
143.794983,-3.61222199999992
143.798859,-3.61500000000001
143.949127,-3.73333300000002
143.955231,-3.73944399999999
143.958008,-3.74361099999999
143.964691,-3.75722300000001
143.966064,-3.76277800000003
143.976349,-3.77972199999999
143.981903,-3.78805599999993
143.988861,-3.79500000000002
143.993011,-3.79777799999999
144.016937,-3.81055499999997
144.243011,-3.87277699999993
144.249115,-3.87361099999993
144.253876,-3.87138900000002
144.255249,-3.86611099999993
144.253876,-3.86194499999993
144.253876,-3.85499999999996
144.258026,-3.84555499999999
144.275269,-3.809166
144.278595,-3.80583300000001
144.284973,-3.80527799999999
144.338287,-3.80250000000001
144.375244,-3.80250000000001
144.511658,-3.82083399999993
144.515808,-3.82361100000003
144.532196,-3.84611100000001
144.534973,-3.850278
144.549988,-3.87611099999992
144.552185,-3.88111099999992
144.547211,-3.89388899999994
144.545258,-3.90416699999992
144.54248,-3.93444399999998
144.543854,-3.95361100000002
144.547211,-3.96388899999999
144.551361,-3.97194399999995
144.57135,-3.99194399999999
144.591064,-4.00611099999998
144.608307,-4.01305599999995
144.613861,-4.01444500000002
144.653595,-4.01305599999995
144.673309,-4.01361200000002
144.678864,-4.01499999999993
144.729675,-4.03138899999999
144.766663,-4.04638899999998
144.85025,-4.09305599999993
144.858307,-4.09833300000003
144.876343,-4.11361099999999
144.978302,-4.22277700000001
144.981628,-4.22638899999998
144.986633,-4.23499999999996
144.991333,-4.24388900000002
144.99469,-4.25277799999992
144.996063,-4.26250099999999
145.004974,-4.28166700000003
145.033051,-4.335556
145.036652,-4.33888899999999
145.054962,-4.35194399999995
145.089966,-4.371666
145.094696,-4.37388900000002
145.157196,-4.38277699999998
145.228577,-4.38805599999995
145.253052,-4.37861099999998
145.293579,-4.376666
145.305237,-4.37722200000002
145.333862,-4.38944399999997
145.338013,-4.39222199999995
145.45108,-4.49416600000001
145.459412,-4.50444499999998
145.527191,-4.59249999999992
145.614136,-4.70027800000003
145.620514,-4.70777800000002
145.675812,-4.76194499999997
145.679413,-4.76527799999997
145.693848,-4.77694499999996
145.735504,-4.80277699999999
145.780823,-4.92777699999994
145.813599,-5.06555600000002
145.813599,-5.07249999999999
145.786926,-5.23138899999998
145.765808,-5.26361199999997
145.738861,-5.30527799999999
145.724396,-5.41222199999999
145.723846,-5.42527799999993
145.72525,-5.43083299999995
145.734131,-5.44916599999999
145.747742,-5.46972199999993
145.7547,-5.47638899999993
145.766388,-5.485277
145.782745,-5.48944399999999
145.78775,-5.48999999999995
145.79303,-5.48999999999995
145.872467,-5.48611099999999
145.930817,-5.47722199999993
145.935516,-5.47638899999993
145.963593,-5.47305599999993
145.976624,-5.47638899999993
146.082184,-5.51250099999993
146.174683,-5.55138899999992
146.194702,-5.55888800000002
146.289154,-5.58888899999999
146.376343,-5.59916699999997
146.439972,-5.59861100000001
146.445526,-5.59861100000001
146.46524,-5.60472199999998
146.470215,-5.60666799999996
146.474091,-5.60944599999993
146.531189,-5.65468099999993
146.580536,-5.69472199999996
146.605225,-5.71777799999995
146.640808,-5.74388900000002
146.653046,-5.75194499999998
146.66275,-5.75611099999998
146.688873,-5.76416699999999
146.714691,-5.76972199999994
146.770782,-5.79138899999998
146.775787,-5.793612
146.783844,-5.79888999999997
146.786072,-5.80388900000003
146.79631,-5.83441800000003
146.875214,-5.825557
146.894958,-5.82889
146.923004,-5.84194599999995
146.930511,-5.84805699999993
146.94632,-5.86638899999997
146.953827,-5.88611200000003
146.956604,-5.89027900000002
146.962708,-5.89778000000001
146.992157,-5.91611299999994
147.01413,-5.928335
147.041626,-5.94222399999995
147.046326,-5.94416899999999
147.102722,-5.966114
147.112152,-5.96667000000002
147.228821,-5.97223500000001
147.234924,-5.97140200000001
147.246582,-5.96251499999994
147.269684,-5.93807099999998
147.274658,-5.936127
147.284943,-5.935294
147.423279,-5.96058199999999
147.466614,-5.97086000000002
147.476868,-5.97419300000001
147.484375,-5.98030399999999
147.573303,-6.05527799999999
147.590515,-6.07222299999995
147.641937,-6.13694499999997
147.786652,-6.30249999999995
147.826355,-6.33722199999994
147.830261,-6.34694500000001
147.85025,-6.41166699999997
147.863861,-6.45916699999992
147.866638,-6.47000000000003
147.869965,-6.65472199999994
147.869415,-6.66083300000003
147.866058,-6.67083399999996
147.84552,-6.69138800000002
147.838562,-6.69805500000001
147.819427,-6.71305599999999
147.810516,-6.71777799999995
147.770813,-6.72611099999995
147.759155,-6.72805599999992
147.568024,-6.75194499999998
147.416382,-6.73500000000001
147.305542,-6.745833
147.219696,-6.74638799999997
147.199982,-6.745833
147.188873,-6.74305499999997
147.180817,-6.74027699999999
147.174683,-6.73555599999992
147.166382,-6.72333300000003
147.160248,-6.71722199999994
147.149994,-6.71388899999999
147.088867,-6.71444499999996
146.971069,-6.74305499999997
146.961365,-6.74722199999997
146.948578,-6.79805599999997
146.944977,-6.81527699999992
146.943024,-6.84027800000001
146.94165,-6.90444499999995
146.944977,-6.95388899999995
146.94635,-6.95944500000002
146.948578,-6.96416699999992
146.955231,-6.97111100000001
147.024414,-7.03694400000001
147.037476,-7.044444
147.130798,-7.20361099999997
147.140259,-7.22111099999995
147.14444,-7.23083300000002
147.146362,-7.24916599999995
147.145813,-7.26194500000003
147.141663,-7.27166699999998
147.140259,-7.27694500000001
147.137482,-7.29472299999992
147.139709,-7.32527799999997
147.15332,-7.38305500000001
147.154694,-7.38861199999997
147.178589,-7.46388899999999
147.210785,-7.49027699999994
147.21637,-7.49166700000001
147.297211,-7.50388900000002
147.303314,-7.50472300000001
147.320526,-7.50527899999997
147.332184,-7.503334
147.336914,-7.50527899999997
147.418579,-7.56722300000001
147.457733,-7.59777799999995
147.641357,-7.77555599999999
147.666656,-7.79111099999994
147.670807,-7.79388899999992
147.693298,-7.82583299999993
147.696075,-7.83527800000002
147.70163,-7.87055500000002
147.70163,-7.88416699999999
147.700806,-7.89027799999997
147.70163,-7.90333399999997
147.703033,-7.90861100000001
147.71051,-7.92166600000002
147.71524,-7.92916699999995
147.718567,-7.93249999999995
147.731628,-7.93999999999994
147.741333,-7.94388900000001
147.756927,-7.94860999999992
147.776917,-7.93638799999997
147.782471,-7.93527699999999
147.804413,-7.93527699999999
147.85495,-7.93527699999999
147.866638,-7.93722199999996
147.876343,-7.94111099999998
147.888031,-7.94999999999993
147.911926,-7.96722199999999
147.935791,-7.98277799999994
147.939423,-7.98472199999992
147.974396,-7.99610899999993
147.979675,-8.036945
147.982452,-8.04777899999993
147.985229,-8.05194499999993
147.992188,-8.05861099999993
148.004425,-8.066666
148.009979,-8.066666
148.026367,-8.06277799999992
148.114685,-8.05527899999993
148.135254,-8.06611099999992
148.194977,-8.25194499999992
148.199707,-8.26749999999998
148.205811,-8.29527899999999
148.206635,-8.30138999999997
148.207184,-8.310833
148.207184,-8.32055499999996
148.206635,-8.33999999999992
148.210785,-8.39305699999994
148.220245,-8.51027900000003
148.222198,-8.53388999999999
148.23053,-8.55972300000002
148.235229,-8.56861099999992
148.242188,-8.57527699999997
148.271088,-8.59444400000001
148.300537,-8.61138899999997
148.318298,-8.60861
148.327179,-8.60638799999992
148.33136,-8.60638799999992
148.347198,-8.61138899999997
148.351898,-8.61333300000001
148.376617,-8.62944399999992
148.443024,-8.67500100000001
148.445801,-8.67888800000003
148.478577,-8.73305499999998
148.47995,-8.73861099999993
148.47995,-8.75889000000001
148.489685,-8.84027700000001
148.494415,-8.86666500000001
148.530823,-8.99305499999997
148.534698,-9.00277899999998
148.536926,-9.00750199999993
148.588867,-9.07027799999997
148.604126,-9.08249999999998
148.61441,-9.08583299999992
148.695251,-9.10222199999998
148.719971,-9.10472099999998
148.72525,-9.10472099999998
148.753601,-9.10416600000002
148.782196,-9.10138899999998
148.842468,-9.09055499999994
149.0672,-9.04111099999994
149.07135,-9.03861199999994
149.137756,-9.00666799999993
149.221344,-8.99860999999999
149.255829,-8.99777799999998
149.259979,-8.999166
149.309967,-9.01694500000002
149.314697,-9.01889
149.31665,-9.02166699999992
149.322205,-9.03777899999994
149.338013,-9.12972100000002
149.328308,-9.15277899999995
149.325531,-9.15694399999995
149.316071,-9.16777799999994
149.31192,-9.17055499999992
149.291351,-9.18388899999997
149.181641,-9.34916700000002
149.179688,-9.35361099999994
149.178864,-9.35972199999992
149.178864,-9.373333
149.181091,-9.38499999999993
149.184418,-9.39499999999992
149.208313,-9.45249899999999
149.219971,-9.47472199999993
149.227753,-9.48749900000001
149.231079,-9.49110999999999
149.234406,-9.49444399999999
149.243286,-9.49916599999995
149.266663,-9.50999999999993
149.271637,-9.51194600000002
149.27832,-9.51194600000002
149.288574,-9.50861199999991
149.301636,-9.50777799999992
149.30719,-9.50916699999993
149.348846,-9.52194600000001
149.437469,-9.57138799999996
149.439423,-9.59111000000001
149.440796,-9.59638799999999
149.444122,-9.59972199999999
149.454407,-9.60305399999999
149.662201,-9.60722199999998
149.73941,-9.60166500000003
149.746338,-9.60166500000003
149.758026,-9.60388799999998
149.764984,-9.60916499999996
149.771088,-9.61666499999995
149.775269,-9.61944399999993
149.780548,-9.62083199999995
149.87439,-9.642223
149.880798,-9.643057
149.90332,-9.64361199999996
149.910248,-9.64361199999996
149.945801,-9.642223
149.956635,-9.639723
149.960785,-9.63694599999997
149.982727,-9.63138800000002
150.008881,-9.63138800000002
150.049133,-9.67944499999999
150.051361,-9.684166
150.053314,-9.68888899999996
150.056915,-9.70999899999993
150.056915,-9.71527700000001
150.055542,-9.72055399999999
150.05191,-9.72416699999997
149.988861,-9.75111199999998
149.926636,-9.76944500000002
149.863586,-9.78222299999999
149.857452,-9.78277800000001
149.852753,-9.78222299999999
149.841644,-9.77944600000001
149.83551,-9.77888899999994
149.808014,-9.78138899999993
149.769714,-9.790277
149.764984,-9.79222299999998
149.73941,-9.80777699999993
149.727173,-9.81583399999994
149.720245,-9.82277699999992
149.717468,-9.82666599999999
149.71637,-9.832222
149.717468,-9.83749999999998
149.721069,-9.84750000000003
149.723022,-9.85249900000002
149.762207,-9.90166699999992
149.87384,-10.016945
149.914154,-10.0488889999999
149.926636,-10.056944
149.935516,-10.061666
149.982727,-10.081112
149.988281,-10.0824999999999
149.994415,-10.081944
150.003326,-10.0772229999999
150.013611,-10.07361
150.019714,-10.073055
150.184143,-10.0933319999999
150.189148,-10.095278
150.236359,-10.128332
150.259705,-10.152779
150.290527,-10.183056
150.298584,-10.1883339999999
150.308319,-10.1924989999999
150.352753,-10.1999989999999
150.382172,-10.204721
150.400269,-10.207222
150.579681,-10.2411099999999
150.613281,-10.275557
150.618011,-10.2774999999999
150.635254,-10.280834
150.641357,-10.281389
150.647491,-10.280834
150.775543,-10.2613909999999
150.780548,-10.259167
150.803589,-10.24861
150.815521,-10.2397209999999
150.818848,-10.2363869999999
150.824982,-10.231667
150.829681,-10.2294449999999
150.844116,-10.224722
150.862732,-10.222776
150.869415,-10.222776
150.877747,-10.228333
150.878296,-10.231667
150.870789,-10.2377779999999
150.861908,-10.242498
150.727753,-10.3125
150.641937,-10.349443
150.636383,-10.350832
150.631073,-10.350832
150.602173,-10.350277
150.596069,-10.349443
150.547485,-10.3355559999999
150.496063,-10.3186109999999
150.438568,-10.3036119999999
150.421906,-10.3011109999999
150.415802,-10.3002779999999
150.406372,-10.3044449999999
150.36911,-10.321945
150.358307,-10.331388
150.356354,-10.336111
150.348572,-10.3758319999999
150.346619,-10.3875009999999
150.352173,-10.395279
150.356903,-10.397501
150.568573,-10.462778
150.649414,-10.475555
150.657745,-10.481112
150.6633,-10.489166
150.689972,-10.550278
150.691925,-10.555
150.691345,-10.561111
150.688568,-10.565277
150.680267,-10.5774989999999
150.675537,-10.579445
150.568024,-10.6219439999999
150.556366,-10.623888
150.522766,-10.619165
150.492737,-10.619165
150.481628,-10.6219439999999
150.477448,-10.6244429999999
150.474121,-10.627777
150.443848,-10.65889
150.428314,-10.6877779999999
150.424133,-10.690556
150.369965,-10.687222
150.268585,-10.6886119999999
150.209686,-10.700556
150.113007,-10.6675
150.099976,-10.657501
150.059418,-10.625832
150.028046,-10.589443
150.016937,-10.5733339999999
150.013031,-10.570555
150.007477,-10.5691659999999
149.915527,-10.557777
149.89859,-10.559723
149.896362,-10.5624999999999
149.893585,-10.5633339999999
149.888306,-10.561945
149.862183,-10.554445
149.852753,-10.550278
149.850525,-10.546946
149.875244,-10.51
149.878571,-10.506668
149.883331,-10.5044459999999
149.901917,-10.502501
149.942474,-10.502501
149.964417,-10.502501
149.968292,-10.50528
149.971069,-10.509445
149.978027,-10.516111
149.989685,-10.518057
150.016937,-10.511391
150.022491,-10.51
150.031372,-10.50528
150.039703,-10.4999999999999
150.078857,-10.462778
150.064423,-10.45611
149.990234,-10.437222
149.866364,-10.398056
149.806091,-10.367777
149.785522,-10.358334
149.758026,-10.346111
149.747742,-10.342777
149.723846,-10.339443
149.683868,-10.3380549999999
149.664062,-10.3398139999999
149.639435,-10.3413889999999
149.572205,-10.3413889999999
149.566925,-10.3413889999999
149.536652,-10.361666
149.335785,-10.307222
149.224976,-10.276112
149.186646,-10.26
149.176361,-10.25639
149.161102,-10.251112
149.139984,-10.244999
149.093292,-10.234165
149.049408,-10.242498
149.038574,-10.244999
148.993835,-10.2605569999999
148.981628,-10.268612
148.934967,-10.2672229999999
148.794434,-10.239166
148.723297,-10.186945
148.680267,-10.149445
148.67746,-10.1533339999999
148.642487,-10.186388
148.637482,-10.1883339999999
148.468292,-10.203888
148.462738,-10.203888
148.40332,-10.200556
148.372467,-10.1919439999999
148.336914,-10.179722
148.332733,-10.176945
148.327179,-10.16889
148.322479,-10.16
148.314972,-10.1405559999999
148.312195,-10.136389
148.304688,-10.1302779999999
148.157562,-10.073709
148.154419,-10.0791659999999
148.150543,-10.095278
148.148315,-10.099998
148.115509,-10.121666
148.103027,-10.129721
148.088867,-10.135834
148.083313,-10.137222
148.055237,-10.143333
147.999695,-10.151945
147.952454,-10.145834
147.940796,-10.1211109999999
147.923035,-10.098055
147.872192,-10.047501
147.863281,-10.0427779999999
147.857727,-10.0427779999999
147.781097,-10.050833
147.775543,-10.052223
147.766083,-10.05611
147.619965,-9.99083299999995
147.612457,-9.98472199999998
147.601349,-9.97527700000001
147.574127,-9.94833399999999
147.510254,-9.87861099999998
147.50415,-9.87138699999997
147.501373,-9.86722199999997
147.49939,-9.85583300000002
147.501373,-9.85110999999995
147.503601,-9.83944299999996
147.503601,-9.81249999999994
147.49939,-9.79638899999998
147.490509,-9.77138899999994
147.488281,-9.76666599999999
147.386932,-9.63555700000001
147.316376,-9.55527899999998
147.2966,-9.53412499999996
147.248566,-9.50583499999993
147.129395,-9.44361099999992
147.080002,-9.43415499999992
147.099976,-9.44972200000001
147.102753,-9.45388800000001
147.102753,-9.48361
147.101349,-9.48888799999997
147.099121,-9.49110999999999
147.094421,-9.49305499999997
147.088867,-9.49166699999995
147.062195,-9.47333300000003
147.055237,-9.46666499999998
147.008026,-9.39833499999992
147.001923,-9.38416699999993
146.926636,-9.28277800000001
146.91748,-9.28750000000002
146.911377,-9.286945
146.901093,-9.28333300000003
146.896942,-9.28083400000003
146.893585,-9.27722399999993
146.891663,-9.27250099999998
146.888885,-9.18333200000001
146.905045,-9.13727799999992
146.905869,-9.13410900000002
146.907043,-9.13127700000001
146.909882,-9.13077700000002
146.915375,-9.13361099999992
146.918549,-9.13444399999992
146.969696,-9.09138899999994
146.977173,-9.07444399999997
146.981354,-9.05944399999993
146.981049,-9.050974
146.974396,-9.03388999999999
146.972473,-9.02916699999997
146.969116,-9.02833399999997
146.95108,-9.03388999999999
146.945801,-9.04194499999994
146.944427,-9.04722199999998
146.945801,-9.05277799999993
146.951904,-9.06027799999993
146.954681,-9.068333
146.953308,-9.07360999999997
146.925262,-9.09999800000003
146.91748,-9.10611
146.844604,-9.095778
146.840912,-9.09627699999999
146.83757,-9.09544499999998
146.630524,-9.03027900000001
146.621613,-9.02555699999999
146.586639,-8.999166
146.578308,-8.98694399999999
146.558594,-8.94166799999999
146.545532,-8.90249999999992
146.546082,-8.89777900000001
146.555817,-8.85972199999992
146.559143,-8.85638799999998
146.567474,-8.80750099999995
146.541351,-8.76361299999996
146.517487,-8.72499999999997
146.441345,-8.62472199999996
146.431915,-8.61388799999997
146.419983,-8.60500000000002
146.403595,-8.59444400000001
146.379105,-8.58470799999998
146.372192,-8.57805599999995
146.351624,-8.55777699999993
146.318573,-8.50888999999995
146.275543,-8.44305600000001
146.26944,-8.42888799999997
146.268036,-8.42361099999999
146.263306,-8.38750099999999
146.264709,-8.37527699999993
146.264709,-8.36860999999993
146.262482,-8.35972199999998
146.243286,-8.29472399999992
146.238556,-8.28583300000003
146.229675,-8.27444499999996
146.218567,-8.264723
146.111084,-8.16388899999998
146.110229,-8.13472400000001
146.089691,-8.09110999999996
145.998016,-8.05444499999993
145.987732,-8.05111099999993
145.930817,-8.041111
145.918579,-8.03972199999998
145.89859,-8.03888899999998
145.880798,-8.04166799999996
145.83551,-8.02805699999999
145.79776,-8.00777799999997
145.786377,-7.99888900000002
145.718292,-7.96777799999995
145.649994,-7.959723
145.630798,-7.94472200000001
145.616913,-7.93777799999998
145.528046,-7.93777799999998
145.502472,-7.93999999999994
145.484131,-7.94860999999992
145.465515,-7.95083299999993
145.443573,-7.94944399999991
145.432739,-7.94805500000001
145.422485,-7.94472200000001
145.24411,-7.86860999999993
145.198074,-7.82955199999992
145.182724,-7.81384000000003
145.168106,-7.81822399999993
145.162994,-7.82626299999993
145.164459,-7.83649400000002
145.16153,-7.844899
145.155685,-7.84599500000002
145.044968,-7.82041700000002
144.995514,-7.81555599999996
144.879669,-7.78249999999997
144.844696,-7.75722300000001
144.838562,-7.74972199999996
144.840515,-7.74499999999995
144.85025,-7.74111099999999
144.871338,-7.70777799999996
144.873566,-7.70305499999995
144.874115,-7.69694399999997
144.874115,-7.69
144.862457,-7.61055599999992
144.844696,-7.607778
144.833862,-7.67722200000003
144.831085,-7.68111099999993
144.824127,-7.68805500000002
144.819427,-7.69
144.78775,-7.69138800000002
144.7836,-7.69138800000002
144.599396,-7.66027800000001
144.588287,-7.65749999999997
144.584412,-7.65472199999999
144.552185,-7.61194399999999
144.547211,-7.60305499999993
144.547211,-7.59638899999993
144.545807,-7.57472200000001
144.536377,-7.52694500000001
144.534973,-7.52166699999992
144.530823,-7.51222199999995
144.525269,-7.50388900000002
144.520538,-7.50194499999998
144.514984,-7.50194499999998
144.510254,-7.50388900000002
144.508881,-7.50944499999997
144.508331,-7.61472200000003
144.508331,-7.62138799999997
144.424683,-7.53305499999993
144.418579,-7.52583299999992
144.410248,-7.52027799999996
144.406921,-7.51944399999996
144.412201,-7.56583299999994
144.435516,-7.68000000000001
144.467743,-7.74305499999997
144.395813,-7.75583399999994
144.378021,-7.75333399999994
144.363007,-7.74777799999998
144.358856,-7.74499999999995
144.356628,-7.74027699999999
144.354126,-7.729445
144.354126,-7.72277700000001
144.356628,-7.70499999999998
144.35968,-7.694166
144.360229,-7.6825
144.319122,-7.620833
144.315796,-7.61749900000001
144.310791,-7.61666600000001
144.260803,-7.63777800000003
144.250549,-7.65472199999999
144.243561,-7.66694499999994
144.255249,-7.73416600000002
144.263031,-7.74027699999999
144.272491,-7.76749999999998
144.271912,-7.77361099999996
144.268311,-7.77694499999996
144.224396,-7.79333300000002
144.219116,-7.79472299999992
144.213013,-7.79527799999994
144.147217,-7.77888899999999
144.121613,-7.77166699999998
143.911926,-7.69694399999997
143.899719,-7.68861099999992
143.848038,-7.63533399999994
143.838531,-7.62833399999994
143.829193,-7.61733299999992
143.822525,-7.60766699999999
143.812714,-7.58883400000002
143.810211,-7.583167
143.806549,-7.57049999999998
143.773041,-7.51555599999995
143.768311,-7.50666699999999
143.758606,-7.502501
143.664825,-7.46764899999999
143.691345,-7.51222199999995
143.755127,-7.58949999999999
143.839417,-7.71527800000001
143.84552,-7.73611099999999
143.852448,-7.77027800000002
143.853027,-7.78305499999999
143.851898,-7.79527799999994
143.853027,-7.8075
143.854401,-7.81305499999996
143.896362,-7.88027799999992
143.901642,-7.88833299999999
143.958008,-7.97862199999997
143.957184,-7.98472199999992
143.955231,-7.98944399999993
143.893585,-8.036945
143.889435,-8.03972199999998
143.884705,-8.04166799999996
143.847748,-8.04583399999996
143.833862,-8.04583399999996
143.755249,-8.041111
143.750275,-8.03888899999998
143.743561,-8.03222299999999
143.738007,-8.02416799999992
143.724396,-8.01055699999995
143.719421,-8.00833499999999
143.661377,-7.99138799999992
143.631897,-7.98666700000001
143.618835,-7.98611099999994
143.597473,-7.99222200000003
143.588562,-7.99694399999998
143.568909,-8.00416799999999
143.56575,-8.00483300000002
143.546082,-8.00638999999995
143.501648,-7.99611099999998
143.485779,-7.99138799999992
143.481628,-7.98888899999992
143.474976,-7.98194399999994
143.473572,-7.97305599999999
143.46051,-7.93861099999998
143.454407,-7.92416700000001
143.444122,-7.91333400000002
143.439972,-7.91055599999993
143.435242,-7.90861100000001
143.424133,-7.90722299999993
143.362457,-7.89972199999994
143.358307,-7.90249999999997
143.356903,-7.90805499999993
143.356903,-7.91333400000002
143.360504,-7.916945
143.446625,-7.98055599999992
143.538635,-8.05216699999994
143.541458,-8.05333399999995
143.543976,-8.05499999999995
143.547958,-8.05899999999997
143.628296,-8.19361099999998
143.630524,-8.19833399999999
143.632446,-8.20999899999993
143.631897,-8.21611000000001
143.629669,-8.22749900000002
143.625519,-8.23694399999999
143.622192,-8.24055499999997
143.611908,-8.24388900000002
143.568848,-8.24722100000002
143.554962,-8.24722100000002
143.512482,-8.24583199999995
143.469421,-8.24527699999993
143.382446,-8.24999999999994
143.373566,-8.25055700000001
143.338562,-8.25388900000002
143.234955,-8.27500199999997
143.17804,-8.28666700000002
143.080811,-8.308334
143.069977,-8.310833
143.049408,-8.31777799999998
143.034149,-8.32305499999995
143.023865,-8.32666599999993
143,-8.33666599999992
142.991058,-8.34138899999999
142.97995,-8.34416599999997
142.973297,-8.34416599999997
142.967194,-8.34361100000001
142.961639,-8.34222199999999
142.945801,-8.33749999999992
142.941071,-8.33527800000002
142.908875,-8.31916599999994
142.882172,-8.30500000000001
142.865509,-8.29416700000002
142.845795,-8.28666700000002
142.799988,-8.27500199999997
142.776642,-8.27083399999998
142.69635,-8.26749999999998
142.654694,-8.27361099999996
142.638031,-8.27777899999995
142.595795,-8.29000100000002
142.575256,-8.29666700000001
142.565521,-8.30083300000001
142.548309,-8.310833
142.540802,-8.31694399999998
142.533875,-8.32388899999995
142.529968,-8.32666599999993
142.521088,-8.331388
142.511383,-8.33527800000002
142.505829,-8.33666599999992
142.485229,-8.33666599999992
142.466919,-8.33611100000002
142.442749,-8.33277700000002
142.437469,-8.331388
142.427765,-8.327223
142.419708,-8.32194500000003
142.411926,-8.31583399999994
142.403214,-8.28638899999993
142.396194,-8.26155599999998
142.39505,-8.25055600000002
142.394196,-8.23922199999998
142.394531,-8.23155499999996
142.394196,-8.22788799999995
142.386658,-8.19361099999998
142.383881,-8.18972200000002
142.379944,-8.18694499999998
142.338562,-8.16638899999998
142.327759,-8.16388899999998
142.316925,-8.16388899999998
142.221619,-8.17333400000001
142.211914,-8.17722300000003
142.140808,-8.22222099999993
142.137207,-8.22555499999999
142.135254,-8.230278
142.135803,-8.23638699999998
142.144714,-8.23916599999995
142.155823,-8.24055499999997
142.163879,-8.23638699999998
142.172211,-8.23083299999996
142.182465,-8.22083300000003
142.186646,-8.21805599999993
142.195526,-8.21333299999992
142.223572,-8.20027699999997
142.228302,-8.19833399999999
142.309143,-8.180834
142.314148,-8.18000000000001
142.324402,-8.18333200000001
142.338013,-8.19027699999998
142.355225,-8.19916699999999
142.361359,-8.20638799999995
142.374573,-8.26111100000003
142.377411,-8.27461099999994
142.377075,-8.28644499999996
142.377411,-8.29327799999999
142.382446,-8.31916599999994
142.388031,-8.327223
142.4086,-8.34749999999997
142.439423,-8.37138700000003
142.449707,-8.37472200000002
142.466919,-8.37805600000002
142.473022,-8.37888700000002
142.486633,-8.37888700000002
142.493011,-8.37805600000002
142.512756,-8.37194399999993
142.522491,-8.36805500000003
142.526367,-8.36527599999994
142.540253,-8.35166499999997
142.548309,-8.34611100000001
142.556641,-8.34083399999997
142.59024,-8.32666599999993
142.61969,-8.31500099999994
142.635529,-8.31027799999998
142.641663,-8.310833
142.73468,-8.32249999999993
142.771637,-8.33194400000002
142.776642,-8.333889
142.783325,-8.34083399999997
142.788879,-8.34888799999999
142.799133,-8.35916499999996
142.807465,-8.36444499999993
142.906097,-8.42361099999999
142.917206,-8.42611099999999
142.958008,-8.43166699999995
143.010254,-8.44111099999992
143.044434,-8.44777900000003
143.049988,-8.44916699999999
143.086365,-8.45999899999998
143.096619,-8.46361199999996
143.110229,-8.47027799999995
143.213013,-8.54944399999994
143.22052,-8.55555500000003
143.239136,-8.57138800000001
143.246063,-8.57805599999995
143.24939,-8.58138799999995
143.281647,-8.61860999999999
143.374664,-8.74194299999994
143.392761,-8.77027899999996
143.395264,-8.78138899999993
143.406921,-8.96194499999996
143.405548,-8.96749899999998
143.403046,-8.97138799999993
143.38443,-8.99388899999997
143.367188,-9.01083399999993
143.363007,-9.01361300000002
143.331635,-9.02833399999997
143.321899,-9.03250099999997
143.31665,-9.03388999999999
143.310242,-9.03305599999999
143.299408,-9.02361100000002
143.289154,-9.02027900000002
143.283051,-9.019722
143.269989,-9.02027900000002
143.248016,-9.02555699999999
143.232178,-9.03027900000001
143.174133,-9.04861099999994
143.047211,-9.08999999999992
143.04248,-9.09194400000001
143.039154,-9.09527800000001
143.030823,-9.10749999999996
143.023865,-9.11416599999995
142.902771,-9.19749999999993
142.842468,-9.23277699999994
142.807465,-9.25222400000001
142.79776,-9.25639000000001
142.7883,-9.26027899999997
142.769135,-9.26722299999994
142.752472,-9.27138899999994
142.723846,-9.28333300000003
142.665527,-9.32055500000001
142.654694,-9.32999999999998
142.638885,-9.334723
142.625244,-9.334723
142.582733,-9.33083299999998
142.571625,-9.328056
142.54303,-9.30916599999995
142.532471,-9.29888899999997
142.524414,-9.286945
142.521088,-9.28333300000003
142.517487,-9.28000100000003
142.497742,-9.26527799999997
142.477173,-9.251667
142.425812,-9.22805599999998
142.209961,-9.16500100000002
142.203033,-9.16500100000002
142.054413,-9.18722199999996
141.944702,-9.20694400000002
141.721344,-9.21444500000001
141.615784,-9.23611099999994
141.608856,-9.23611099999994
141.522491,-9.22111100000001
141.50943,-9.213888
141.501923,-9.20777700000002
141.495789,-9.20027700000003
141.488281,-9.19416599999994
141.460785,-9.17388899999992
141.448578,-9.16583400000002
141.429413,-9.15750100000002
141.388306,-9.14416699999998
141.375244,-9.14333299999998
141.323029,-9.14999999999998
141.312195,-9.15277899999995
141.307465,-9.15500100000003
141.294983,-9.16305499999993
141.284698,-9.17305599999992
141.266388,-9.18888899999996
141.226624,-9.21722199999999
141.213593,-9.22472199999999
141.176361,-9.23388899999998
141.160797,-9.23749899999996
141.122467,-9.23194299999994
141.117462,-9.22999999999996
141.109406,-9.22472199999999
141.09079,-9.20916599999993
141.033875,-9.15694399999995
141.013306,-9.13666699999999
141.007019,-9.128468
141.006134,-6.90478599999994
141.006134,-6.89328399999994
140.998566,-6.893889
140.990509,-6.89944499999996
140.983582,-6.90611099999995
140.978851,-6.90694399999995
140.949402,-6.90361099999996
140.902771,-6.85583300000002
140.875244,-6.79611099999994
140.871063,-6.78638799999999
140.859406,-6.72861099999994
140.858856,-6.67833299999995
140.863007,-6.63138899999996
140.891083,-6.60333299999996
140.895264,-6.60055499999999
140.898041,-6.59666699999997
140.947205,-6.49999999999994
140.951355,-6.483611
140.950806,-6.47749999999996
140.948578,-6.47277700000001
140.945801,-6.46861100000001
140.92804,-6.45083299999999
140.93219,-6.43444399999998
140.963593,-6.33861199999996
140.967743,-6.33583399999998
140.973297,-6.33444499999996
140.985504,-6.33305499999994
141.006134,-6.33292499999999
141.006104,-5.99999999999994
141.006104,-4.90555499999999
141.006104,-2.61388899999992
141.002472,-2.60708499999998
141.029968,-2.59277799999995
141.034698,-2.59083299999998
141.039429,-2.58999999999997
141.046356,-2.58999999999997
141.199127,-2.61805500000003
141.204681,-2.61944399999993
141.214142,-2.62222200000002
141.270538,-2.64555499999994
141.273865,-2.65583299999992
141.278046,-2.665277
141.284149,-2.67277799999999
141.345795,-2.70777799999996
141.36969,-2.71805499999994
141.380798,-2.72083300000003
141.410797,-2.72500000000002
141.426636,-2.72972199999992
141.436371,-2.73388899999992
141.568573,-2.79388899999998
141.608856,-2.8125
141.704132,-2.86249999999995
141.840515,-2.93694399999998
141.881622,-2.96444500000001
141.889984,-2.96999999999997
