"V1","V2"
-70.4419559999999,-53.860558
-70.385834,-53.945282
-70.382507,-53.950279
-70.348068,-54.004448
-70.347229,-54.0105589999999
-70.347504,-54.016113
-70.350006,-54.0216669999999
-70.353897,-54.02639
-70.3719479999999,-54.036392
-70.388626,-54.040001
-70.3980559999999,-54.041389
-70.430847,-54.041946
-70.441391,-54.0411149999999
-70.460007,-54.038063
-70.47612,-54.033615
-70.5033419999999,-54.022224
-70.53418,-54.0058359999999
-70.560837,-53.9805599999999
-70.570847,-53.9727779999999
-70.576401,-53.96917
-70.664459,-53.917229
-70.6714019999999,-53.914169
-70.674454,-53.9266739999999
-70.6741789999999,-53.939728
-70.662231,-53.9727779999999
-70.655563,-53.98278
-70.648056,-53.991669
-70.628067,-54.0072249999999
-70.6108399999999,-54.017784
-70.6008449999999,-54.025841
-70.583069,-54.042503
-70.5797269999999,-54.047501
-70.5386199999999,-54.127228
-70.531403,-54.1433329999999
-70.515564,-54.218338
-70.524445,-54.228615
-70.53389,-54.2269519999999
-70.618347,-54.206673
-70.65889,-54.195557
-70.696945,-54.18306
-70.7094569999999,-54.176674
-70.800293,-54.1266709999999
-70.81723,-54.116112
-70.8216709999999,-54.1116709999999
-70.8755649999999,-54.055557
-70.878616,-54.0508349999999
-70.880569,-54.0452799999999
-70.897781,-53.948616
-70.89917,-53.936111
-70.8980559999999,-53.879723
-70.890289,-53.870285
-70.836395,-53.846672
-70.786667,-53.835556
-70.770569,-53.837227
-70.701401,-53.851112
-70.684174,-53.854729
-70.666122,-53.865005
-70.65918,-53.867783
-70.650009,-53.8694459999999
-70.639725,-53.870285
-70.624176,-53.865837
-70.618057,-53.862503
-70.609451,-53.8536149999999
-70.6066739999999,-53.848335
-70.6064,-53.841393
-70.608337,-53.835838
-70.614731,-53.826118
-70.6191709999999,-53.821945
-70.634735,-53.8105619999999
-70.648346,-53.804726
-70.688614,-53.793617
-70.695282,-53.79084
-70.699722,-53.7863919999999
-70.702789,-53.78167
-70.706955,-53.7705609999999
-70.711121,-53.705002
-70.708069,-53.69278
-70.703064,-53.6888959999999
-70.675003,-53.68528
-70.660843,-53.68
-70.647781,-53.674171
-70.6300049999999,-53.664169
-70.618896,-53.6569519999999
-70.607788,-53.649445
-70.593613,-53.6375049999999
-70.585846,-53.628059
-70.577789,-53.611671
-70.5713959999999,-53.594452
-70.568619,-53.589172
-70.562225,-53.5788959999999
-70.553619,-53.570007
-70.5416719999999,-53.563339
-70.5344539999999,-53.560837
-70.496124,-53.556671
-70.486954,-53.5583339999999
-70.480286,-53.561394
-70.475845,-53.565559
-70.473618,-53.571114
-70.480835,-53.641113
-70.485001,-53.652504
-70.49057,-53.6636119999999
-70.4933469999999,-53.675835
-70.494736,-53.6963959999999
-70.494171,-53.70945
-70.491119,-53.72139
-70.4419559999999,-53.860558
