"V1","V2"
-148.033905,60.1894300000001
-148.034454,60.1827700000001
-148.036957,60.1841580000001
-148.077484,60.1280440000001
-148.08667,60.1119380000001
-148.087219,60.1052700000001
-148.086121,60.098877
-148.087769,60.0927660000001
-148.09082,60.087494
-148.104156,60.0733260000001
-148.151398,60.041939
-148.158356,60.038605
-148.208618,60.0230480000001
-148.229156,60.019714
-148.251404,60.017494
-148.286957,60.0205460000001
-148.304443,60.0255510000001
-148.309723,60.0297160000001
-148.300293,60.05555
-148.224426,60.10833
-148.061401,60.1927640000001
-148.051666,60.1947099999999
-148.040558,60.193047
-148.033905,60.1894300000001
