"V1","V2"
67.1310880000001,69.3613740000001
67.1130370000001,69.3613740000001
67.091934,69.366379
67.0191500000001,69.3855440000001
67.000626,69.393433
66.991089,69.396103
66.96666,69.4072110000001
66.9561000000001,69.41304
66.948868,69.418869
66.94165,69.431091
66.9380340000001,69.443588
66.94165,69.450272
66.9561000000001,69.456375
66.971649,69.4549870000001
67.2105410000001,69.425812
67.2174840000001,69.4072110000001
67.1588750000001,69.369705
67.147766,69.363876
67.1310880000001,69.3613740000001
