"V1","V2"
128.252777,26.6388850000001
128.240234,26.628609
128.146637,26.568886
127.946373,26.451107
127.874687,26.4466630000001
127.863602,26.4441600000001
127.849716,26.4363820000001
127.84166,26.42944
127.838043,26.4252740000001
127.835823,26.4194410000001
127.778587,26.2366600000001
127.806931,26.190273
127.813309,26.190273
127.818047,26.187218
127.818329,26.181385
127.813026,26.1555520000001
127.787491,26.127495
127.776093,26.1163860000001
127.728592,26.088608
127.719437,26.0836070000001
127.714157,26.081665
127.702477,26.0799980000001
127.684143,26.0788840000001
127.677757,26.0786090000001
127.652771,26.083054
127.651657,26.088329
127.639977,26.2086070000001
127.671921,26.2311060000001
127.724152,26.270554
127.72554,26.272499
127.743874,26.306942
127.744431,26.3119430000001
127.734421,26.346664
127.725273,26.3819390000001
127.718048,26.4127730000001
127.716087,26.4286080000001
127.716927,26.434994
127.7211,26.436108
127.764427,26.438606
127.795258,26.4405520000001
127.800537,26.442493
127.958878,26.544441
127.961113,26.550274
127.96582,26.567776
127.96666,26.5797200000001
127.963608,26.5838850000001
127.948318,26.5986060000001
127.943588,26.601662
127.912491,26.6002730000001
127.887772,26.609718
127.882202,26.6124950000001
127.878311,26.6158290000001
127.876373,26.6205520000001
127.877197,26.626942
127.883881,26.6674960000001
127.907761,26.688885
127.943314,26.69416
127.954987,26.6958270000001
127.961929,26.695274
127.993874,26.684162
127.996933,26.6799960000001
127.998032,26.674995
127.986923,26.6630520000001
127.984421,26.6569400000001
127.985527,26.6461070000001
127.987488,26.6413840000001
127.99054,26.637218
127.996933,26.635273
128.023865,26.631107
128.067474,26.6424939999999
128.104675,26.6630520000001
128.106354,26.6697160000001
128.104401,26.674438
128.100525,26.6780509999999
128.100525,26.6838839999999
128.102448,26.6904790000001
128.105072,26.6954230000001
128.123291,26.716106
128.247192,26.8399960000001
128.287201,26.8549960000001
128.300262,26.848053
128.309967,26.841663
128.312744,26.837498
128.329132,26.811943
128.331085,26.80722
128.333038,26.7969440000001
128.33551,26.764999
128.333862,26.758331
128.33136,26.7524990000001
128.271362,26.6583290000001
128.252777,26.6388850000001
