"V1","V2"
164.787231,-67.5952909999999
164.766113,-67.600006
164.748627,-67.599472
164.737518,-67.5955809999999
164.724731,-67.5886229999999
164.676971,-67.5619659999999
164.665283,-67.553894
164.63974,-67.531128
164.622803,-67.5155789999999
164.617798,-67.508362
164.615845,-67.5014189999999
164.617249,-67.494751
164.630859,-67.4758449999999
164.636963,-67.4630579999999
164.646393,-67.416946
164.643341,-67.409195
164.598633,-67.350296
164.557526,-67.291687
164.555573,-67.284729
164.556946,-67.278076
164.561676,-67.271667
164.593353,-67.2616879999999
164.631683,-67.252502
164.67807,-67.256134
164.69223,-67.260284
164.703918,-67.268341
164.718353,-67.282242
164.757233,-67.320007
164.770844,-67.3350219999999
164.834747,-67.4161219999999
164.840027,-67.4236299999999
164.851959,-67.448349
164.881409,-67.52446
164.881958,-67.538086
164.879456,-67.551132
164.835022,-67.573639
164.801392,-67.590286
164.787231,-67.5952909999999
