"V1","V2"
24.773331,40.6316600000001
24.766388,40.6113820000001
24.671108,40.5788880000001
24.643608,40.5708310000001
24.6427760000001,40.5741650000001
24.638885,40.5799940000001
24.6016650000001,40.610275
24.59111,40.6166610000001
24.575275,40.6241610000001
24.569443,40.6252750000001
24.533607,40.620552
24.5297200000001,40.6216660000001
24.513611,40.63694
24.5119440000001,40.639999
24.5094409999999,40.6580510000001
24.521664,40.692772
24.533607,40.7141650000001
24.5408330000001,40.723885
24.5655520000001,40.7505489999999
24.596943,40.776939
24.600555,40.7788850000001
24.6213870000001,40.789993
24.6411090000001,40.796661
24.6452750000001,40.797775
24.6547200000001,40.7963870000001
24.6966630000001,40.7805480000001
24.73333,40.7655490000001
24.7613870000001,40.749161
24.7638850000001,40.7319410000001
24.773331,40.6316600000001
