"V1","V2"
-109.784447,24.134998
-109.788353,24.131943
-109.839447,24.1480520000001
-109.850014,24.1588859999999
-109.863068,24.1747210000001
-109.871399,24.187496
-109.883057,24.21722
-109.900558,24.267776
-109.92334,24.3336110000001
-109.925003,24.3427770000001
-109.9189,24.3644410000001
-109.915558,24.3688890000001
-109.883347,24.3299980000001
-109.869171,24.309166
-109.86084,24.296387
-109.798607,24.191109
-109.789459,24.1724970000001
-109.783623,24.1577760000001
-109.781403,24.146664
-109.781952,24.139721
-109.784447,24.134998
