"V1","V2"
99.8597109999999,-2.37083299999995
99.8591460000001,-2.37648799999999
99.8302760000001,-2.35166700000002
99.824707,-2.350278
99.77887,-2.34138899999994
99.7322080000001,-2.32499999999999
99.723312,-2.32027799999997
99.6055450000001,-2.25388899999996
99.5699920000001,-2.22222199999987
99.567215,-2.21805499999999
99.530823,-2.15861100000001
99.5266570000001,-2.14888899999994
99.5266570000001,-2.14222199999995
99.5424800000001,-2.05777799999998
99.5447080000001,-2.05305499999992
99.568604,-2.02916699999997
99.5766600000001,-2.02361099999996
99.5822140000001,-2.022222
99.61026,-2.01611099999991
99.622757,-2.01472200000001
99.6280360000001,-2.01611099999991
99.6363830000001,-2.02166699999998
99.681656,-2.06527799999998
99.688309,-2.07222199999995
99.693863,-2.080556
99.700821,-2.09416699999997
99.70694,-2.11555600000003
99.7097170000001,-2.13999999999999
99.711105,-2.14555499999994
99.7152710000001,-2.15499999999992
99.741928,-2.19694399999992
99.7733150000001,-2.24083300000001
99.798035,-2.26805499999995
99.80304,-2.27027800000002
99.8063660000001,-2.27361100000002
99.815262,-2.28527800000001
99.828873,-2.30583299999995
99.8466490000001,-2.33583299999998
99.858322,-2.36527799999999
99.8597109999999,-2.37083299999995
