"V1","V2"
-65.268616,10.8811090000001
-65.2811129999999,10.880278
-65.299728,10.883055
-65.393341,10.906944
-65.414734,10.913887
-65.416672,10.91861
-65.4172359999999,10.924721
-65.415009,10.9297220000001
-65.386673,10.956665
-65.3739009999999,10.9644430000001
-65.364456,10.969166
-65.3075099999999,10.975832
-65.301392,10.9763870000001
-65.216675,10.958332
-65.211945,10.95611
-65.210007,10.9511110000001
-65.200836,10.911665
-65.198624,10.900555
-65.2005619999999,10.896111
-65.210007,10.8913880000001
-65.268616,10.8811090000001
