"V1","V2"
-74.0694579999999,-46.006111
-74.068893,-45.999168
-74.085007,-46.051392
-74.095291,-46.0730589999999
-74.1050109999999,-46.0875019999999
-74.1191709999999,-46.106117
-74.1272279999999,-46.114723
-74.136948,-46.121674
-74.1527859999999,-46.1311109999999
-74.164459,-46.136673
-74.1586149999999,-46.138336
-74.1425019999999,-46.136673
-74.1361239999999,-46.134171
-74.081955,-46.104729
-74.076675,-46.101669
-74.0722349999999,-46.097778
-74.068893,-46.0930559999999
-74.063614,-46.081673
-74.0577849999999,-46.050285
-74.057236,-46.043335
-74.05751,-46.030838
-74.061401,-46.020279
-74.0650019999999,-46.015839
-74.0694579999999,-46.006111
