"V1","V2"
130.877441,-0.0191669999999249
131.04248,-0.0663890000000151
131.139709,-0.0758329999999887
131.262482,-0.142222000000004
131.294128,-0.161388999999986
131.298035,-0.164166999999964
131.301636,-0.167777999999942
131.305542,-0.177221999999915
131.313293,-0.202499999999873
131.322205,-0.27333299999998
131.311096,-0.301943999999992
131.296631,-0.328889000000004
131.2836,-0.349999999999966
131.255554,-0.387777999999969
131.251373,-0.390277999999967
131.171906,-0.340278000000012
131.167206,-0.338332999999977
131.106079,-0.333611000000019
131.034973,-0.360833000000014
130.990509,-0.365833000000009
130.984131,-0.366389000000026
130.973297,-0.363610999999935
130.963593,-0.359721999999863
130.951904,-0.351943999999946
130.948029,-0.349166999999966
130.945251,-0.345277999999894
130.943024,-0.333611000000019
130.901367,-0.279999999999973
130.886383,-0.260832999999991
130.876068,-0.250556000000017
130.871887,-0.247777999999926
130.866913,-0.245832999999948
130.791077,-0.21777800000001
130.710236,-0.0972219999999311
130.6922,-0.0819439999999645
130.688293,-0.0794439999999668
130.681915,-0.0786109999999667
130.61911,-0.0841669999999795
130.614136,-0.0861109999999599
130.611359,-0.0902779999999552
130.612732,-0.0958330000000274
130.627167,-0.137499999999932
130.728027,-0.245277999999928
130.822479,-0.291111000000001
130.828583,-0.290278000000001
130.881348,-0.299167000000011
130.886383,-0.301388999999972
130.916382,-0.319166999999936
130.919128,-0.323332999999934
130.942474,-0.361667000000011
130.943848,-0.367222000000027
130.930817,-0.391110999999967
130.915802,-0.408888999999988
130.884979,-0.426110999999992
130.851349,-0.440556000000015
130.845245,-0.441110999999921
130.842865,-0.441044999999974
130.818298,-0.447222000000011
130.79303,-0.450844000000018
130.75943,-0.45277799999991
130.737457,-0.447222000000011
130.728027,-0.443332999999939
130.723846,-0.440556000000015
130.717743,-0.432777999999871
130.712189,-0.424721999999974
130.706085,-0.410278000000005
130.68692,-0.340278000000012
130.694565,-0.327318999999989
130.688599,-0.305358000000012
130.671844,-0.30150500000002
130.644485,-0.314412000000004
130.589005,-0.323659000000021
130.54277,-0.366039999999998
130.517761,-0.254722000000015
130.512207,-0.253332999999998
130.501923,-0.254166999999995
130.464142,-0.264443999999912
130.459412,-0.266389000000004
130.428589,-0.275277999999958
130.359955,-0.267222000000004
130.246063,-0.228611000000001
130.241333,-0.226666999999907
130.223022,-0.21777800000001
130.21524,-0.21166699999992
130.213287,-0.206666999999925
130.214691,-0.201388999999949
130.219421,-0.199166999999989
130.224976,-0.197777999999971
130.238556,-0.197777999999971
130.24469,-0.198610999999971
130.249695,-0.200555999999949
130.256378,-0.207499999999925
130.260529,-0.210278000000017
130.265259,-0.21222199999994
130.271637,-0.213055999999938
130.37912,-0.221944000000008
130.391357,-0.220555999999988
130.426361,-0.200555999999949
130.429962,-0.197221999999954
130.431091,-0.191666999999995
130.403198,-0.152389000000028
130.399536,-0.147889000000021
130.396698,-0.146722000000011
130.374008,-0.149556000000018
130.34079,-0.143611000000021
130.33609,-0.145832999999982
130.333862,-0.150555999999995
130.344971,-0.166943999999944
130.348297,-0.177221999999915
130.348846,-0.188888999999904
130.34552,-0.192499999999995
130.339417,-0.191666999999995
130.29776,-0.178610999999933
130.294983,-0.174443999999937
130.277771,-0.146388999999999
130.275543,-0.141666999999927
130.27359,-0.121943999999985
130.27359,-0.115000000000009
130.279694,-0.107500000000016
130.288025,-0.101944000000003
130.293579,-0.100555999999926
130.359955,-0.0874999999999773
130.439194,-0.0836669999999913
130.441696,-0.0893330000000105
130.443359,-0.0918330000000083
130.454346,-0.0921670000000177
130.457687,-0.0921670000000177
130.655243,-0.0533329999999523
130.698883,-0.0366229999999064
130.719696,-0.0519439999999349
130.7547,-0.0538890000000265
130.760803,-0.0533329999999523
130.772491,-0.0511109999999348
130.776642,-0.0486109999998803
130.779968,-0.0449999999999591
130.778595,-0.0394440000000031
130.766937,-0.0374999999999659
130.753326,-0.0374999999999659
130.748566,-0.0355559999999855
130.75,-0.0299999999999159
130.752777,-0.0258329999999205
130.775818,-0.0149999999999295
130.791656,-0.00999999999987722
130.824707,-0.00867199999993318
130.838867,-0.00944399999997358
130.85553,-0.0136110000000258
130.877441,-0.0191669999999249
