"V1","V2"
-110.536957,24.8822210000001
-110.5439,24.881943
-110.55806,24.8833310000001
-110.580292,24.8913880000001
-110.63945,24.928333
-110.64389,24.9311100000001
-110.706947,25.0377770000001
-110.708893,25.0425000000001
-110.708618,25.0624960000001
-110.708069,25.0824970000001
-110.706947,25.088608
-110.705002,25.093887
-110.699722,25.093052
-110.696091,25.08884
-110.666946,25.060276
-110.641113,25.048611
-110.629997,25.0447200000001
-110.623901,25.043053
-110.603622,25.039719
-110.588623,25.039165
-110.578903,25.0338860000001
-110.573334,25.0252760000001
-110.530006,24.8972210000001
-110.530563,24.8902739999999
-110.532227,24.8847200000001
-110.536957,24.8822210000001
