"V1","V2"
-131.464447,52.6274870000001
-131.585541,52.5852660000001
-131.593597,52.585823
-131.601379,52.5886000000001
-131.611938,52.5961
-131.623596,52.608887
-131.709717,52.705269
-131.691101,52.7249910000001
-131.684998,52.728043
-131.659454,52.7302700000001
-131.484711,52.7369380000001
-131.475281,52.736656
-131.468597,52.7333300000001
-131.468872,52.7305450000001
-131.449432,52.714996
-131.440277,52.7069400000001
-131.439178,52.7016600000001
-131.441376,52.684158
-131.454437,52.636383
-131.458344,52.6308210000001
-131.464447,52.6274870000001
