"V1","V2"
-51.9419399999999,68.5944370000001
-52.049446,68.5749970000001
-52.142502,68.5738830000001
-52.1538849999999,68.578049
-52.165833,68.5808260000001
-52.207504,68.5805510000001
-52.3094409999999,68.573044
-52.404167,68.5635990000001
-52.4136119999999,68.5633090000001
-52.4197239999999,68.5672150000001
-52.4213869999999,68.571381
-52.419449,68.5927580000001
-52.4180599999999,68.6002660000001
-52.411385,68.606644
-52.3999939999999,68.610809
-52.385559,68.613602
-52.217216,68.641937
-52.1999969999999,68.6422120000001
-52.144165,68.6402739999999
-52.050835,68.62886
-52.036949,68.6260830000001
-52.032776,68.6230320000001
-52.031944,68.620255
-52.044449,68.614151
-52.059166,68.610809
-52.101669,68.6052550000001
-52.114449,68.601929
-52.114449,68.5977630000001
-52.092499,68.583878
-52.07695,68.5808260000001
-51.955276,68.6341550000001
-51.952499,68.636108
-51.936943,68.6410980000001
-51.9230579999999,68.6424870000001
-51.875557,68.642761
-51.8438869999999,68.6374970000001
-51.837502,68.6349950000001
-51.828056,68.6344300000001
-51.807503,68.630264
-51.803329,68.6271970000001
-51.8044429999999,68.62442
-51.8077769999999,68.6213680000001
-51.9419399999999,68.5944370000001
