"V1","V2"
16.4055520000001,68.4111020000001
16.3944440000001,68.4086
16.3805540000001,68.407486
16.3497200000001,68.4069370000001
16.31472,68.4091640000001
16.2994419999999,68.408875
16.271664,68.4069370000001
16.2033310000001,68.400833
16.1911089999999,68.3988800000001
16.1211090000001,68.3763890000001
16.113052,68.378876
16.0944440000001,68.3966520000001
16.096107,68.4027710000001
16.1405530000001,68.4786070000001
16.147499,68.4835970000001
16.1799960000001,68.500824
16.2155530000001,68.516098
16.234997,68.523041
16.326942,68.5336
16.342499,68.5338750000001
16.3724980000001,68.529434
16.3841629999999,68.5263820000001
16.3999980000001,68.5208280000001
16.4144440000001,68.512772
16.4616659999999,68.4719390000001
16.466663,68.467499
16.4649959999999,68.461105
16.4055520000001,68.4111020000001
