"V1","V2"
-45.5508349999999,-60.547226
-45.538063,-60.547501
-45.5250019999999,-60.540001
-45.517227,-60.536949
-45.505836,-60.5363919999999
-45.491951,-60.5372239999999
-45.432785,-60.547783
-45.423615,-60.550285
-45.3980559999999,-60.577507
-45.3922269999999,-60.587502
-45.254448,-60.620834
-45.230835,-60.627785
-45.1702799999999,-60.6783369999999
-45.167229,-60.6833339999999
-45.145279,-60.766113
-45.153336,-60.758057
-45.1594469999999,-60.7541729999999
-45.1777799999999,-60.742783
-45.233612,-60.711945
-45.378334,-60.671394
-45.4030609999999,-60.668335
-45.4158399999999,-60.668335
-45.4586179999999,-60.665001
-45.663895,-60.645836
-45.711945,-60.636116
-45.7411119999999,-60.623611
-45.78167,-60.601669
-45.936951,-60.623611
-45.9594499999999,-60.623611
-46.002785,-60.621391
-46.0133359999999,-60.619171
-46.019173,-60.6152799999999
-46.023613,-60.61084
-46.017227,-60.586395
-45.976952,-60.522781
-45.971672,-60.518333
-45.941116,-60.5138929999999
-45.93084,-60.512505
-45.7411119999999,-60.5019449999999
-45.732224,-60.504723
-45.69445,-60.520836
-45.685005,-60.523613
-45.6744459999999,-60.525841
-45.5755619999999,-60.544449
-45.5508349999999,-60.547226
