"V1","V2"
117.607483,3.4772210000001
117.594437,3.4763880000001
117.588318,3.4772210000001
117.578049,3.48055500000009
117.473602,3.52027799999996
117.468872,3.52222200000006
117.464706,3.52500000000003
117.434708,3.54972200000009
117.431931,3.55388799999997
117.433319,3.55916600000006
117.438026,3.56138800000008
117.443588,3.56138800000008
117.449142,3.55999900000006
117.477203,3.54694400000011
117.481918,3.54415799999998
117.490257,3.543611
117.558029,3.53611100000012
117.568329,3.53249900000003
117.587486,3.52444400000007
117.618874,3.50805500000013
117.625259,3.50055600000013
117.625259,3.49361099999993
117.623032,3.48888799999997
117.616379,3.48194400000006
117.607483,3.4772210000001
