"V1","V2"
-113.77861,77.104156
-113.806953,77.104156
-113.853333,77.1055449999999
-113.880547,77.108032
-113.90889,77.1130370000001
-113.924438,77.1185910000001
-113.931381,77.1244200000001
-113.931381,77.1297
-113.927223,77.135269
-113.920837,77.141098
-113.901108,77.146378
-113.880829,77.1497190000001
-113.859444,77.151382
-113.798607,77.152481
-113.77417,77.1516570000001
-113.722504,77.1480410000001
-113.699158,77.144714
-113.675552,77.140274
-113.664436,77.13472
-113.657784,77.1291499999999
-113.664169,77.123032
-113.679169,77.1169280000001
-113.703056,77.111649
-113.727783,77.108032
-113.753067,77.1055449999999
-113.77861,77.104156
