"V1","V2"
-135.554169,58.3299940000001
-135.597229,58.329437
-135.642242,58.3302760000001
-135.667786,58.3333280000001
-135.685272,58.3388820000001
-135.7211,58.3555530000001
-135.726105,58.359436
-135.720276,58.363884
-135.70694,58.3705440000001
-135.691376,58.3758240000001
-135.665009,58.381104
-135.637238,58.383606
-135.625275,58.3830490000001
-135.614716,58.379715
-135.527496,58.345825
-135.523895,58.3413770000001
-135.5289,58.336105
-135.535553,58.332771
-135.544464,58.3311080000001
-135.554169,58.3299940000001
