"V1","V2"
-5.939167,57.2780530000001
-5.94611199999997,57.2777710000001
-5.96888899999993,57.2799990000001
-5.980278,57.282776
-5.99638900000002,57.28833
-6.00833399999999,57.295273
-6.018056,57.3033290000001
-6.01916699999998,57.307777
-6.01777799999996,57.3116610000001
-6.01499999999999,57.314438
-6.00583399999994,57.3186040000001
-5.98777899999999,57.320549
-5.95666699999998,57.3186040000001
-5.95027799999997,57.317215
-5.93388900000002,57.3116610000001
-5.93000000000001,57.309715
-5.92083399999996,57.3011090000001
-5.91861199999994,57.2977750000001
-5.91777799999994,57.294167
-5.91833399999996,57.289444
-5.92333400000001,57.2833330000001
-5.92805600000003,57.2808299999999
-5.939167,57.2780530000001
