"V1","V2"
-73.463898,-53.475006
-73.402786,-53.527229
-73.3947299999999,-53.535835
-73.3930659999999,-53.541389
-73.396957,-53.546112
-73.485001,-53.573334
-73.4947359999999,-53.574448
-73.510284,-53.56945
-73.644455,-53.5216669999999
-73.764175,-53.467224
-73.770569,-53.464172
-73.783066,-53.451393
-73.799454,-53.433891
-73.801956,-53.4291689999999
-73.800003,-53.422783
-73.795013,-53.418892
-73.7847289999999,-53.42028
-73.776947,-53.422501
-73.7450099999999,-53.444725
-73.712234,-53.460007
-73.691391,-53.4686129999999
-73.6744539999999,-53.4727779999999
-73.664169,-53.473892
-73.622513,-53.475838
-73.5394589999999,-53.4586179999999
-73.535278,-53.45417
-73.5358429999999,-53.447784
-73.5411219999999,-53.4441679999999
-73.547791,-53.441116
-73.563614,-53.436111
-73.5789029999999,-53.431396
-73.5650019999999,-53.393333
-73.450562,-53.395004
-73.4391779999999,-53.3955609999999
-73.4298099999999,-53.397057
-73.407791,-53.4030609999999
-73.3944549999999,-53.409172
-73.392792,-53.414726
-73.396957,-53.419449
-73.469177,-53.47139
-73.463898,-53.475006
