"V1","V2"
-64.5761109999999,63.780823
-64.525833,63.7713780000001
-64.467773,63.7713780000001
-64.461945,63.7747120000001
-64.452499,63.777214
-64.4327699999999,63.779434
-64.426102,63.7777710000001
-64.39473,63.7458270000001
-64.387512,63.7374950000001
-64.3861239999999,63.7344360000001
-64.3861239999999,63.70166
-64.3899989999999,63.696381
-64.404175,63.6874920000001
-64.419159,63.679718
-64.4363859999999,63.673325
-64.4505619999999,63.671661
-64.459442,63.6727680000001
-64.474442,63.6791610000001
-64.4969479999999,63.6908260000001
-64.6616669999999,63.7549970000001
-64.802216,63.764442
-64.813324,63.767212
-64.8902889999999,63.789436
-64.900558,63.7938839999999
-64.906387,63.7974930000001
-64.9163969999999,63.8063809999999
-64.918335,63.8152690000001
-64.920273,63.8247150000001
-64.9177699999999,63.831108
-64.9102779999999,63.8372120000001
-64.896393,63.845268
-64.811661,63.877213
-64.710556,63.9088820000001
-64.6824949999999,63.9144360000001
-64.660278,63.9163820000001
-64.647232,63.9161000000001
-64.5572199999999,63.9099880000001
-64.5530549999999,63.90638
-64.549438,63.8952710000001
-64.571121,63.8708270000001
-64.585556,63.844994
-64.5761109999999,63.780823
