"V1","V2"
-20.5972209999999,81.6724850000001
-20.5199999999999,81.6658170000001
-20.4769439999999,81.6669310000001
-20.273056,81.6783140000001
-20.2288859999999,81.683594
-20.196388,81.6849820000001
-20.164444,81.6819310000001
-20.165001,81.676651
-20.206665,81.6666560000001
-20.453053,81.6244200000001
-20.508614,81.622482
-20.581112,81.621643
-20.717777,81.6169280000001
-20.930553,81.6063690000001
-20.817223,81.627197
-20.79528,81.635269
-20.7905579999999,81.6383210000001
-20.76778,81.6783140000001
-20.779167,81.6805420000001
-20.814724,81.6838680000001
-20.895,81.6944270000001
-20.902779,81.6963650000001
-20.966663,81.713043
-20.971111,81.714432
-20.941387,81.725815
-20.90361,81.73027
-20.857502,81.731934
-20.802223,81.7297060000001
-20.773056,81.7260890000001
-20.610279,81.701096
-20.626945,81.683319
-20.63139,81.6794280000001
-20.6266669999999,81.6772
-20.5972209999999,81.6724850000001
