"V1","V2"
-72.7608339999999,71.5319370000001
-72.786392,71.530273
-72.830841,71.531097
-72.8488919999999,71.532211
-72.8674929999999,71.533875
-72.949997,71.5472110000001
-72.9824979999999,71.5535890000001
-73.0088959999999,71.561096
-73.020554,71.5658110000001
-73.0305629999999,71.5716550000001
-73.0352779999999,71.5755460000001
-73.039993,71.5799870000001
-73.037506,71.587204
-73.034164,71.592209
-72.968063,71.636658
-72.948608,71.6447140000001
-72.924713,71.6494290000001
-72.8066559999999,71.659149
-72.781113,71.6608120000001
-72.7452699999999,71.6599879999999
-72.726669,71.658325
-72.709167,71.6552580000001
-72.6958309999999,71.6510930000001
-72.684433,71.6427610000001
-72.6622159999999,71.604431
-72.6605529999999,71.598038
-72.671112,71.585815
-72.682495,71.574707
-72.7011109999999,71.55748
-72.7127839999999,71.5472110000001
-72.718887,71.5427550000001
-72.727493,71.5385890000001
-72.742493,71.5341490000001
-72.7608339999999,71.5319370000001
