"V1","V2"
-69.762222,-55.0386119999999
-69.9061129999999,-55.0430599999999
-69.8988949999999,-55.0177839999999
-69.897507,-55.011391
-69.898346,-55.0052799999999
-69.9005579999999,-54.999725
-69.910568,-54.985283
-69.915283,-54.981117
-69.921112,-54.977501
-69.9425049999999,-54.975838
-69.950562,-54.973618
-69.9527889999999,-54.9680559999999
-69.952515,-54.9613949999999
-69.9511259999999,-54.955002
-69.931946,-54.89917
-69.926956,-54.8950039999999
-69.9197239999999,-54.8925019999999
-69.859726,-54.879723
-69.849731,-54.878334
-69.739731,-54.8675
-69.6864009999999,-54.8688959999999
-69.403625,-54.903893
-69.3749999999999,-54.908058
-69.210007,-54.938057
-69.202789,-54.940834
-69.1708369999999,-54.95417
-69.166397,-54.958336
-69.1689,-54.963615
-69.186676,-54.966949
-69.219177,-54.968613
-69.406403,-54.99556
-69.503891,-55.012505
-69.651672,-55.027779
-69.762222,-55.0386119999999
