"V1","V2"
-123.474442,48.7091600000001
-123.482773,48.7083280000001
-123.48999,48.709435
-123.513062,48.7163850000001
-123.524719,48.7224880000001
-123.549438,48.7466580000001
-123.551941,48.75222
-123.592773,48.8983310000001
-123.595551,48.9097140000001
-123.596123,48.9283290000001
-123.596657,48.946938
-123.593613,48.947212
-123.580566,48.935547
-123.577217,48.9291610000001
-123.536118,48.9149930000001
-123.530289,48.911934
-123.457497,48.863052
-123.433884,48.8444370000001
-123.37027,48.768326
-123.368881,48.762772
-123.371658,48.7575000000001
-123.376389,48.753609
-123.431953,48.7211
-123.474442,48.7091600000001
