"V1","V2"
-146.753357,60.8072130000001
-146.765839,60.8069380000001
-146.789459,60.8094330000001
-146.810272,60.813324
-146.818329,60.816383
-146.828888,60.824715
-146.831116,60.830276
-146.83194,60.83638
-146.820557,60.8516620000001
-146.815826,60.856384
-146.809723,60.8602750000001
-146.762512,60.8838810000001
-146.752502,60.884163
-146.744141,60.8813779999999
-146.733612,60.8755490000001
-146.725555,60.872765
-146.718597,60.869156
-146.709717,60.8599930000001
-146.706116,60.85527
-146.704437,60.8427659999999
-146.717224,60.8166660000001
-146.723053,60.8124920000001
-146.731659,60.80999
-146.753357,60.8072130000001
