"V1","V2"
121.170822,28.046944
121.150543,28.0463869999999
121.143883,28.048054
121.129433,28.0572200000001
121.127197,28.061665
121.129967,28.0986060000001
121.121918,28.1055530000001
121.120247,28.110554
121.119141,28.1338840000001
121.123032,28.137775
121.193588,28.2027739999999
121.198593,28.204716
121.205833,28.204441
121.234154,28.2016599999999
121.241928,28.2005500000001
121.263321,28.1841620000001
121.267487,28.18055
121.239433,28.086941
121.204987,28.0552750000001
121.189423,28.049164
121.170822,28.046944
