"V1","V2"
134.156372,-6.04750000000001
134.162476,-6.04833300000001
134.187195,-6.04694499999999
134.191925,-6.04638899999992
134.214508,-6.0263579999999
134.216644,-6.02638899999999
134.221344,-6.02861099999996
134.225525,-6.03138899999988
134.228302,-6.03527699999995
134.23996,-6.07694500000002
134.24469,-6.09388899999999
134.238556,-6.10138899999998
134.228851,-6.12611099999992
134.227448,-6.13138900000001
134.228302,-6.13750099999999
134.235229,-6.14444399999996
134.328308,-6.23694399999994
134.337189,-6.24194399999999
134.369965,-6.25805599999995
134.404419,-6.27722299999999
134.403595,-6.28611100000001
134.364685,-6.30861099999993
134.333038,-6.32638900000001
134.23996,-6.25194499999998
134.133881,-6.15472199999994
134.126892,-6.14777899999996
134.119965,-6.13416699999999
134.113007,-6.11361099999993
134.112457,-6.10749999999996
134.112457,-6.09388899999999
134.119965,-6.04694499999999
134.121887,-6.04222199999992
134.127441,-6.03388899999987
134.142761,-6.01499999999999
134.146088,-6.01139000000001
134.150269,-6.00888900000001
134.154968,-6.00805600000001
134.155548,-6.01416699999999
134.152191,-6.03138899999988
134.152191,-6.03805499999993
134.153046,-6.04416700000002
134.156372,-6.04750000000001
