"V1","V2"
-55.3675,51.874161
-55.374718,51.873878
-55.3822169999999,51.8752670000001
-55.428886,51.884163
-55.43,51.8858260000001
-55.4311139999999,51.887772
-55.430557,51.89666
-55.4261089999999,51.905823
-55.423332,51.9094310000001
-55.387779,51.9427640000001
-55.353615,51.9636080000001
-55.301392,51.99305
-55.28389,52.0013890000001
-55.2772219999999,52.0024950000001
-55.269997,52.000549
-55.2688899999999,51.998604
-55.267502,51.993881
-55.27417,51.9769360000001
-55.27417,51.975548
-55.281944,51.961937
-55.2950059999999,51.943321
-55.302223,51.933327
-55.332504,51.896385
-55.3422239999999,51.886383
-55.3547209999999,51.878044
-55.360001,51.8758240000001
-55.3675,51.874161
