"V1","V2"
-68.803329,44.04805
-68.813614,44.041939
-68.854446,44.0594330000001
-68.859436,44.063606
-68.897232,44.10833
-68.8999939999999,44.112495
-68.9002839999999,44.1177670000001
-68.898056,44.123878
-68.89389,44.128326
-68.8877869999999,44.131935
-68.8819429999999,44.133331
-68.874161,44.1305470000001
-68.8688809999999,44.1269380000001
-68.861115,44.1188810000001
-68.855835,44.115273
-68.828613,44.102776
-68.820847,44.099998
-68.803329,44.0961000000001
-68.76445,44.094994
-68.7650149999999,44.0836030000001
-68.767227,44.0724950000001
-68.771118,44.068329
-68.803329,44.04805
