"V1","V2"
163.106964,-66.756134
163.094452,-66.758911
163.077789,-66.7580719999999
163.063904,-66.753616
163.054474,-66.748352
163.020569,-66.716949
162.993347,-66.6728059999999
162.948914,-66.585861
162.94751,-66.578903
162.949188,-66.5722349999999
162.959473,-66.5680689999999
162.97168,-66.5655669999999
162.990295,-66.563629
163.006683,-66.564453
163.021393,-66.5675199999999
163.075012,-66.5863949999999
163.087799,-66.591949
163.098358,-66.600296
163.118347,-66.623062
163.126678,-66.6430659999999
163.136688,-66.6919709999999
163.137787,-66.712509
163.132507,-66.7322389999999
163.122803,-66.7444609999999
163.106964,-66.756134
