"V1","V2"
-100.230827,70.4516600000001
-100.243332,70.4491420000001
-100.26001,70.449997
-100.276108,70.4530490000001
-100.472504,70.496368
-100.499161,70.5033260000001
-100.630547,70.5433200000001
-100.662781,70.5547030000001
-100.670837,70.5588680000001
-100.676392,70.563309
-100.681381,70.5730440000001
-100.681381,70.583603
-100.678329,70.594147
-100.664436,70.637772
-100.651947,70.6697080000001
-100.511948,70.6763760000001
-100.495003,70.6752620000001
-100.480003,70.6733090000001
-100.469162,70.6694340000001
-100.461121,70.659988
-100.451683,70.6519320000001
-100.443604,70.647766
-100.347229,70.6080320000001
-100.336403,70.604431
-100.319458,70.6033170000001
-100.218338,70.564423
-100.224442,70.45665
-100.230827,70.4516600000001
