"V1","V2"
96.756943,76.322769
96.693588,76.293045
96.664703,76.2924800000001
96.6260830000001,76.3152620000001
96.611649,76.3199920000001
96.5836029999999,76.3211060000001
96.5544280000001,76.3202670000001
96.5224910000001,76.3208310000001
96.452484,76.323318
96.397766,76.3269350000001
96.3830410000001,76.3319400000001
96.400269,76.3363800000001
96.452484,76.3394320000001
96.697205,76.340271
96.7252660000001,76.3391570000001
96.751938,76.336655
96.7666630000001,76.3316650000001
96.7683260000001,76.3291630000001
96.756943,76.322769
