"V1","V2"
112.521927,76.622482
112.527206,76.6163790000001
112.565811,76.5499880000001
112.684418,76.5269320000001
112.703598,76.522491
112.713318,76.516937
112.713882,76.510544
112.608871,76.450272
112.593323,76.443588
112.574997,76.4419250000001
112.481659,76.4480290000001
112.448593,76.451096
112.424698,76.455261
112.36998,76.4883120000001
112.343872,76.5177610000001
112.333878,76.523041
112.304428,76.5330510000001
112.280548,76.5372010000001
112.218597,76.5438690000001
112.19136,76.5435940000001
112.132751,76.545532
112.104156,76.5488740000001
112.079987,76.5530400000001
111.95665,76.5986020000001
111.967758,76.6252590000001
111.989151,76.6285860000001
112.09082,76.633606
112.118317,76.633881
112.147774,76.6330410000001
112.171921,76.62886
112.229431,76.6216430000001
112.262772,76.618591
112.292213,76.6177520000001
112.309143,76.620819
112.317207,76.6341550000001
112.316673,76.640549
112.324707,76.6541600000001
112.348038,76.656647
112.374977,76.6541600000001
112.507217,76.6274720000001
112.521927,76.622482
