"V1","V2"
-7.18861199999992,57.6872180000001
-7.07527800000003,57.6422200000001
-7.06749999999994,57.6374970000001
-7.06583399999994,57.633331
-7.14749999999992,57.5149990000001
-7.15388999999999,57.509438
-7.16833399999996,57.508049
-7.23361199999999,57.503609
-7.31472299999996,57.5041660000001
-7.32138899999995,57.505272
-7.32611199999997,57.507774
-7.32749999999999,57.5274960000001
-7.32527799999997,57.5441670000001
-7.34777800000001,57.5508270000001
-7.41166700000002,57.5680540000001
-7.455556,57.5638890000001
-7.46777800000001,57.5619430000001
-7.47694499999994,57.562492
-7.48611199999993,57.566109
-7.53638899999999,57.586105
-7.540278,57.588051
-7.54333399999996,57.5908280000001
-7.54333399999996,57.5955510000001
-7.49138900000003,57.6463850000001
-7.48388999999992,57.6519390000001
-7.47277799999995,57.6549989999999
-7.432501,57.653328
-7.27500099999997,57.6563870000001
-7.27111100000002,57.6594390000001
-7.24472199999997,57.676941
-7.19722300000001,57.686943
-7.18861199999992,57.6872180000001
