"V1","V2"
-147.928894,60.8069380000001
-148.018341,60.789719
-148.106659,60.791664
-148.118042,60.7933269999999
-148.126099,60.796104
-148.133057,60.799721
-148.134186,60.8058240000001
-148.13446,60.8241650000001
-148.134186,60.8308260000001
-148.125275,60.861382
-148.106659,60.9124909999999
-148.102203,60.9169390000001
-148.065002,60.9261020000001
-148.042236,60.928604
-148.029724,60.927773
-148.022797,60.925552
-147.967499,60.90416
-147.960815,60.9008260000001
-147.939453,60.884163
-147.931396,60.8744350000001
-147.910828,60.8244399999999
-147.909729,60.818054
-147.914459,60.813324
-147.928894,60.8069380000001
