"V1","V2"
173.78775,52.501106
173.742737,52.356102
173.735504,52.3533250000001
173.72467,52.352219
173.660248,52.3488770000001
173.664703,52.3624950000001
173.6633,52.36805
173.628845,52.391663
173.591919,52.3949969999999
173.581909,52.394714
173.572205,52.3930510000001
173.560242,52.3863830000001
173.524414,52.380821
173.496918,52.378876
173.375244,52.399437
173.374969,52.4044340000001
173.392487,52.4194410000001
173.397217,52.4233250000001
173.454407,52.4505460000001
173.630798,52.5038830000001
173.698578,52.5083310000001
173.766663,52.5080490000001
173.783051,52.5055540000001
173.78775,52.501106
