"V1","V2"
-7.87944499999992,-70.733902
-7.90249999999997,-70.734177
-7.93916699999994,-70.7316739999999
-7.99083400000001,-70.7219539999999
-8.00583499999999,-70.7175139999999
-8.03250100000002,-70.7066799999999
-8.043612,-70.700012
-8.03805699999998,-70.69278
-8.01139099999995,-70.682785
-7.995001,-70.6783449999999
-7.97138999999999,-70.675293
-7.94666699999993,-70.673889
-7.92361199999999,-70.673889
-7.90249999999997,-70.674728
-7.83305599999994,-70.681946
-7.77527799999996,-70.688904
-7.75777799999992,-70.6922299999999
-7.74277799999999,-70.6963959999999
-7.72916700000002,-70.70195
-7.725278,-70.710281
-7.73500099999995,-70.7158359999999
-7.74833399999994,-70.72084
-7.80055600000003,-70.7275089999999
-7.854445,-70.732513
-7.87944499999992,-70.733902
