"V1","V2"
-127.391113,-74.580292
-127.440567,-74.58139
-127.471123,-74.579453
-127.512512,-74.569168
-127.522781,-74.563339
-127.529716,-74.5577849999999
-127.535278,-74.551392
-127.549728,-74.538071
-127.57251,-74.5200039999999
-127.609177,-74.509445
-127.632782,-74.5050049999999
-127.775009,-74.465012
-127.928886,-74.4050139999999
-127.977226,-74.3822329999999
-128.163635,-74.276672
-128.166412,-74.268616
-128.160858,-74.254181
-128.144745,-74.248062
-128.118896,-74.247787
-127.878342,-74.2499999999999
-127.82251,-74.251953
-127.761398,-74.260284
-127.694168,-74.271957
-127.625,-74.2930599999999
-127.558899,-74.3133389999999
-127.521393,-74.3230589999999
-127.456123,-74.33667
-127.396393,-74.343613
-127.339737,-74.347504
-127.249184,-74.350571
-127.219177,-74.352509
-127.128067,-74.360565
-127.086937,-74.37056
-127.071121,-74.375
-127.056671,-74.38028
-127.04306,-74.386673
-127.036118,-74.3922269999999
-127.044449,-74.4897309999999
-127.055008,-74.497513
-127.085007,-74.511124
-127.135559,-74.523895
-127.195282,-74.537781
-127.367508,-74.576675
-127.391113,-74.580292
