"V1","V2"
20.7355540000001,38.309998
20.719719,38.305275
20.7147220000001,38.306389
20.707222,38.309998
20.699444,38.317497
20.67083,38.35305
20.6447220000001,38.3980480000001
20.6155549999999,38.4624940000001
20.6133310000001,38.4691620000001
20.6141660000001,38.4736100000001
20.6488880000001,38.5002750000001
20.6566659999999,38.5011060000001
20.6711080000001,38.4933320000001
20.706387,38.4447170000001
20.7080540000001,38.44194
20.7433320000001,38.3724980000001
20.761108,38.3252720000001
20.760277,38.3216630000001
20.7355540000001,38.309998
