"V1","V2"
-68.320847,44.237213
-68.326675,44.2358250000001
-68.3355559999999,44.2383270000001
-68.404175,44.2694400000001
-68.40834,44.2733230000001
-68.414719,44.281937
-68.428879,44.314995
-68.428329,44.3199920000001
-68.426392,44.3258290000001
-68.4061129999999,44.3694380000001
-68.3674929999999,44.426384
-68.3630519999999,44.4308240000001
-68.353333,44.4391560000001
-68.347229,44.4413760000001
-68.2986149999999,44.449158
-68.263062,44.4527740000001
-68.25528,44.4513850000001
-68.247498,44.4486009999999
-68.2436069999999,44.4444350000001
-68.241379,44.438881
-68.19249,44.391106
-68.1855469999999,44.382492
-68.174438,44.364716
-68.170273,44.355553
-68.16861,44.35083
-68.168335,44.3455430000001
-68.182495,44.3327709999999
-68.192764,44.3252719999999
-68.320847,44.237213
