"V1","V2"
86.902206,73.697479
86.8962710000001,73.693069
86.8988800000001,73.693314
86.792755,73.6138760000001
86.7799840000001,73.608871
86.752213,73.5997160000001
86.7366490000001,73.5952610000001
86.6877590000001,73.592209
86.419434,73.5880430000001
86.394989,73.5883180000001
86.4858090000001,73.633331
86.5010990000001,73.6377720000001
86.5352629999999,73.6452640000001
86.5722200000001,73.651932
86.6947020000001,73.6599880000001
86.716385,73.6624910000001
86.7533260000001,73.6691440000001
86.8158110000001,73.6860960000001
86.825272,73.6919250000001
86.838043,73.6972049999999
86.884155,73.701096
86.902206,73.697479
