"V1","V2"
-74.055008,-51.553612
-73.926117,-51.75695
-73.924454,-51.7625049999999
-73.923065,-51.768059
-73.923889,-51.7750019999999
-73.92807,-51.779449
-73.9400019999999,-51.785835
-73.9527889999999,-51.791389
-73.973892,-51.798889
-73.9819489999999,-51.80056
-73.9989009999999,-51.803062
-74.009171,-51.803337
-74.022461,-51.802025
-74.045288,-51.798058
-74.060287,-51.79306
-74.1963959999999,-51.7302779999999
-74.2025149999999,-51.7272259999999
-74.2202909999999,-51.717506
-74.235291,-51.70639
-74.238068,-51.701393
-74.2386169999999,-51.688896
-74.237793,-51.681946
-74.233902,-51.677223
-74.2269589999999,-51.6750029999999
-74.1838989999999,-51.6700059999999
-74.1402889999999,-51.67028
-74.088623,-51.614723
-74.1055599999999,-51.557228
-74.103897,-51.551117
-74.1008449999999,-51.545837
-74.09584,-51.5419459999999
-74.0888979999999,-51.539452
-74.0777889999999,-51.540001
-74.070282,-51.542503
-74.0639039999999,-51.545563
-74.058899,-51.549171
-74.055008,-51.553612
