"V1","V2"
-103.35083,70.6871950000001
-103.364166,70.685257
-103.381104,70.6858060000001
-103.394997,70.689148
-103.428879,70.6999970000001
-103.437767,70.703873
-103.446381,70.708038
-103.452499,70.7124940000001
-103.458893,70.722214
-103.462784,70.732208
-103.456947,70.737198
-103.443604,70.739151
-103.42778,70.739426
-103.39917,70.737198
-103.363617,70.727768
-103.34111,70.7202610000001
-103.335007,70.716095
-103.334442,70.7108150000001
-103.338608,70.6994170000001
-103.343338,70.6935880000001
-103.35083,70.6871950000001
