"V1","V2"
-75.354172,37.8666610000001
-75.369156,37.8633270000001
-75.3752749999999,37.863884
-75.38028,37.864998
-75.383331,37.8669360000001
-75.384445,37.868599
-75.3841709999999,37.8722150000001
-75.36528,37.90638
-75.289444,37.9933240000001
-75.244614,38.0374220000001
-75.2233279999999,38.066101
-75.1938779999999,38.107216
-75.190826,38.113052
-75.188599,38.122215
-75.184723,38.13916
-75.18222,38.151932
-75.182495,38.1555480000001
-75.180283,38.1655430000001
-75.1769409999999,38.174713
-75.121109,38.263054
-75.1122129999999,38.256386
-75.160828,38.142494
-75.189163,38.089432
-75.214172,38.053604
-75.2257539999999,38.0394740000001
-75.23111,38.030548
-75.247772,38.003609
-75.2530669999999,37.9955440000001
-75.328064,37.885269
-75.34111,37.873878
-75.34584,37.870544
-75.354172,37.8666610000001
