"V1","V2"
-152.493866,58.4722140000001
-152.505585,58.471375
-152.526672,58.4738770000001
-152.545288,58.4774860000001
-152.619141,58.5
-152.625824,58.5030520000001
-152.631653,58.5072169999999
-152.635834,58.5116650000001
-152.660553,58.543327
-152.655579,58.5474930000001
-152.560822,58.5808260000001
-152.478607,58.607216
-152.399994,58.6311040000001
-152.381927,58.635551
-152.368591,58.635826
-152.351379,58.631378
-152.345825,58.627213
-152.339996,58.602219
-152.342224,58.5933230000001
-152.376923,58.5633240000001
-152.451111,58.4977720000001
-152.454712,58.492767
-152.464447,58.4844360000001
-152.477203,58.4774860000001
-152.493866,58.4722140000001
