"V1","V2"
14.0013170000001,54.0653610000001
14.1050000000001,53.998604
14.1811100000001,53.948051
14.1869430000001,53.944717
14.214167,53.932495
14.2255550000001,53.9286040000001
14.2158319999999,53.8999940000001
14.2188870000001,53.869019
14.1958330000001,53.8747180000001
14.191111,53.875275
14.082499,53.8733290000001
14.0452770000001,53.8722150000001
14.037777,53.8699950000001
14.0291650000001,53.8647160000001
14.008055,53.8538820000001
13.9924980000001,53.8497159999999
13.9491650000001,53.8436050000001
13.8930550000001,53.839439
13.8774990000001,53.840828
13.826942,53.850822
13.8234310000001,53.8537450000001
13.8249989999999,53.85833
13.833332,53.867493
13.835554,53.8697200000001
13.838888,53.8713840000001
13.871944,53.8780520000001
13.929165,53.8974990000001
13.9396310000001,53.9148640000001
13.9575679999999,53.941113
13.982067,53.9625510000001
14.012691,53.949425
14.030628,53.9428630000001
14.048565,53.9424250000001
14.0560030000001,53.9848630000001
14.04769,54.0054240000001
14.0140039999999,54.0141750000001
14.008317,54.026424
13.998255,54.039986
13.97988,54.05661
13.9540680000001,54.060547
13.929569,54.0631710000001
13.9186330000001,54.0548590000001
13.926069,54.036484
13.912222,54.026665
13.9027770000001,54.0141600000001
13.8980539999999,54.0097200000001
13.860554,53.998604
13.8574980000001,54.000275
13.822777,54.036659
13.808683,54.0716130000001
13.8174300000001,54.0978549999999
13.804192,54.111092
13.759998,54.1397170000001
13.7586099999999,54.1422200000001
13.7561089999999,54.1502760000001
13.7575000000001,54.1572190000001
13.759165,54.159996
13.7638870000001,54.164444
13.7697220000001,54.16777
13.7811110000001,54.171104
13.8005540000001,54.171387
13.8130550000001,54.1686100000001
13.818054,54.164719
13.819443,54.1622160000001
13.8230550000001,54.1547160000001
13.8255540000001,54.1433260000001
13.8280540000001,54.138329
13.8316649999999,54.1338880000001
13.8661099999999,54.106667
13.8923839999999,54.0902980000001
13.9212570000001,54.0819850000001
13.9383189999999,54.0771710000001
13.9654429999999,54.073235
14.0013170000001,54.0653610000001
