"V1","V2"
35.790833,64.9733120000001
35.7491610000001,64.964996
35.7394330000001,64.968323
35.5837250000001,65.0732730000001
35.5678560000001,65.0841219999999
35.545036,65.1010739999999
35.5380709999999,65.1069180000001
35.5249940000001,65.1269070000001
35.5210950000001,65.1416630000001
35.521645,65.149994
35.524696,65.158875
35.5330430000001,65.164703
35.553596,65.1746980000001
35.5658190000001,65.178589
35.696655,65.1927489999999
35.774712,65.191925
35.7913820000001,65.1891480000001
35.8121870000001,65.1805570000001
35.834435,65.16832
35.841103,65.162491
35.843048,65.1549840000001
35.8633270000001,65.0733180000001
35.8688809999999,65.0319369999999
35.867767,65.0155490000001
35.8647159999999,65.0066530000001
35.8599930000001,64.9985960000001
35.851387,64.9927519999999
35.841103,64.9877620000001
35.81694,64.9802700000001
35.790833,64.9733120000001
