"V1","V2"
127.632751,-3.36527799999988
127.620247,-3.36666599999995
127.614151,-3.36583299999995
127.523041,-3.33388899999994
127.518333,-3.33166699999992
127.509163,-3.32694500000002
127.488586,-3.30638900000002
127.481087,-3.29333400000002
127.522217,-3.25916699999993
127.527206,-3.25722300000001
127.548317,-3.25777799999986
127.554428,-3.25861099999986
127.569717,-3.26388900000001
127.57309,-3.26674699999995
127.623871,-3.31527799999998
127.649719,-3.35083299999991
127.651093,-3.35638899999998
127.643051,-3.36194499999988
127.632751,-3.36527799999988
