"V1","V2"
126.75972,3.98583300000007
126.74971,3.98388899999998
126.699997,3.995833
126.690536,4.07000000000005
126.708603,4.08055500000012
126.714432,4.08527700000002
126.732208,4.10555500000004
126.787773,4.20888800000006
126.790268,4.21638799999994
126.789978,4.234444
126.787773,4.23833200000001
126.776932,4.24722100000008
126.738037,4.25861099999997
126.721649,4.25972200000001
126.716927,4.26277700000003
126.709717,4.270555
126.692749,4.32611100000008
126.690262,4.35972100000009
126.721367,4.50305500000007
126.725273,4.51416599999999
126.734711,4.53388800000005
126.74054,4.54194400000011
126.746094,4.54166600000002
126.774986,4.53638700000005
126.815536,4.52666600000003
126.859711,4.48694299999994
126.861099,4.48527600000006
126.915543,4.27805500000011
126.916092,4.27361000000002
126.913879,4.26416600000005
126.911102,4.25916600000005
126.870529,4.20805500000006
126.803864,4.04527700000011
126.796371,4.02083299999998
126.764709,3.98888800000003
126.75972,3.98583300000007
