"V1","V2"
24.7994420000001,71.02388
24.768887,71.0222170000001
24.737499,71.0280460000001
24.667774,71.0438840000001
24.6561090000001,71.047485
24.6469420000001,71.0513760000001
24.640553,71.055832
24.6394420000001,71.060822
24.6411090000001,71.066376
24.648052,71.073044
24.726387,71.0999910000001
24.738609,71.103043
24.75333,71.1044309999999
24.7705540000001,71.103882
24.84861,71.093307
24.8536110000001,71.089981
24.8475,71.0738679999999
24.8147200000001,71.0336000000001
24.8077770000001,71.0272220000001
24.7994420000001,71.02388
