"V1","V2"
116.382751,-3.645555
116.378593,-3.64694500000002
116.375259,-3.64361100000002
116.31694,-3.544445
116.31694,-3.53750000000002
116.354713,-3.44527799999997
116.363602,-3.43361099999998
116.402771,-3.38388900000001
116.406097,-3.38027799999992
116.410812,-3.378333
116.416931,-3.3775
116.421921,-3.37972200000002
116.425812,-3.38916699999999
116.429527,-3.40497299999993
116.429428,-3.43916699999994
116.42804,-3.45138900000001
116.40332,-3.58416699999998
116.395264,-3.61694399999999
116.390266,-3.63277799999997
116.386108,-3.642222
116.382751,-3.645555
