"V1","V2"
-95.311111,74.4977570000001
-95.33139,74.496094
-95.353333,74.4963680000001
-95.458893,74.498596
-95.4805599999999,74.5
-95.522781,74.5049900000001
-95.6030579999999,74.515549
-95.661667,74.523605
-95.6977689999999,74.529709
-95.71666,74.533875
-95.809433,74.554428
-95.845001,74.5638730000001
-95.862213,74.5699920000001
-95.866394,74.574158
-95.86055,74.5791630000001
-95.857498,74.5805510000001
-95.682495,74.634995
-95.653885,74.6422119999999
-95.638062,74.6433260000001
-95.624161,74.641663
-95.628601,74.6408230000001
-95.5175019999999,74.6302640000001
-95.497498,74.6271970000001
-95.441101,74.613876
-95.40361,74.6033169999999
-95.334442,74.5808259999999
-95.31778,74.5738830000001
-95.2919459999999,74.560257
-95.260284,74.5405430000001
-95.251114,74.5341490000001
-95.244995,74.5277710000001
-95.246384,74.5216520000001
-95.251114,74.5160980000001
-95.259171,74.5105440000001
-95.2711179999999,74.505554
-95.2894439999999,74.501389
-95.311111,74.4977570000001
