"V1","V2"
-172.388367,52.2897190000001
-172.433624,52.281662
-172.44223,52.283333
-172.500336,52.2575000000001
-172.511963,52.251099
-172.521393,52.24305
-172.598907,52.2483220000001
-172.608612,52.2494280000001
-172.628052,52.2583240000001
-172.621643,52.2813800000001
-172.618896,52.286942
-172.611664,52.2963870000001
-172.56723,52.334717
-172.473907,52.3827670000001
-172.458893,52.387215
-172.438324,52.3919300000001
-172.414185,52.3897089999999
-172.319153,52.3536000000001
-172.306427,52.3474810000001
-172.301147,52.34388
-172.295868,52.327209
-172.297241,52.3224950000001
-172.313904,52.3119280000001
-172.349457,52.299988
-172.388367,52.2897190000001
