"V1","V2"
-88.094727,30.241104
-88.2913819999999,30.228607
-88.303329,30.2291599999999
-88.311935,30.2313840000001
-88.3124999999999,30.2327730000001
-88.311111,30.237495
-88.30249,30.240829
-88.2738949999999,30.2452740000001
-88.246384,30.249161
-88.194443,30.2533300000001
-88.141388,30.2558330000001
-88.1319429999999,30.256386
-88.1208339999999,30.2599980000001
-88.114441,30.264164
-88.107773,30.2736090000001
-88.101105,30.2702750000001
-88.073624,30.2541660000001
-88.070282,30.250275
-88.0725099999999,30.2463840000001
-88.0825039999999,30.243328
-88.094727,30.241104
