"V1","V2"
24.6830520000001,38.79805
24.683609,38.7797160000001
24.6808320000001,38.776939
24.6591639999999,38.7674940000001
24.6469420000001,38.7641600000001
24.6263890000001,38.7652740000001
24.6205519999999,38.7663880000001
24.6169430000001,38.7683260000001
24.6124990000001,38.773605
24.604721,38.785271
24.598053,38.7897189999999
24.5927770000001,38.7899930000001
24.57111,38.780548
24.566944,38.773605
24.566944,38.7699970000001
24.5688860000001,38.7608260000001
24.553333,38.7683260000001
24.5347209999999,38.783607
24.456665,38.8808290000001
24.450275,38.8969420000001
24.4497180000001,38.946938
24.450832,38.9505540000001
24.452774,38.9538880000001
24.4583319999999,38.9627760000001
24.4608309999999,38.965553
24.477219,38.9755549999999
24.4808310000001,38.977219
24.484722,38.9786070000001
24.4899980000001,38.97805
24.502499,38.972771
24.5061069999999,38.970833
24.577499,38.9261090000001
24.665554,38.8241650000001
24.679165,38.8074950000001
24.6813890000001,38.804718
24.6830520000001,38.79805
