"V1","V2"
-122.149727,-73.614456
-122.092216,-73.628616
-122.04834,-73.6355589999999
-121.990013,-73.641953
-121.960854,-73.643341
-121.908073,-73.641678
-121.7939,-73.646393
-121.737793,-73.651672
-121.513062,-73.6905669999999
-121.415283,-73.7130579999999
-121.249733,-73.728897
-121.113892,-73.729172
-121.01889,-73.733337
-120.996674,-73.734726
-120.936684,-73.7400049999999
-120.90889,-73.743057
-120.828903,-73.7525019999999
-120.781113,-73.759735
-120.62973,-73.780563
-120.545563,-73.789459
-120.490837,-73.789169
-120.466133,-73.7880709999999
-120.375839,-73.778336
-120.333344,-73.772507
-120.286392,-73.76918
-120.261398,-73.7677919999999
-120.231667,-73.76889
-120.203613,-73.771667
-120.179459,-73.7752839999999
-120.143341,-73.784454
-120.126953,-73.789169
-120.114182,-73.7939
-120.06723,-73.80278
-120.01001,-73.8075099999999
-119.980293,-73.808624
-119.929733,-73.805283
-119.85112,-73.792511
-119.828903,-73.790009
-119.754463,-73.7863919999999
-119.722229,-73.788345
-119.6689,-73.7939
-119.62056,-73.800842
-119.592216,-73.803619
-119.563057,-73.805283
-119.50528,-73.805283
-119.438606,-73.798065
-119.418617,-73.7947239999999
-119.384171,-73.785568
-119.273064,-73.761398
-119.228622,-73.7566679999999
-119.204727,-73.756119
-119.169449,-73.758347
-119.148354,-73.761673
-119.132507,-73.767227
-119.111389,-73.7789
-119.085564,-73.789169
-119.065842,-73.794174
-119.037514,-73.796677
-119.007782,-73.797791
-118.877228,-73.795288
-118.814453,-73.797226
-118.786118,-73.799728
-118.732513,-73.805008
-118.680283,-73.811951
-118.662781,-73.8158419999999
-118.63028,-73.826126
-118.604736,-73.837234
-118.59584,-73.843338
-118.565567,-73.8922269999999
-118.552231,-73.914734
-118.55162,-73.9248499999999
-118.549454,-73.928894
-118.551682,-73.936401
-118.55806,-73.9444579999999
-118.577789,-73.961395
-118.603897,-73.973068
-118.650558,-73.9938959999999
-118.666122,-74.0005649999999
-118.737793,-74.017792
-118.757782,-74.0213929999999
-118.780289,-74.023895
-118.840012,-74.0344539999999
-118.998062,-74.064728
-119.069733,-74.081116
-119.108063,-74.090012
-119.147232,-74.100006
-119.179169,-74.109451
-119.227783,-74.122513
-119.318336,-74.1444549999999
-119.356117,-74.152512
-119.398064,-74.1611179999999
-119.43779,-74.1672359999999
-119.460564,-74.169724
-119.575562,-74.178619
-119.81723,-74.1889039999999
-119.888634,-74.190842
-120.055557,-74.202789
-120.103058,-74.209167
-120.222504,-74.2300109999999
-120.26918,-74.235291
-120.31778,-74.238892
-120.475853,-74.243622
-120.560013,-74.243622
-120.645569,-74.2416689999999
-120.732224,-74.24057
-120.756668,-74.240845
-120.783073,-74.242783
-120.828613,-74.2499999999999
-120.881393,-74.261673
-120.936111,-74.275009
-120.954178,-74.2794489999999
-121.027237,-74.297226
-121.124451,-74.318069
-121.228622,-74.334732
-121.313606,-74.34584
-121.497513,-74.364456
-121.550842,-74.368347
-121.670837,-74.375
-121.728348,-74.3755649999999
-122.132233,-74.368057
-122.3125,-74.360291
-122.439728,-74.352509
-122.558617,-74.340561
-122.583069,-74.336945
-122.603348,-74.3325039999999
-122.629997,-74.320847
-122.628067,-74.305557
-122.623901,-74.29834
-122.614731,-74.289459
-122.592789,-74.271957
-122.58223,-74.265015
-122.556671,-74.250565
-122.505569,-74.221954
-122.476959,-74.207779
-122.463898,-74.2022249999999
-122.454727,-74.193344
-122.449722,-74.185013
-122.443069,-74.161667
-122.441681,-74.146393
-122.443893,-74.1386259999999
-122.451683,-74.125565
-122.479172,-74.108063
-122.505836,-74.0963899999999
-122.521393,-74.0914
-122.552231,-74.0736239999999
-122.559723,-74.06723
-122.570282,-74.0541689999999
-122.574448,-74.047791
-122.576134,-74.039169
-122.56778,-74.024445
-122.535843,-74.00029
-122.493622,-73.968903
-122.480293,-73.9594569999999
-122.401947,-73.9061129999999
-122.392227,-73.88945
-122.398903,-73.8822329999999
-122.406113,-73.876114
-122.414459,-73.87056
-122.426117,-73.8650049999999
-122.458069,-73.85556
-122.480827,-73.8511199999999
-122.531677,-73.843338
-122.585854,-73.838898
-122.616386,-73.8383479999999
-122.640556,-73.8383479999999
-122.688339,-73.8414
-122.741669,-73.8427889999999
-122.79306,-73.8358459999999
-122.851669,-73.8225099999999
-122.890556,-73.813614
-123.129997,-73.746124
-123.144997,-73.741119
-123.159393,-73.734039
-123.155289,-73.727783
-123.106117,-73.6577909999999
-123.093613,-73.64917
-123.064178,-73.637222
-123.012222,-73.6230619999999
-122.973892,-73.6158449999999
-122.953613,-73.612503
-122.888344,-73.6055599999999
-122.833618,-73.605011
-122.747513,-73.613892
-122.689728,-73.617783
-122.631393,-73.62056
-122.549728,-73.620285
-122.395844,-73.605835
-122.371674,-73.601959
-122.353058,-73.6002809999999
-122.306122,-73.597504
-122.272781,-73.598068
-122.216133,-73.602509
-122.189453,-73.606674
-122.149727,-73.614456
