"V1","V2"
80.9480290000001,15.736664
80.9422000000001,15.7347199999999
80.9333189999999,15.738886
80.9183200000001,15.75111
80.9111020000001,15.757776
80.8713680000001,15.803331
80.870529,15.8091640000001
80.876923,15.8386100000001
80.878586,15.84333
80.883606,15.845831
80.889435,15.8455519999999
80.8936,15.8430540000001
80.899673,15.837793
80.9644319999999,15.794443
80.968048,15.791109
80.9888760000001,15.7697200000001
80.991928,15.7658329999999
80.991928,15.760277
80.9885860000001,15.756666
80.9844210000001,15.7538870000001
80.9480290000001,15.736664
