"V1","V2"
-179.626129,68.9063570000001
-179.605835,68.9060820000001
-179.583649,68.906937
-179.537231,68.9097140000001
-179.516113,68.9122009999999
-179.509766,68.91832
-179.522522,68.922745
-179.533356,68.928299
-179.542511,68.934708
-179.547241,68.9508210000001
-179.540833,68.9566500000001
-179.528656,68.9613650000001
-179.513641,68.958023
-179.500854,68.953583
-179.468079,68.9369050000001
-179.458893,68.9305420000001
-179.421112,68.893326
-179.412231,68.854141
-179.41333,68.839432
-179.406403,68.83165
-179.397278,68.825272
-179.38446,68.820816
-179.324188,68.8083040000001
-179.179199,68.805817
-179.05307,68.788315
-178.92337,68.7683260000001
-178.872528,68.7502750000001
-178.788086,68.716919
-178.532501,68.606079
-178.486115,68.5858000000001
-178.49472,68.583313
-178.529327,68.587006
-178.560028,68.593033
-178.57254,68.5974730000001
-178.591675,68.6097109999999
-178.62558,68.625519
-178.715576,68.6558230000001
-178.741943,68.6458129999999
-178.758362,68.574417
-178.742493,68.546356
-178.738312,68.539429
-178.593872,68.516922
-178.561401,68.5119170000001
-178.407501,68.494431
-178.20752,68.4594270000001
-178.055298,68.4294130000001
-178.040833,68.4260709999999
-178.030609,68.4205170000001
-178.021942,68.413864
-178.01532,68.406082
-177.963623,68.3280490000001
-177.950562,68.2899630000001
-177.73526,68.3246920000001
-177.705017,68.3321990000001
-177.703064,68.337769
-177.711426,68.3444369999999
-177.72168,68.3499910000001
-177.733917,68.354706
-177.833313,68.3794100000001
-177.873871,68.3908080000001
-178.113068,68.463608
-178.345001,68.52916
-178.376678,68.5505220000001
-178.290588,68.5294190000001
-178.206696,68.5074770000001
-178.151428,68.4924619999999
-177.840576,68.4024659999999
-177.752838,68.3713529999999
-177.632202,68.3246920000001
-177.629974,68.296631
-177.748627,68.260803
-177.760834,68.256363
-177.75531,68.250275
-177.680328,68.2238770000001
-177.616394,68.213867
-177.555298,68.219147
-177.540283,68.2230380000001
-177.453369,68.24469
-177.368591,68.251389
-177.354736,68.2480320000001
-177.25,68.2152710000001
-177.238068,68.2105410000001
-177.23056,68.2058260000001
-177.248871,68.2080230000001
-177.265015,68.206085
-177.24585,68.15387
-177.23584,68.148041
-177.169769,68.128296
-177.154724,68.127472
-177.113647,68.147476
-177.09726,68.1586
-176.970306,68.133606
-176.767242,68.0766450000001
-176.662231,68.044693
-176.636414,68.0363770000001
-176.517792,68.000534
-176.234467,67.9210970000001
-176.089478,67.8888700000001
-176.073883,67.886093
-176.032806,67.8752440000001
-175.95282,67.8521880000001
-175.622528,67.75499
-175.463623,67.7074740000001
-175.374176,67.6485900000001
-175.280304,67.5599670000001
-175.272522,67.553299
-175.261169,67.548325
-175.247528,67.5438540000001
-175.201416,67.5357970000001
-175.191101,67.510803
-175.217773,67.4485780000001
-175.281403,67.4194340000001
-175.353333,67.376648
-175.36026,67.370804
-175.371643,67.358307
-175.38031,67.3449860000001
-175.371643,67.341095
-175.33139,67.340805
-175.311157,67.343033
-175.224457,67.3502660000001
-175.20752,67.3485870000001
-175.186951,67.3505250000001
-175.136719,67.35997
-175.106689,67.367203
-175.094177,67.371628
-175.08725,67.377472
-175.04306,67.443573
-174.837494,67.389435
-174.830292,67.382736
-174.786682,67.3199770000001
-174.781403,67.312195
-174.777802,67.3030400000001
-174.782257,67.296631
-174.791962,67.2913670000001
-174.80838,67.2913670000001
-174.81781,67.2972110000001
-174.82309,67.304962
-174.83252,67.310791
-174.841095,67.3149720000001
-174.858612,67.312195
-174.871094,67.307755
-174.892548,67.2899630000001
-174.953918,67.107758
-174.955597,67.100266
-174.918884,66.995255
-174.911682,66.9883120000001
-174.891998,66.979706
-174.813904,66.9460910000001
-174.764496,66.8535920000001
-174.742798,66.773041
-174.746399,66.758316
-174.756134,66.729416
-174.75946,66.7258150000001
-174.75589,66.7405400000001
-174.762268,66.7455140000001
-174.777222,66.748322
-174.810822,66.7516480000001
-174.833313,66.7505340000001
-174.850586,66.747467
-174.865265,66.7438660000001
-174.990814,66.6763609999999
-175.000336,66.6710970000001
-174.997528,66.664139
-174.931427,66.6235810000001
-174.905609,66.615799
-174.836945,66.6099699999999
-174.751404,66.602463
-174.642548,66.5860900000001
-174.612762,66.5805360000001
-174.531952,66.559967
-174.506439,66.552185
-174.488312,66.5405430000001
-174.481384,66.5338749999999
-174.467224,66.5199739999999
-174.436707,66.461914
-174.460297,66.47052
-174.475037,66.4732970000001
-174.491699,66.474991
-174.50116,66.469986
-174.515015,66.4580230000001
-174.516998,66.450821
-174.494141,66.3391420000001
-174.483612,66.316925
-174.472809,66.305817
-174.461945,66.3010710000001
-174.4328,66.2955170000001
-174.418335,66.2988740000001
-174.347504,66.3222200000001
-174.348053,66.330536
-174.355286,66.337204
-174.364197,66.343033
-174.377472,66.361374
-174.325867,66.3944400000001
-174.316437,66.3997040000001
-174.196136,66.463867
-174.14447,66.4785920000001
-174.127228,66.481354
-174.085297,66.4847110000001
-174.064758,66.48497
-174.031708,66.481354
-174.016998,66.4783020000001
-173.991699,66.4708100000001
-173.99057,66.4544220000001
-174.027527,66.3396910000001
-174.042267,66.33609
-174.070831,66.3208160000001
-174.075317,66.3141480000001
-174.081696,66.3002470000001
-174.085541,66.2855380000001
-174.086945,66.269974
-174.088043,66.2544250000001
-174.087494,66.246094
-174.08252,66.2383120000001
-174.075562,66.2313540000001
-174.06665,66.2255250000001
-174.045563,66.215805
-174.032806,66.2119140000001
-174.023376,66.2105410000001
-173.95639,66.2780460000001
-173.939453,66.3336030000001
-173.812775,66.3541410000001
-173.78421,66.3694310000001
-173.77948,66.376068
-173.758087,66.439972
-173.758667,66.4480290000001
-173.765564,66.4549870000001
-173.911133,66.5144349999999
-173.925842,66.517212
-174.00473,66.528305
-174.133911,66.5446930000001
-174.181122,66.549149
-174.219452,66.548035
-174.234161,66.5508120000001
-174.30307,66.577759
-174.301697,66.5860900000001
-174.26532,66.5988770000001
-174.164734,66.631073
-174.13504,66.638321
-174.100586,66.64386
-174.073334,66.651642
-174.008667,66.675247
-173.99585,66.691345
-173.995544,66.735794
-173.997772,66.7683259999999
-174.000854,66.777191
-174.021149,66.8341370000001
-174.024445,66.8433230000001
-174.077484,66.9399720000001
-174.103882,66.9685820000001
-174.125275,66.989136
-174.285309,67.0583040000001
-174.303894,67.0591280000001
-174.324188,67.056931
-174.376923,67.0485840000001
-174.487518,67.0333100000001
-174.507538,67.031082
-174.528351,67.0308230000001
-174.547241,67.031662
-174.564209,67.0333100000001
-174.64978,67.056641
-174.652527,67.063599
-174.631104,67.0810850000001
-174.616119,67.0847170000001
-174.581146,67.0905460000001
-174.540833,67.0946960000001
-174.431976,67.1027680000001
-174.39032,67.103302
-174.25,67.1019289999999
-174.054993,67.0972140000001
-173.998322,67.0949860000001
-173.928345,67.087769
-173.871643,67.0855410000001
-173.828064,67.086914
-173.8078,67.0888670000001
-173.772522,67.094437
-173.757538,67.097748
-173.732483,67.106354
-173.722809,67.111374
-173.708649,67.131363
-173.685822,67.1324770000001
-173.666962,67.1316530000001
-173.633087,67.128021
-173.618042,67.1252440000001
-173.419189,67.087494
-173.2742,67.0774690000001
-173.257233,67.075821
-173.223602,67.0719300000001
-173.176697,67.063309
-173.169189,67.0547030000001
-173.219757,67.045807
-173.240265,67.045807
-173.2742,67.049408
-173.295563,67.0302580000001
-173.352783,66.972214
-173.35556,66.96666
-173.36499,66.9116520000001
-173.361969,66.8402710000001
-173.352509,66.838867
-173.209747,66.838867
-173.191406,66.8399659999999
-173.154175,66.8524630000001
-173.149445,66.8591310000001
-173.158386,66.8649750000001
-173.198639,66.875809
-173.209442,66.8805390000001
-173.214172,66.888596
-173.222809,66.9424589999999
-173.224152,66.9749910000001
-173.219452,66.9816590000001
-173.20697,66.9857940000001
-173.191681,66.989426
-173.136414,66.996628
-173.11557,66.996628
-173.101654,66.983032
-173.096954,66.9749910000001
-173.09668,66.9669190000001
-173.09082,66.9491270000001
-173.080017,66.9441380000001
-173.06723,66.9402620000001
-173.052246,66.936371
-173.022522,66.930817
-173.00589,66.928864
-172.819489,66.908875
-172.780029,66.9080200000001
-172.590027,66.912491
-172.57196,66.9133150000001
-172.443054,66.930252
-172.430573,66.9344180000001
-172.430328,66.940521
-172.440857,66.9455110000001
-172.535858,66.9702610000001
-172.550842,66.973038
-172.567505,66.9749910000001
-172.722504,66.99054
-172.829163,66.9988710000001
-172.84613,67.0008240000001
-173.016998,67.02887
-173.011963,67.056076
-172.795868,67.040268
-172.676147,67.0277710000001
-172.592224,67.0183260000001
-172.512268,67.0066530000001
-172.497528,67.003586
-172.484711,66.9996950000001
-172.50061,66.998032
-172.536133,67.0008240000001
-172.565552,67.0066530000001
-172.59726,67.0116580000001
-172.724701,67.0202640000001
-172.783081,67.0219269999999
-172.770844,67.019699
-172.676147,67.0052490000001
-172.361664,66.966385
-172.328064,66.9624939999999
-172.109711,66.9577640000001
-172.036438,66.959137
-171.927246,66.973038
-171.75946,66.959137
-171.726105,66.9552459999999
-171.700867,66.9472050000001
-171.690308,66.9422
-171.68808,66.9333040000001
-171.68808,66.9252470000001
-171.703369,66.905533
-171.711121,66.899994
-171.716095,66.8933260000001
-171.721375,66.8785860000001
-171.72168,66.8705140000001
-171.708649,66.856644
-171.699982,66.850525
-171.681122,66.8396910000001
-171.640869,66.817749
-171.617798,66.8088529999999
-171.592529,66.8008120000001
-171.56366,66.7946930000001
-171.487213,66.78331
-171.423096,66.7744140000001
-171.410553,66.7702640000001
-171.397827,66.7563629999999
-171.393341,66.748322
-171.416412,66.7310790000001
-171.423096,66.7038730000001
-171.362213,66.6627660000001
-171.343323,66.650818
-171.301697,66.6308140000001
-171.252258,66.614685
-171.126373,66.575272
-171.060577,66.5571900000001
-170.916962,66.5263670000001
-170.879974,66.5144349999999
-170.745026,66.4597170000001
-170.734711,66.4547120000001
-170.726654,66.4485780000001
-170.720551,66.4416350000001
-170.704163,66.4294130000001
-170.584198,66.3580170000001
-170.57196,66.353867
-170.53949,66.349701
-170.508911,66.344437
-170.491119,66.3275380000001
-170.463318,66.317047
-170.475967,66.3133700000001
-170.48497,66.311356
-170.512817,66.308861
-170.554199,66.284973
-170.632507,66.253052
-170.642548,66.248032
-170.65033,66.242462
-170.64447,66.2371980000001
-170.632507,66.233032
-170.57309,66.2380220000001
-170.558044,66.241364
-170.545319,66.245255
-170.522278,66.2624970000001
-170.516998,66.26915
-170.450562,66.275597
-170.427902,66.282928
-170.409912,66.2867580000001
-170.388901,66.2897570000001
-170.365082,66.2915950000001
-170.351746,66.2920910000001
-170.340759,66.2914120000001
-170.24585,66.2722170000001
-170.205841,66.251938
-170.197784,66.245804
-170.175507,66.2101970000001
-170.1772,66.205872
-170.183685,66.198029
-170.191162,66.195526
-170.203156,66.1947020000001
-170.218079,66.1827550000001
-170.264496,66.190262
-170.298615,66.1935730000001
-170.31366,66.190262
-170.333893,66.1805420000001
-170.328613,66.1769260000001
-170.230316,66.1452640000001
-170.216095,66.141922
-170.198334,66.142746
-170.155518,66.146645
-170.146179,66.1534730000001
-170.141525,66.1569750000001
-170.028351,66.1530460000001
-170.000336,66.1466370000001
-169.927826,66.1416630000001
-169.915283,66.1458130000001
-169.907501,66.1513670000001
-169.906952,66.1597140000001
-169.912781,66.1666410000001
-169.921814,66.1707000000001
-170,66.181595
-170.012268,66.183304
-170.040283,66.189682
-170.013062,66.1877440000001
-169.950867,66.1780400000001
-169.791138,66.1508180000001
-169.763062,66.1444400000001
-169.720856,66.1347200000001
-169.709198,66.130539
-169.701111,66.124695
-169.69754,66.116638
-169.693909,66.098587
-169.690552,66.0805360000001
-169.691101,66.072495
-169.694962,66.068062
-169.699768,66.058594
-169.758087,66.003311
-169.765869,65.997757
-169.776123,65.9927370000001
-169.793335,65.9905400000001
-169.813324,65.990799
-169.855286,66.0002749999999
-169.867249,66.004425
-169.877228,66.00943
-169.912781,66.021927
-169.955017,66.0313570000001
-169.986969,66.0357970000001
-170.005005,66.036911
-170.027222,66.0363770000001
-170.046997,66.034714
-170.116119,66.0249940000001
-170.131104,66.021927
-170.158386,66.014694
-170.195831,66.002472
-170.450867,65.9163820000001
-170.587799,65.8636020000001
-170.588348,65.8452610000001
-170.575867,65.849411
-170.561157,65.852768
-170.54306,65.851639
-170.533081,65.846375
-170.51532,65.8252720000001
-170.515869,65.8172150000001
-170.528656,65.6732940000001
-170.53363,65.6669160000001
-170.57196,65.6299590000001
-170.579468,65.6244050000001
-170.63559,65.610535
-170.676697,65.608017
-170.785553,65.613861
-170.886719,65.6235810000001
-170.894745,65.6297000000001
-170.89447,65.6377720000001
-170.90033,65.644699
-171.06366,65.6838530000001
-171.077484,65.686905
-171.227203,65.7324830000001
-171.233337,65.7394259999999
-171.241364,65.7455140000001
-171.271698,65.760544
-171.384216,65.8049620000001
-171.420319,65.8172150000001
-171.448639,65.823044
-171.540588,65.8374940000001
-171.544189,65.833603
-171.343628,65.694138
-171.293335,65.668854
-171.283356,65.663864
-171.261414,65.6549840000001
-171.237518,65.6466369999999
-171.223358,65.643585
-171.205597,65.6424870000001
-171.185822,65.6424870000001
-171.151978,65.639435
-171.138062,65.6363680000001
-171.024445,65.5927429999999
-171.022827,65.585541
-171.023376,65.5691530000001
-171.050018,65.4955140000001
-171.057526,65.4896850000001
-171.06723,65.4847109999999
-171.081696,65.481354
-171.11557,65.476364
-171.135284,65.476639
-171.168884,65.4797060000001
-171.228088,65.4899750000001
-171.241943,65.4930420000001
-171.251953,65.4980320000001
-171.26004,65.5041660000001
-171.280029,65.514145
-171.291962,65.5183260000001
-171.343628,65.5324860000001
-171.357483,65.5355380000001
-171.393097,65.537766
-171.455841,65.5341340000001
-171.535309,65.5280460000001
-171.708893,65.512192
-171.783356,65.5044250000001
-171.819489,65.5000000000001
-171.85556,65.4958040000001
-171.94696,65.4852450000001
-171.968628,65.4841310000001
-172.049469,65.483032
-172.069153,65.483032
-172.08252,65.4844210000001
-172.046661,65.488861
-171.986115,65.4916380000001
-171.9664,65.4916380000001
-171.921417,65.4963530000001
-171.839722,65.5099950000001
-171.825317,65.513321
-171.81308,65.5174870000001
-171.815002,65.524704
-171.826935,65.5288700000001
-171.844757,65.529709
-171.943604,65.5299840000001
-172.002838,65.5299840000001
-172.020599,65.5308230000001
-172.036438,65.532761
-172.050598,65.535797
-172.059174,65.5519259999999
-172.067505,65.5577549999999
-172.095306,65.5638580000001
-172.11084,65.5641480000001
-172.129974,65.562195
-172.158936,65.555542
-172.20697,65.5385740000001
-172.221375,65.535248
-172.239197,65.536087
-172.253387,65.5391389999999
-172.288086,65.562195
-172.328064,65.6183169999999
-172.351105,65.6535949999999
-172.34668,65.6610870000001
-172.353088,65.66803
-172.542511,65.6907960000001
-172.645599,65.703049
-172.662781,65.7021940000001
-172.800293,65.681656
-172.804993,65.66774
-172.691101,65.6324770000001
-172.586945,65.614975
-172.547241,65.614975
-172.47113,65.603302
-172.457214,65.6002660000001
-172.434723,65.59137
-172.419189,65.574997
-172.425049,65.4791410000001
-172.446686,65.478043
-172.461121,65.474701
-172.470306,65.468582
-172.426697,65.4297030000001
-172.416412,65.4249880000001
-172.400574,65.4227450000001
-172.321381,65.4294130000001
-172.290283,65.435532
-172.211426,65.46666
-172.190552,65.446625
-172.25473,65.353302
-172.261719,65.33136
-172.259766,65.3241580000001
-172.25531,65.3160860000001
-172.249176,65.3091280000001
-172.240265,65.29303
-172.238068,65.2841340000001
-172.237762,65.267746
-172.24472,65.245514
-172.289734,65.258881
-172.317505,65.2646940000001
-172.348907,65.26886
-172.386169,65.269699
-172.673615,65.269974
-172.685822,65.2674870000001
-172.699982,65.2561040000001
-172.70224,65.2485810000001
-172.699768,65.239685
-172.693359,65.232758
-172.683075,65.227768
-172.613647,65.2130280000001
-172.594177,65.2130280000001
-172.45224,65.2183229999999
-172.334198,65.223038
-172.306671,65.2169190000001
-172.256989,65.202194
-172.246979,65.1972050000001
-172.128357,65.095261
-172.126129,65.0863650000001
-172.128357,65.078873
-172.133087,65.07222
-172.14978,65.0613710000001
-172.16864,65.051361
-172.328613,64.973587
-172.425049,64.93248
-172.436707,64.9280400000001
-172.464722,64.920258
-172.492798,64.913605
-172.50473,64.917465
-172.514771,64.92247
-172.526428,64.9263609999999
-172.541138,64.924698
-172.698334,64.8877720000001
-172.709991,64.883316
-172.730835,64.8741460000001
-172.74472,64.8624880000001
-172.754181,64.8574830000001
-172.765869,64.853043
-172.782257,64.8505250000001
-172.830017,64.855591
-172.839371,64.8567500000001
-172.875656,64.862083
-172.892197,64.865585
-172.907516,64.869583
-172.914673,64.8720930000001
-172.963623,64.876648
-172.982483,64.8746950000001
-172.998871,64.871918
-173.045563,64.8630220000001
-173.073639,64.856079
-173.082764,64.851074
-173.200867,64.786087
-173.205261,64.779419
-173.19696,64.77359
-173.177826,64.77359
-173.161438,64.7763670000001
-173.108032,64.791092
-173.050018,64.812485
-173.022278,64.827759
-173.015564,64.833603
-173.006134,64.8385930000001
-172.99472,64.8430330000001
-172.978088,64.84552
-172.958893,64.84581
-172.911743,64.8340910000001
-172.903595,64.8322530000001
-172.889404,64.8275830000001
-172.775574,64.789688
-172.765564,64.7847140000001
-172.77005,64.7780460000001
-172.783936,64.7663880000001
-172.79306,64.761368
-172.869476,64.729965
-172.964172,64.7094270000001
-173.036133,64.692734
-173.050018,64.689148
-173.07309,64.6808170000001
-173.0914,64.670517
-173.089478,64.6633150000001
-173.079468,64.65831
-173.05838,64.659424
-173.002502,64.665268
-172.955261,64.6724700000001
-172.825012,64.627182
-172.76004,64.6005250000001
-172.748322,64.5963750000001
-172.734711,64.5935819999999
-172.579712,64.5641480000001
-172.550598,64.559128
-172.533356,64.5583040000001
-172.4953,64.5583040000001
-172.462494,64.555237
-172.454468,64.549408
-172.355835,64.458313
-172.359161,64.4235840000001
-172.50589,64.403305
-172.610016,64.389694
-172.630859,64.3885959999999
-172.661438,64.392746
-172.699982,64.4024660000001
-172.760284,64.421356
-172.767792,64.454712
-172.760834,64.4605410000001
-172.761169,64.4688570000001
-172.767242,64.4758150000001
-172.821381,64.524994
-172.836426,64.525269
-172.891998,64.51944
-173.02005,64.4988710000001
-173.031403,64.49469
-173.051941,64.4852450000001
-173.061157,64.4802550000001
-173.06781,64.474411
-173.063904,64.4680330000001
-173.052246,64.464142
-173.036987,64.4622040000001
-173.015869,64.4633180000001
-172.978882,64.4672090000001
-172.962799,64.4699860000001
-172.944153,64.471924
-172.925049,64.471924
-172.90976,64.4699860000001
-172.89978,64.464981
-172.88559,64.452194
-172.87915,64.445236
-172.893097,64.3455199999999
-172.895294,64.338318
-172.901978,64.332474
-172.993042,64.281662
-173.034454,64.2794190000001
-173.051697,64.2802580000001
-173.088348,64.276642
-173.122772,64.271927
-173.15033,64.264984
-173.191406,64.254425
-173.213043,64.2633210000001
-173.270844,64.281082
-173.334991,64.2974700000001
-173.348358,64.300522
-173.39447,64.306076
-173.408051,64.3091280000001
-173.427826,64.318863
-173.436157,64.324692
-173.436401,64.333054
-173.405716,64.370148
-173.401733,64.3736500000001
-173.392227,64.3803100000001
-173.335541,64.4194340000001
-173.299164,64.4608000000001
-173.281952,64.5166629999999
-173.286682,64.524414
-173.3414,64.586365
-173.348907,64.5905460000001
-173.41333,64.6199800000001
-173.417816,64.6133120000001
-173.417267,64.6049650000001
-173.411987,64.586914
-173.405609,64.579987
-173.381653,64.5510710000001
-173.353333,64.5061040000001
-173.350586,64.497208
-173.350006,64.488861
-173.36084,64.4683230000001
-173.365265,64.4616550000001
-173.461945,64.3966370000001
-173.473358,64.392212
-173.5914,64.349701
-173.607483,64.3469240000001
-173.66449,64.346375
-173.681671,64.3472140000001
-173.768646,64.361374
-174.001953,64.4097140000001
-174.015564,64.4127660000001
-174.051392,64.424149
-174.06781,64.4360810000001
-174.074432,64.4430390000001
-174.106384,64.495255
-174.104431,64.5027620000001
-174.09613,64.5160830000001
-174.098907,64.524994
-174.103638,64.532761
-174.123322,64.553589
-174.131653,64.5597080000001
-174.152679,64.5686800000001
-174.16394,64.573303
-174.444153,64.664139
-174.573334,64.697205
-174.688904,64.7274630000001
-174.756134,64.7533110000001
-174.846375,64.7777710000001
-175.005585,64.8133090000001
-175.016998,64.791367
-175.016113,64.7833100000001
-175.05307,64.77887
-175.131958,64.7763670000001
-175.448883,64.7844240000001
-175.454712,64.833603
-175.471924,64.8563540000001
-175.633667,64.923294
-175.645844,64.926926
-175.701935,64.9377440000001
-175.76004,64.947464
-175.789734,64.9519349999999
-175.803894,64.954422
-175.816101,64.9583130000001
-175.91394,65.008316
-175.922791,65.014145
-175.916412,65.019974
-175.90033,65.023041
-175.886719,65.026642
-175.836426,65.0430300000001
-175.825317,65.0474699999999
-175.8125,65.059418
-175.808624,65.066086
-175.780609,65.160797
-175.862213,65.23497
-175.87851,65.2811810000001
-175.882202,65.306931
-175.925842,65.3935850000001
-175.931122,65.401642
-175.947266,65.414139
-175.95639,65.4199830000001
-175.96698,65.4246980000001
-176.078064,65.4702610000001
-176.178345,65.477768
-176.214172,65.478867
-176.246399,65.482193
-176.327484,65.4907990000001
-176.370544,65.4988710000001
-176.451416,65.517746
-176.478333,65.5241550000001
-176.530853,65.537766
-176.543335,65.5413670000001
-176.588593,65.559128
-176.950867,65.601074
-177.015869,65.6071930000001
-177.068054,65.609711
-177.089478,65.608017
-177.201416,65.5946960000001
-177.217773,65.59166
-177.296661,65.5597080000001
-177.302826,65.5538640000001
-177.320282,65.54332
-177.35141,65.5288700000001
-177.407501,65.5061040000001
-177.465027,65.4913639999999
-177.500336,65.4857940000001
-177.699432,65.475525
-177.993896,65.474701
-178.011719,65.474991
-178.114197,65.4802550000001
-178.273926,65.479965
-178.369476,65.475525
-178.41806,65.4797060000001
-178.47641,65.4896850000001
-178.501953,65.4966280000001
-178.514771,65.500275
-178.551697,65.511917
-178.56308,65.5163880000001
-178.570831,65.5321960000001
-178.57196,65.548035
-178.517792,65.586655
-178.453918,65.6963500000001
-178.45166,65.718582
-178.460541,65.736374
-178.470001,65.741913
-178.508911,65.7524720000001
-178.523621,65.75499
-178.540039,65.756363
-178.559723,65.755539
-178.58139,65.753876
-178.597504,65.7505340000001
-178.615814,65.750824
-178.654724,65.761368
-178.696686,65.786377
-178.809723,65.8669130000001
-178.867798,65.9266360000001
-178.909454,65.9938660000001
-178.88559,66.0136110000001
-178.796417,65.989975
-178.785004,65.989975
-178.724701,66.008881
-178.70752,66.0196990000001
-178.708649,66.0352480000001
-178.712494,66.051361
-178.7117,66.0588530000001
-178.708344,66.0655210000001
-178.676941,66.1105350000001
-178.671112,66.116638
-178.662537,66.1219180000001
-178.645844,66.1252440000001
-178.625824,66.1260680000001
-178.611115,66.123581
-178.592773,66.123291
-178.58139,66.1277620000001
-178.572784,66.1330260000001
-178.542511,66.1633150000001
-178.518646,66.227768
-178.508911,66.2847140000001
-178.502502,66.3883210000001
-178.506989,66.397217
-178.516998,66.402771
-178.535309,66.403046
-178.549469,66.399155
-178.605286,66.3652650000001
-178.639771,66.3299870000001
-178.777527,66.208023
-178.78894,66.203308
-178.899994,66.1719210000001
-178.919189,66.1691440000001
-178.961121,66.1666410000001
-178.994476,66.1691440000001
-179.020844,66.176071
-179.0625,66.194687
-179.109329,66.24308
-179.112518,66.246582
-179.110672,66.2505950000001
-179.109161,66.2783050000001
-179.10083,66.2836
-179.089478,66.288315
-179.083649,66.294434
-179.080292,66.3010710000001
-179.079712,66.308594
-179.102509,66.35997
-179.107239,66.3688660000001
-179.113647,66.376358
-179.129974,66.389694
-179.166138,66.414429
-179.175842,66.415268
-179.184479,66.4099729999999
-179.193604,66.397217
-179.179443,66.3708040000001
-179.171967,66.3566440000001
-179.167816,66.3358
-179.168869,66.2971420000001
-179.181427,66.284973
-179.269531,66.2977520000001
-179.278534,66.299095
-179.283539,66.303101
-179.284698,66.30809
-179.325317,66.3222200000001
-179.42392,66.343033
-179.42392,66.3383180000001
-179.388367,66.294434
-179.38031,66.287766
-179.368347,66.2833100000001
-179.353638,66.2808230000001
-179.321198,66.2634810000001
-179.314178,66.260818
-179.242249,66.197464
-179.248077,66.1916350000001
-179.27948,66.1694340000001
-179.288086,66.1641390000001
-179.321381,66.149994
-179.332764,66.1452640000001
-179.346375,66.141373
-179.395844,66.131363
-179.436707,66.1269230000001
-179.597809,66.1172030000001
-179.63446,66.117462
-179.66449,66.1222080000001
-179.67749,66.1255189999999
-179.6875,66.1310730000001
-179.686951,66.1385959999999
-179.665283,66.1405490000001
-179.645294,66.141373
-179.608612,66.141083
-179.589172,66.1391450000001
-179.57782,66.1391450000001
-179.577484,66.1466370000001
-179.582764,66.1527710000001
-179.654175,66.178589
-179.6828,66.184128
-179.695587,66.183029
-179.761963,66.116913
-179.777222,66.083313
-179.815308,65.9874879999999
-179.82254,65.9516450000001
-179.82309,65.935791
-179.816437,65.911377
-179.802246,65.8777620000001
-179.79837,65.8705140000001
-179.745544,65.7949830000001
-179.735535,65.7894290000001
-179.482788,65.6791380000001
-179.459991,65.670258
-179.420868,65.659714
-179.406158,65.657486
-179.388062,65.657196
-179.365265,65.6480410000001
-179.32666,65.6258090000001
-179.315002,65.536087
-179.32666,65.5241550000001
-179.41394,65.4866490000001
-179.533356,65.4349670000001
-179.542267,65.421921
-179.54837,65.4086
-179.551392,65.3638610000001
-179.56723,65.268585
-179.570282,65.261917
-179.584198,65.250534
-179.595001,65.245804
-179.63031,65.2247010000001
-179.646698,65.214142
-179.660553,65.202469
-179.6828,65.178299
-179.696686,65.166641
-179.704712,65.161377
-179.726105,65.1519319999999
-179.74472,65.1491550000001
-179.760834,65.1505280000001
-179.778656,65.1505280000001
-179.799469,65.14859
-179.815308,65.145264
-179.828613,65.1413730000001
-179.91394,65.1107940000001
-179.924469,65.106079
-180,65.0689090000001
-180,66.0689090000001
-180,67.0689090000001
-180,68.0689090000001
-180,68.9801030000001
-179.958069,68.9633180000001
-179.767242,68.9177399999999
-179.750854,68.9155430000001
-179.626129,68.9063570000001
