"V1","V2"
-76.53334,25.398331
-76.410278,25.340275
-76.349701,25.343281
-76.3287809999999,25.319574
-76.323204,25.2977280000001
-76.313065,25.28722
-76.1322329999999,25.146111
-76.121674,25.135277
-76.118896,25.1311070000001
-76.113068,25.1163859999999
-76.110565,25.105
-76.109177,25.080276
-76.110001,25.0666659999999
-76.13945,24.846107
-76.168335,24.6899990000001
-76.216125,24.7152750000001
-76.320282,24.7936099999999
-76.327515,24.8008310000001
-76.335846,24.8136100000001
-76.3377839999999,24.818607
-76.3380579999999,24.8249970000001
-76.2111209999999,24.8658330000001
-76.145004,25.0091630000001
-76.14389,25.015274
-76.143616,25.0647200000001
-76.145004,25.077221
-76.151947,25.1044429999999
-76.1633449999999,25.1277770000001
-76.1716769999999,25.140831
-76.175003,25.1444440000001
-76.1874999999999,25.153889
-76.208069,25.1633300000001
-76.24556,25.172222
-76.254456,25.178055
-76.314453,25.253609
-76.3255619999999,25.270554
-76.333069,25.2841640000001
-76.336945,25.293888
-76.339737,25.2983320000001
-76.3425139999999,25.302498
-76.355835,25.318333
-76.366394,25.321663
-76.3783419999999,25.324997
-76.3986209999999,25.3280530000001
-76.5069579999999,25.3508299999999
-76.513062,25.352497
-76.522781,25.3577770000001
-76.531403,25.363609
-76.539459,25.3702769999999
-76.5430599999999,25.373886
-76.5522309999999,25.3861079999999
-76.559448,25.3933300000001
-76.575562,25.406666
-76.587784,25.4161110000001
-76.59639,25.422222
-76.6069489999999,25.426666
-76.618896,25.429996
-76.632507,25.43222
-76.715836,25.4416659999999
-76.735291,25.5591659999999
-76.678345,25.544441
-76.680283,25.4894409999999
-76.53334,25.398331
