"V1","V2"
-20.113335,77.6533200000001
-20.081112,77.6263730000001
-20.0594439999999,77.6297000000001
-20.045834,77.629974
-20.0266689999999,77.6263730000001
-20.0130579999999,77.613037
-20.008335,77.606934
-20.0097239999999,77.6044310000001
-20.013336,77.6013790000001
-20.021114,77.5972140000001
-20.057777,77.5861050000001
-20.078888,77.5819400000001
-20.096668,77.5805510000001
-20.121666,77.5805510000001
-20.146111,77.5861050000001
-20.176388,77.601654
-20.227776,77.618317
-20.248055,77.6238710000001
-20.277225,77.62915
-20.305557,77.632477
-20.332779,77.6322020000001
-20.3761099999999,77.6263730000001
-20.395832,77.624695
-20.4163889999999,77.624695
-20.4383319999999,77.62886
-20.436111,77.6347200000001
-20.4155539999999,77.6408230000001
-20.365555,77.6524810000001
-20.2894439999999,77.66832
-20.242496,77.6769260000001
-20.168331,77.6858060000001
-20.1416659999999,77.6883090000001
-20.11861,77.6877590000001
-20.1080549999999,77.683868
-20.119167,77.6697080000001
-20.113335,77.6533200000001
