"V1","V2"
-109.588058,78.064697
-109.580566,78.0583190000001
-109.581123,78.0413670000001
-109.585281,78.0355380000001
-109.669724,77.9716490000001
-109.68306,77.9658200000001
-109.705566,77.9599910000001
-109.760277,77.9510960000001
-109.815277,77.9427490000001
-109.842499,77.938873
-109.897507,77.932755
-110.007233,77.9213710000001
-110.144997,77.9119260000001
-110.162781,77.906937
-110.166656,77.9010930000001
-110.196114,77.896652
-110.221123,77.8938750000001
-110.248894,77.8938750000001
-110.48999,77.8838810000001
-110.626663,77.873032
-110.654167,77.8719180000001
-110.792503,77.8708190000001
-110.846947,77.8663790000001
-110.873894,77.8621980000001
-110.895844,77.8560939999999
-110.901398,77.849716
-110.904716,77.8438720000001
-110.90361,77.838043
-110.900284,77.832764
-110.894447,77.826935
-110.886398,77.8208310000001
-110.743881,77.7736050000001
-110.715561,77.768875
-110.65889,77.75972
-110.631104,77.758041
-110.601387,77.758881
-110.51973,77.763321
-110.415833,77.770828
-110.393066,77.7730410000001
-110.368607,77.776382
-110.289169,77.782486
-110.161118,77.7841490000001
-110.133057,77.7805480000001
-110.105003,77.774994
-110.090286,77.7691500000001
-110.080292,77.763321
-110.040558,77.637497
-110.080292,77.5635990000001
-110.084167,77.557755
-110.092216,77.551926
-110.117493,77.539978
-110.203339,77.5113830000001
-110.225014,77.5052640000001
-110.270554,77.495819
-110.296951,77.491653
-110.502228,77.460266
-110.815002,77.424988
-110.827499,77.419144
-110.85083,77.414429
-110.877213,77.4113770000001
-110.95639,77.407486
-111.009743,77.406097
-111.065277,77.406097
-111.117218,77.408875
-111.172234,77.4160920000001
-111.299988,77.419144
-111.463058,77.3930510000001
-111.618332,77.3738710000001
-111.825012,77.3488770000001
-112.031113,77.3247070000001
-112.05722,77.3233179999999
-112.083618,77.323044
-112.136948,77.3233179999999
-112.166397,77.325272
-112.413063,77.356094
-112.438889,77.3610990000001
-112.482224,77.371094
-112.5,77.378235
-112.507782,77.381363
-112.521393,77.389435
-112.523331,77.395264
-112.526947,77.3997190000001
-112.545547,77.4158170000001
-112.587784,77.4491419999999
-112.601097,77.455261
-112.626938,77.4594270000001
-112.653877,77.4588780000001
-112.68222,77.45694
-112.69722,77.455261
-112.738892,77.4458160000001
-112.764183,77.44165
-112.790833,77.4410860000001
-112.80249,77.442474
-112.928879,77.4641570000001
-112.957779,77.469437
-112.963898,77.474152
-112.968063,77.4858090000001
-112.968063,77.492203
-112.970284,77.498032
-112.978882,77.503326
-112.994453,77.5088810000001
-113.011673,77.512772
-113.037514,77.515823
-113.065002,77.517212
-113.146118,77.5177610000001
-113.173889,77.5194400000001
-113.198036,77.5238800000001
-113.204727,77.529434
-113.238052,77.581375
-113.24028,77.587204
-113.162514,77.6091460000001
-113.1875,77.739426
-113.205566,77.7444310000001
-113.262512,77.7555540000001
-113.283073,77.7611080000001
-113.294449,77.766663
-113.303879,77.7730410000001
-113.310547,77.7785950000001
-113.315002,77.783875
-113.319733,77.7955319999999
-113.319733,77.807205
-113.317497,77.813034
-113.306381,77.837204
-113.234734,77.9016570000001
-113.230827,77.903595
-113.209732,77.9088750000001
-113.127213,77.9122010000001
-113.099731,77.9127660000001
-113.071671,77.9122010000001
-113.046661,77.9077610000001
-113.039719,77.9019320000001
-112.943604,77.9119260000001
-112.804993,77.933044
-112.783333,77.9371950000001
-112.766663,77.9424740000001
-112.741943,77.95166
-112.574448,77.9794310000001
-112.466949,77.992477
-112.294998,78.0105440000001
-112.125267,78.0061040000001
-111.979446,78.0186
-111.787216,78.0335999999999
-111.776108,78.0280460000001
-111.756393,78.024429
-111.73056,78.0241550000001
-111.705566,78.026932
-111.632217,78.0408170000001
-111.34584,78.0769350000001
-111.318336,78.0802760000001
-111.28833,78.0819400000001
-111.093338,78.092484
-111.048607,78.0935970000001
-111.027496,78.093323
-110.998611,78.0905460000001
-110.997498,78.0847170000001
-111.001106,78.079987
-110.995003,78.074158
-110.903343,78.062195
-110.861107,78.061646
-110.833069,78.0630340000001
-110.805557,78.0652620000001
-110.787781,78.0711060000001
-110.775009,78.0769350000001
-110.771393,78.0827640000001
-110.763344,78.0888820000001
-110.745537,78.0947110000001
-110.727219,78.097763
-110.670517,78.101089
-110.549988,78.1060940000001
-110.465843,78.108597
-110.237778,78.1108090000001
-110.10083,78.108597
-109.959167,78.104706
-109.789169,78.0997160000001
-109.67778,78.091934
-109.653877,78.0883180000001
-109.60527,78.0711060000001
-109.588058,78.064697
