"V1","V2"
-89.934433,76.4766540000001
-89.978882,76.4697110000001
-89.999725,76.470261
-90.040833,76.4769289999999
-90.08168,76.484985
-90.151108,76.50444
-90.184433,76.515274
-90.214447,76.528595
-90.226669,76.535538
-90.412216,76.636108
-90.478058,76.662201
-90.504456,76.6752619999999
-90.563614,76.709991
-90.573334,76.71582
-90.594452,76.729706
-90.6002809999999,76.734985
-90.60083,76.741089
-90.599991,76.746643
-90.5977779999999,76.7500000000001
-90.58667,76.7613830000001
-90.579178,76.7669370000001
-90.570282,76.771927
-90.544449,76.7830510000001
-90.510284,76.7933200000001
-90.474716,76.7997130000001
-90.23056,76.828049
-90.103058,76.836105
-90.025284,76.8391569999999
-89.983063,76.836929
-89.92778,76.8288730000001
-89.86528,76.8160860000001
-89.825836,76.806091
-89.7794489999999,76.7852630000001
-89.673889,76.7374879999999
-89.673889,76.7313690000001
-89.687775,76.7088780000001
-89.702225,76.689697
-89.729446,76.673309
-89.744156,76.669434
-89.768066,76.668045
-89.8197329999999,76.667206
-89.8372189999999,76.6630400000001
-89.8408359999999,76.6572110000001
-89.862778,76.603867
-89.8625029999999,76.5974880000001
-89.8583369999999,76.5910949999999
-89.817505,76.546936
-89.7944489999999,76.533325
-89.756119,76.5247039999999
-89.721664,76.5197140000001
-89.699158,76.516937
-89.684433,76.511658
-89.671387,76.5041660000001
-89.673889,76.5022129999999
-89.757507,76.486099
-89.7836149999999,76.4830470000001
-89.934433,76.4766540000001
