"V1","V2"
-73.793625,-44.965004
-73.808624,-44.967506
-73.818344,-44.967224
-73.8258359999999,-44.965279
-73.838898,-44.960556
-73.844437,-44.957436
-73.872513,-44.938057
-73.882507,-44.931114
-73.913895,-44.905281
-73.9241789999999,-44.8922269999999
-73.9300079999999,-44.883057
-73.9383389999999,-44.816948
-73.9374999999999,-44.81028
-73.9358369999999,-44.804169
-73.930557,-44.793335
-73.917786,-44.78167
-73.912506,-44.7786179999999
-73.900284,-44.773613
-73.885559,-44.7711179999999
-73.868896,-44.770004
-73.859177,-44.770279
-73.846115,-44.7752839999999
-73.840561,-44.778336
-73.833618,-44.7869489999999
-73.770279,-44.9022289999999
-73.76445,-44.929451
-73.766113,-44.935562
-73.7711179999999,-44.946114
-73.778061,-44.955559
-73.793625,-44.965004
