"V1","V2"
125.952477,9.55749900000006
125.943863,9.55583200000012
125.926376,9.57222000000002
125.903053,9.607775
125.900543,9.61694100000011
125.907761,9.70666499999999
125.911926,9.74833100000006
125.912201,9.75027699999993
125.916656,9.75277700000004
125.938309,9.75638800000002
125.943314,9.754999
125.958878,9.73916400000007
125.986366,9.67416600000001
125.991089,9.66194299999995
125.991089,9.6458320000001
125.990257,9.6399990000001
125.971916,9.57472000000007
125.96666,9.56610899999993
125.962486,9.56138800000014
125.952477,9.55749900000006
