"V1","V2"
155.785522,50.1849900000001
155.763611,50.1813810000001
155.741913,50.1791610000001
155.731628,50.1794360000001
155.701904,50.1836010000001
155.69165,50.1836010000001
155.618561,50.183052
155.596344,50.178329
155.525543,50.146942
155.515533,50.1416630000001
155.49939,50.1305469999999
155.483307,50.1194380000001
155.471069,50.1080470000001
155.357452,50.053047
155.338287,50.0572130000001
155.318573,50.059715
155.29776,50.05999
155.255829,50.05777
155.244965,50.056656
155.226166,50.0525970000001
155.224121,50.053322
155.212189,50.06694
155.208588,50.0808260000001
155.221619,50.2344360000001
155.247742,50.301384
155.392212,50.3533249999999
155.427185,50.3644410000001
155.438293,50.3669360000001
155.449127,50.3680500000001
155.545258,50.374992
155.627747,50.3780440000001
155.638031,50.3780440000001
155.649139,50.3805470000001
155.661377,50.385269
155.669434,50.3908310000001
155.749115,50.446381
155.761383,50.4580460000001
155.765533,50.4638820000001
155.851624,50.59166
155.855804,50.6044390000001
155.858307,50.6174930000001
155.860779,50.63694
155.861359,50.650269
155.863586,50.6566540000001
155.882721,50.68721
155.888885,50.693047
155.896942,50.6986009999999
155.979126,50.746941
156.009979,50.7624970000001
156.022217,50.7674940000001
156.034149,50.771103
156.045532,50.7736049999999
156.0672,50.7758260000001
156.076904,50.773048
156.104126,50.7611079999999
156.112457,50.754715
156.116364,50.7474899999999
156.121338,50.7199860000001
156.124664,50.6997149999999
156.153046,50.524994
156.148865,50.5188830000001
155.892761,50.263611
155.795258,50.188881
155.785522,50.1849900000001
