"V1","V2"
124.545258,73.8533170000001
124.535263,73.8488770000001
124.531937,73.8424840000001
124.509453,73.837708
124.500816,73.844711
124.451393,73.8502660000001
124.429153,73.8499910000001
124.411926,73.843872
124.391663,73.84137
124.370529,73.8449860000001
124.353043,73.8499910000001
124.334427,73.8613740000001
124.318604,73.864151
124.294434,73.8660889999999
124.289429,73.8719179999999
124.287773,73.8844300000001
124.291092,73.8908230000001
124.309418,73.8958279999999
124.329712,73.8983310000001
124.351929,73.898605
124.369141,73.9047090000001
124.372757,73.911102
124.32222,73.917755
124.325546,73.9241490000001
124.344994,73.9280400000001
124.426086,73.9383089999999
124.447479,73.9396970000001
124.467758,73.9422
124.55304,73.947754
124.575546,73.9480290000001
124.564697,73.9447020000001
124.544434,73.9422
124.505547,73.9347080000001
124.487198,73.9297030000001
124.468048,73.9260860000001
124.458328,73.9216460000001
124.474991,73.917755
124.521652,73.9158170000001
124.618874,73.9072110000001
124.64415,73.9038700000001
124.659988,73.8980410000001
124.660812,73.8916629999999
124.653053,73.884995
124.636658,73.8777620000001
124.618317,73.8727570000001
124.583603,73.8608090000001
124.565536,73.8558200000001
124.545258,73.8533170000001
