"V1","V2"
-134.792511,57.3002700000001
-134.798065,57.296104
-134.809448,57.2966610000001
-134.82193,57.3038790000001
-134.864441,57.329437
-134.968323,57.402771
-134.973053,57.4066539999999
-134.976379,57.4113770000001
-134.974701,57.415268
-134.940552,57.422218
-134.888062,57.4283290000001
-134.876648,57.4277729999999
-134.813629,57.4169390000001
-134.811127,57.4133220000001
-134.818878,57.4016570000001
-134.822235,57.397217
-134.824432,57.3916630000001
-134.822784,57.386658
-134.814453,57.3666610000001
-134.811127,57.3622129999999
-134.806396,57.3580470000001
-134.787781,57.3472140000001
-134.787506,57.3416600000001
-134.791107,57.306381
-134.792511,57.3002700000001
