"V1","V2"
-128.689453,53.1644360000001
-128.679443,53.1630479999999
-128.670837,53.1636050000001
-128.652222,53.1627660000001
-128.641968,53.1613770000001
-128.624695,53.1555480000001
-128.60556,53.1452710000001
-128.576111,53.1052700000001
-128.531677,53.0211029999999
-128.5289,53.011108
-128.520569,52.9594350000001
-128.518341,52.9436040000001
-128.517792,52.92749
-128.518341,52.9111020000001
-128.52002,52.8997190000001
-128.522797,52.8880460000001
-128.570282,52.691376
-128.572235,52.6852650000001
-128.575287,52.679993
-128.593597,52.659157
-128.585266,52.6594310000001
-128.577484,52.6563800000001
-128.585815,52.6322100000001
-128.592224,52.6138840000001
-128.597229,52.6091610000001
-128.60498,52.607773
-128.748871,52.5972140000001
-128.751678,52.60083
-128.748596,52.7486040000001
-128.748047,52.754166
-128.744446,52.760826
-128.692505,52.8561020000001
-128.653351,52.8927690000001
-128.648346,52.8977740000001
-128.644745,52.90416
-128.643341,52.9155430000001
-128.641968,52.9486010000001
-128.643341,52.9588850000001
-128.646973,52.963326
-128.653351,52.96666
-128.663635,52.9680480000001
-128.671387,52.96666
-128.676941,52.9627690000001
-128.679993,52.9577710000001
-128.751129,52.8358230000001
-128.753906,52.8308260000001
-128.762238,52.8108220000001
-128.764465,52.8047100000001
-128.780579,52.73999
-128.781403,52.734161
-128.779999,52.7238770000001
-128.777802,52.71888
-128.771118,52.704712
-128.765564,52.695541
-128.7789,52.6641540000001
-128.846375,52.6533200000001
-128.88446,52.6480480000001
-128.892517,52.64888
-129,52.6972120000001
-129.032776,52.7197110000001
-129.047791,52.731377
-129.080292,52.7724910000001
-129.108612,52.8127670000001
-129.110809,52.8174970000001
-129.114441,52.821938
-129.118866,52.8313830000001
-129.121918,52.8522189999999
-129.121918,52.8630520000001
-129.119995,52.869156
-129.110809,52.877487
-129.103607,52.879715
-129.095001,52.8802720000001
-129.084442,52.8780439999999
-129.076385,52.874992
-129.022247,52.9055480000001
-128.951782,52.9736600000001
-128.869995,53.021935
-128.85498,53.025269
-128.84082,53.0297160000001
-128.836395,53.035553
-128.843597,53.044159
-128.895569,53.082771
-128.963898,53.121658
-128.970551,53.1249920000001
-129.002228,53.13694
-129.011688,53.1397170000001
-129.015839,53.133881
-129.015015,53.128876
-129.00473,53.1099930000001
-128.993866,53.0972140000001
-128.987488,53.095825
-128.98111,53.0988770000001
-128.973877,53.1011050000001
-128.964447,53.100548
-128.956665,53.0977710000001
-128.912781,53.0730510000001
-128.864441,53.038887
-128.862213,53.0341640000001
-129.055847,52.9091569999999
-129.069153,52.9038770000001
-129.095001,52.902489
-129.105835,52.904709
-129.159454,52.919716
-129.165833,52.92305
-129.169464,52.92749
-129.175293,52.936378
-129.185547,52.955269
-129.187225,52.965546
-129.191956,53.007774
-129.191376,53.0133290000001
-129.188049,53.0241620000001
-129.166656,53.0661010000001
-129.161682,53.0711060000001
-129.154724,53.0733260000001
-129.131653,53.0780490000001
-129.118042,53.0791630000001
-129.117493,53.073883
-129.118042,53.068329
-129.11499,53.0647129999999
-129.108612,53.0677720000001
-129.082489,53.089989
-129.075287,53.1030500000001
-129.073334,53.109161
-129.070557,53.1316600000001
-129.058899,53.2313770000001
-129.060272,53.2416610000001
-129.064728,53.251106
-129.07193,53.2599950000001
-129.082214,53.2677690000001
-129.089722,53.2872160000001
-129.086121,53.29361
-129.079712,53.296661
-129.06665,53.3008270000001
-129.04306,53.30471
-129.025848,53.3055500000001
-129.018616,53.3055500000001
-128.900848,53.290276
-128.891388,53.287773
-128.881378,53.2799910000001
-128.877777,53.2758260000001
-128.863892,53.263611
-128.843597,53.248047
-128.832214,53.240547
-128.775299,53.208885
-128.71167,53.173882
-128.705261,53.1705469999999
-128.689453,53.1644360000001
