"V1","V2"
-85.48056,65.791931
-85.468063,65.790817
-85.4563899999999,65.791367
-85.4452669999999,65.7938690000001
-85.424164,65.8019260000001
-85.413895,65.8074800000001
-85.40834,65.8124850000001
-85.404999,65.81749
-85.404175,65.822495
-85.3930659999999,65.8327640000001
-85.381943,65.8352659999999
-85.369995,65.8349910000001
-85.333328,65.832214
-85.3136139999999,65.8302760000001
-85.288605,65.82666
-85.263062,65.821106
-85.213623,65.808029
-85.2027889999999,65.803589
-85.185822,65.7947080000001
-85.1625059999999,65.7813720000001
-85.1563869999999,65.7766570000001
-85.049164,65.621643
-85.0477749999999,65.6169280000001
-85.048615,65.6119230000001
-85.051666,65.6069340000001
-85.0675049999999,65.5963750000001
-85.088058,65.585541
-85.12027,65.574997
-85.1422269999999,65.5699920000001
-85.175827,65.5633090000001
-85.2322239999999,65.554703
-85.2436069999999,65.5538640000001
-85.267776,65.555542
-85.280563,65.5580290000001
-85.2919459999999,65.5572050000001
-85.30249,65.5527650000001
-85.30777,65.54776
-85.3111109999999,65.54248
-85.311935,65.537766
-85.308044,65.533051
-85.2958369999999,65.52388
-85.271118,65.5116580000001
-85.240829,65.4983220000001
-85.204178,65.485809
-85.165558,65.474991
-85.1277769999999,65.4660950000001
-85.088608,65.4535979999999
-85.0436099999999,65.4363710000001
-85.026947,65.427475
-85.015015,65.4183199999999
-85.0111239999999,65.4136050000001
-85.0027919999999,65.4013820000001
-85.0014039999999,65.396652
-85.005005,65.3769230000001
-85.011673,65.352203
-84.930557,65.2141570000001
-84.924713,65.209717
-84.912216,65.2063750000001
-84.9002839999999,65.2061000000001
-84.832504,65.2124940000001
-84.8213959999999,65.213882
-84.810272,65.216385
-84.800278,65.221649
-84.792496,65.226929
-84.748047,65.2927550000001
-84.746948,65.2974850000001
-84.7497249999999,65.307205
-84.7550049999999,65.3166660000001
-84.762222,65.326096
-84.761124,65.3311
-84.758057,65.336105
-84.7547299999999,65.3410950000001
-84.745834,65.3513790000001
-84.74028,65.356369
-84.59584,65.47554
-84.5855559999999,65.481094
-84.573624,65.481659
-84.5619349999999,65.481094
-84.549438,65.478867
-84.4402769999999,65.4566500000001
-84.43222,65.4533230000001
-84.426392,65.4485930000001
-84.424713,65.4438630000001
-84.425827,65.438873
-84.314438,65.3816530000001
-84.291946,65.3769230000001
-84.1613919999999,65.341934
-84.1511079999999,65.338593
-84.147507,65.3338780000001
-84.1530609999999,65.3285980000001
-84.194153,65.2974850000001
-84.20195,65.2922060000001
-84.22084,65.284714
-84.228882,65.2794340000001
-84.230835,65.2694400000001
-84.229721,65.264709
-84.141388,65.2199860000001
-84.088333,65.203873
-83.899994,65.1655430000001
-83.876099,65.162766
-83.8527829999999,65.161652
-83.6669459999999,65.160812
-83.6205439999999,65.160812
-83.5402829999999,65.1641540000001
-83.528061,65.1619259999999
-83.408615,65.1355440000001
-83.3880619999999,65.1266479999999
-83.378876,65.1172030000001
-83.338058,65.074707
-83.334732,65.069992
-83.3358309999999,65.064987
-83.339447,65.0599820000001
-83.343063,65.045258
-83.340836,65.035538
-83.330841,65.0213780000001
-83.3194579999999,65.0122070000001
-83.2080539999999,64.9455260000001
-83.1980439999999,64.9410860000001
-83.190552,64.9394230000001
-83.156387,64.9399720000001
-83.0050049999999,64.91304
-82.9927669999999,64.9097140000001
-82.865829,64.8735960000001
-82.855835,64.8691410000001
-82.848053,64.864426
-82.8424989999999,64.8599850000001
-82.829727,64.84082
-82.828613,64.8361049999999
-82.825287,64.8313750000001
-82.816391,64.82193
-82.800278,64.808868
-82.770004,64.795532
-82.757782,64.791092
-82.709167,64.7763820000001
-82.69722,64.77388
-82.5697329999999,64.7638850000001
-82.361389,64.763611
-82.349442,64.7602690000001
-82.211945,64.7183230000001
-82.2022249999999,64.713608
-82.203339,64.708603
-82.209167,64.7035980000001
-82.217499,64.6985930000001
-82.203613,64.684418
-82.064438,64.6486050000001
-81.932495,64.5844270000001
-81.763062,64.5010990000001
-81.753891,64.486923
-81.751404,64.4724880000001
-81.753067,64.3558200000001
-81.764175,64.3410950000001
-81.770004,64.336105
-81.777222,64.326096
-81.778885,64.321106
-81.777222,64.3116460000001
-81.77417,64.3066410000001
-81.748886,64.2736050000001
-81.7272189999999,64.258331
-81.712784,64.2500000000001
-81.702789,64.2452550000001
-81.669724,64.2327580000001
-81.646118,64.2255400000001
-81.622498,64.21666
-81.613052,64.2122039999999
-81.6002809999999,64.2027740000001
-81.5944519999999,64.193314
-81.590836,64.1835940000001
-81.5899959999999,64.1788640000001
-81.602493,64.129974
-81.610825,64.125809
-81.717773,64.0994260000001
-81.758621,64.089432
-81.7691649999999,64.088043
-81.824448,64.0863800000001
-81.8791659999999,64.0808260000001
-81.955841,64.0619200000001
-81.964172,64.0577550000001
-81.970001,64.052765
-81.9736179999999,64.04776
-81.999161,64.003326
-81.996384,63.9986040000001
-81.986938,63.994156
-81.975006,63.990547
-81.963898,63.988884
-81.9524989999999,63.9883270000001
-81.930557,63.9880450000001
-81.897507,63.9899900000001
-81.8758239999999,63.9916610000001
-81.560822,64.029434
-81.440277,64.0677640000001
-81.3836209999999,64.090546
-81.2877809999999,64.0802760000001
-81.276398,64.077484
-81.2700039999999,64.072495
-81.264175,64.062759
-81.256958,64.059143
-81.245544,64.0555420000001
-80.9647219999999,63.9919360000001
-80.94249,63.990547
-80.931671,63.9919360000001
-80.920837,63.9949950000001
-80.9102779999999,63.999161
-80.9066619999999,64.0041660000001
-80.903336,64.0138850000001
-80.909164,64.0233150000001
-80.914169,64.0280460000001
-80.925827,64.0327610000001
-80.948608,64.0388790000001
-80.9674989999999,64.048035
-80.972778,64.052765
-80.975555,64.0577550000001
-80.973892,64.0624850000001
-80.935822,64.111923
-80.890839,64.11554
-80.81221,64.0910949999999
-80.7774959999999,64.0794370000001
-80.734726,64.0541530000001
-80.5661009999999,63.994156
-80.543335,63.9877700000001
-80.531677,63.98333
-80.522507,63.9786
-80.517502,63.973877
-80.488327,63.910545
-80.492218,63.9055480000001
-80.503067,63.9024890000001
-80.5675049999999,63.889435
-80.4530639999999,63.859436
-80.3630519999999,63.841103
-80.217224,63.80999
-80.194481,63.8044740000001
-80.189987,63.799995
-80.1747129999999,63.780823
-80.172226,63.7761
-80.171661,63.7711029999999
-80.1788789999999,63.7566600000001
-80.184998,63.7516630000001
-80.1958309999999,63.748604
-80.346954,63.728043
-80.357773,63.7286000000001
-80.369156,63.7333300000001
-80.38028,63.734993
-80.3913879999999,63.734993
-80.402222,63.734718
-80.434433,63.7311020000001
-80.454178,63.727768
-80.485275,63.715546
-80.493607,63.7102740000001
-80.50473,63.6908260000001
-80.506393,63.6858220000001
-80.51001,63.6811070000001
-80.5219419999999,63.6711040000001
-80.587784,63.6358260000001
-80.608887,63.628326
-80.774445,63.5733260000001
-80.912216,63.526382
-80.922501,63.521378
-80.930557,63.5161060000001
-80.9363859999999,63.5111080000001
-80.9380489999999,63.506386
-80.9375,63.5013890000001
-80.934433,63.4966580000001
-80.930557,63.482208
-80.930283,63.4774860000001
-80.9375,63.4674910000001
-80.9580539999999,63.4583280000001
-80.968613,63.455269
-80.989441,63.4508290000001
-81.011124,63.449158
-81.032776,63.4486010000001
-81.054443,63.449158
-81.076401,63.451385
-81.110001,63.4583280000001
-81.3861239999999,63.526382
-81.694153,63.6074980000001
-81.734161,63.6255490000001
-81.757233,63.6347200000001
-81.76889,63.6380460000001
-81.779999,63.6397170000001
-81.8019409999999,63.641106
-81.823624,63.6394350000001
-81.85527,63.6324920000001
-81.876663,63.62999
-81.887512,63.6294330000001
-81.9097289999999,63.631935
-81.99527,63.6611020000001
-82.0116729999999,63.667213
-82.026398,63.676384
-82.0313869999999,63.6811070000001
-82.041107,63.6858220000001
-82.05249,63.6891560000001
-82.063614,63.6908260000001
-82.107773,63.6922149999999
-82.12944,63.691658
-82.214172,63.687767
-82.2247159999999,63.686378
-82.285553,63.678047
-82.2961119999999,63.6747130000001
-82.299438,63.669716
-82.298889,63.664993
-82.302216,63.6599879999999
-82.3077699999999,63.6549910000001
-82.318344,63.6516570000001
-82.3288879999999,63.650269
-82.3399959999999,63.6508260000001
-82.351395,63.65332
-82.4722289999999,63.6802750000001
-82.483887,63.684715
-82.4911039999999,63.6891560000001
-82.535278,63.726379
-82.5458369999999,63.7355500000001
-82.549728,63.74527
-82.550827,63.7500000000001
-82.546951,63.764717
-82.543335,63.7697140000001
-82.532227,63.7799910000001
-82.51445,63.7902760000001
-82.504456,63.7955470000001
-82.484161,63.804993
-82.4736179999999,63.808327
-82.431946,63.820274
-82.420837,63.8208310000001
-82.409729,63.81916
-82.3980559999999,63.815826
-82.386673,63.814156
-82.376389,63.8174970000001
-82.372772,63.8224950000001
-82.3538819999999,63.8522190000001
-82.351395,63.8619380000001
-82.3583369999999,63.900543
-82.361389,63.905266
-82.368881,63.9099880000001
-82.378326,63.9144360000001
-82.413895,63.926941
-82.525833,63.966103
-82.548889,63.9691540000001
-82.828613,63.979431
-82.967224,63.9655460000001
-82.978058,63.9630510000001
-83.064163,63.951935
-83.086945,63.9549940000001
-83.0988919999999,63.9591600000001
-83.123886,63.972763
-83.1291659999999,63.9774860000001
-83.145279,64.0010990000001
-83.139725,64.006104
-83.0955509999999,64.02832
-83.029449,64.0747070000001
-83.016113,64.0849910000001
-82.996948,64.1002660000001
-82.980286,64.11554
-82.97084,64.125534
-82.9619449999999,64.135818
-82.960556,64.140549
-82.96167,64.1455380000001
-82.964722,64.150269
-83.008347,64.187485
-83.01973,64.1888730000001
-83.072784,64.1866460000001
-83.10527,64.181656
-83.126389,64.175812
-83.157227,64.1630400000001
-83.339447,64.1347200000001
-83.488327,64.122482
-83.51973,64.114426
-83.5302889999999,64.1110990000001
-83.54834,64.1024780000001
-83.673325,64.017212
-83.68222,64.0072170000001
-83.683319,64.0022129999999
-83.676666,63.992767
-83.665833,63.983604
-83.642502,63.9699860000001
-83.626099,63.9561
-83.608612,63.9374920000001
-83.60556,63.93277
-83.6041719999999,63.928047
-83.5958399999999,63.8258290000001
-83.596664,63.8208310000001
-83.6230469999999,63.781662
-83.6319429999999,63.77166
-83.637222,63.7663880000001
-83.647507,63.7630540000001
-83.6586149999999,63.763611
-83.670273,63.766937
-83.694443,63.7758260000001
-83.718613,63.7799910000001
-83.740555,63.7799910000001
-83.750839,63.7766570000001
-83.824173,63.74749
-84.007233,63.668053
-84.0127869999999,63.662766
-84.0211179999999,63.652771
-84.0274959999999,63.642769
-84.0502779999999,63.6269380000001
-84.069458,63.6163860000001
-84.079453,63.6119380000001
-84.089447,63.6077730000001
-84.099731,63.6052700000001
-84.110001,63.6036070000001
-84.121384,63.604164
-84.132767,63.606659
-84.1447299999999,63.610825
-84.162216,63.619713
-84.174164,63.623047
-84.1963809999999,63.624992
-84.261124,63.620827
-84.286118,63.6155469999999
-84.388062,63.5591580000001
-84.395279,63.5538790000001
-84.400558,63.548607
-84.446381,63.488045
-84.4494319999999,63.483047
-84.4522249999999,63.4724880000001
-84.44722,63.453323
-84.449158,63.443604
-84.477493,63.3836060000001
-84.563324,63.337494
-84.754456,63.2641600000001
-84.77417,63.2572170000001
-84.793884,63.250275
-84.823059,63.2372130000001
-84.841949,63.227211
-84.870834,63.2141570000001
-84.890564,63.2072140000001
-85.143341,63.1399920000001
-85.224167,63.1208270000001
-85.244995,63.118599
-85.266403,63.1174930000001
-85.288055,63.1183240000001
-85.343338,63.1227650000001
-85.3758239999999,63.1238779999999
-85.3969569999999,63.1227650000001
-85.449158,63.116661
-85.482224,63.118599
-85.493332,63.1199870000001
-85.505005,63.1230469999999
-85.5363919999999,63.134995
-85.5438839999999,63.138329
-85.5777889999999,63.1655430000001
-85.589172,63.174713
-85.592499,63.179436
-85.6380619999999,63.2449950000001
-85.639175,63.2497180000001
-85.6483459999999,63.335548
-85.6538849999999,63.408882
-85.650833,63.428604
-85.644455,63.443604
-85.635834,63.458603
-85.6260989999999,63.46888
-85.618057,63.4791560000001
-85.6072239999999,63.4944380000001
-85.604996,63.5091630000001
-85.59111,63.617493
-85.593338,63.631935
-85.5961149999999,63.6413800000001
-85.607498,63.665268
-85.613327,63.669716
-85.717499,63.7161030000001
-85.87944,63.7047119999999
-85.9858249999999,63.693321
-86.0172269999999,63.6883240000001
-86.1836089999999,63.6530460000001
-86.224442,63.642769
-86.244995,63.6394350000001
-86.2669529999999,63.6380460000001
-86.3002779999999,63.6397170000001
-86.346115,63.6455460000001
-86.381378,63.6522140000001
-86.4502869999999,63.660545
-86.5527799999999,63.6702730000001
-86.563614,63.670547
-86.5961149999999,63.668602
-86.626938,63.661659
-86.666397,63.648331
-86.6944429999999,63.633606
-86.733887,63.606659
-86.759171,63.5902710000001
-86.7780609999999,63.5811080000001
-86.807495,63.571381
-86.837784,63.563324
-86.847778,63.5608220000001
-86.879166,63.55555
-86.922226,63.5527730000001
-87.050552,63.549721
-87.083618,63.5502700000001
-87.095276,63.5513840000001
-87.118607,63.5558240000001
-87.141388,63.5638810000001
-87.1497339999999,63.5683290000001
-87.1880489999999,63.589989
-87.217224,63.6222150000001
-87.222778,63.63166
-87.226395,63.641106
-87.225281,63.6511
-87.221939,63.6658250000001
-87.2188869999999,63.6758270000001
-87.210831,63.6911009999999
-87.2008359999999,63.7066570000001
-87.186661,63.722214
-87.1611179999999,63.7436070000001
-86.9438779999999,63.900543
-86.934433,63.906097
-86.915283,63.9144360000001
-86.875824,63.9286040000001
-86.784164,63.95694
-86.763626,63.9622120000001
-86.700287,63.9722140000001
-86.6686099999999,63.978325
-86.5038909999999,64.018326
-86.41362,64.048599
-86.2550049999999,64.0760960000001
-86.233612,64.0794370000001
-86.223328,64.0819400000001
-86.213333,64.0855410000001
-86.203888,64.0910949999999
-86.1894379999999,64.101654
-86.178329,64.1219180000001
-86.178879,64.131653
-86.18222,64.1413730000001
-86.212219,64.178589
-86.253067,64.2005460000001
-86.273895,64.2088780000001
-86.300552,64.2219240000001
-86.308884,64.2263790000001
-86.3125,64.23082
-86.354721,64.2899780000001
-86.384171,64.364426
-86.401672,64.436646
-86.401108,64.4416499999999
-86.3836209999999,64.5649870000001
-86.368881,64.629425
-86.315552,64.7010960000001
-86.272507,64.768051
-86.248886,64.7938689999999
-86.238892,64.804153
-86.2313839999999,64.8094180000001
-86.221115,64.8130340000001
-86.210281,64.814697
-86.1986079999999,64.8144230000001
-86.18721,64.815262
-86.176666,64.8177640000001
-86.1716609999999,64.823044
-86.1524959999999,64.9180450000001
-86.151947,64.9230350000001
-86.1533359999999,64.9277650000001
-86.157227,64.93248
-86.181107,64.955551
-86.18721,64.959991
-86.212509,64.9663850000001
-86.22084,64.970535
-86.226395,64.9799800000001
-86.227783,64.983871
-86.22583,64.9985960000001
-86.225006,65.003601
-86.212219,65.0338750000001
-86.2063899999999,65.0438690000001
-86.198334,65.0541530000001
-86.1899869999999,65.064423
-86.184723,65.069717
-86.1652829999999,65.0805510000001
-86.14473,65.0885930000001
-86.1383359999999,65.094437
-86.138062,65.099426
-86.1355589999999,65.1827550000001
-86.137222,65.197754
-86.141953,65.2122040000001
-86.146118,65.21666
-86.151398,65.226379
-86.164169,65.2500000000001
-86.1705469999999,65.2691500000001
-86.1716609999999,65.27887
-86.1533359999999,65.3847200000001
-86.149734,65.3947140000001
-86.111938,65.494141
-86.0977779999999,65.5291600000001
-86.013901,65.7091520000001
-86.0100099999999,65.7149960000001
-85.993881,65.730545
-85.982773,65.7408140000001
-85.9752809999999,65.7460940000001
-85.888336,65.7999879999999
-85.8325039999999,65.8324890000001
-85.791382,65.8533170000001
-85.770554,65.862198
-85.728333,65.8794250000001
-85.6966549999999,65.891937
-85.6211089999999,65.91748
-85.565277,65.930267
-85.542496,65.9333190000001
-85.506668,65.9344180000001
-85.493881,65.9322050000001
-85.491013,65.9310609999999
-85.482773,65.9277650000001
-85.476944,65.923309
-85.4688869999999,65.9138790000001
-85.469727,65.908875
-85.473892,65.8988800000001
-85.488892,65.8785860000001
-85.511124,65.857758
-85.520554,65.8427580000001
-85.523621,65.823044
-85.520554,65.8133090000001
-85.516663,65.808594
-85.510559,65.8041529999999
-85.493332,65.7952580000001
-85.48056,65.791931
