"V1","V2"
11.1108320000001,64.96582
10.8155540000001,64.8636020000001
10.7636110000001,64.852493
10.739721,64.849442
10.731388,64.8602750000001
10.7302760000001,64.8672179999999
10.743889,64.8977660000001
10.747221,64.9038850000001
10.7533320000001,64.9083249999999
10.7777770000001,64.918884
10.789444,64.9205470000001
10.7988870000001,64.9186100000001
10.866943,64.9274900000001
10.970276,64.9505460000001
11.000277,64.9577639999999
11.016666,64.9633330000001
11.0244430000001,64.967209
11.026295,64.9735110000001
11.023888,64.981659
11.0299990000001,64.986099
11.0419429999999,64.987778
11.0549980000001,64.9869380000001
11.0927770000001,64.9822080000001
11.103611,64.979431
11.110554,64.9755550000001
11.1158330000001,64.9711000000001
11.1108320000001,64.96582
