"V1","V2"
-55.787506,53.3941570000001
-55.79306,53.3916630000001
-55.801392,53.3924939999999
-55.94944,53.4302750000001
-55.9580539999999,53.4341580000001
-55.9716639999999,53.445824
-55.9788819999999,53.454712
-55.9791639999999,53.45916
-55.976387,53.4630510000001
-55.9588929999999,53.472488
-55.945549,53.4786000000001
-55.931671,53.4838790000001
-55.923889,53.48555
-55.916389,53.485825
-55.883057,53.4863820000001
-55.878052,53.486656
-55.8119429999999,53.4838790000001
-55.7572249999999,53.468323
-55.7405549999999,53.4622120000001
-55.729164,53.4552690000001
-55.729439,53.450272
-55.787506,53.3941570000001
