"V1","V2"
128.498016,2.05000000000013
128.469971,2.04388900000004
128.463287,2.04388900000004
128.457733,2.04527800000005
128.445251,2.04666700000001
128.411652,2.04722199999998
128.399414,2.04611100000005
128.387207,2.04472200000004
128.330811,2.03222199999999
128.276642,2.01729500000005
128.248016,2.08916599999992
128.245239,2.10000000000002
128.226624,2.245833
128.232178,2.30611000000005
128.291931,2.417778
128.305542,2.438333
128.346619,2.48638800000009
128.433594,2.57111100000009
128.459686,2.58694400000002
128.559143,2.63138800000013
128.564697,2.63277700000009
128.570801,2.63194400000009
128.575531,2.63
128.579681,2.62722200000002
128.685242,2.479444
128.692749,2.45944400000008
128.694122,2.44722200000007
128.694122,2.43361000000004
128.691925,2.41499900000008
128.645538,2.27888799999994
128.639984,2.26361099999997
128.626343,2.22944400000006
128.619965,2.21527700000007
128.568573,2.12194400000004
128.51944,2.06305500000008
128.512482,2.0561100000001
128.508331,2.0536110000001
128.498016,2.05000000000013
