"V1","V2"
128.161102,2.2822220000001
128.154694,2.28138800000005
128.149414,2.28277700000001
128.145264,2.28555500000004
128.136841,2.29526600000008
128.129395,2.31027700000004
128.120514,2.32888800000001
128.11911,2.33833300000009
128.119965,2.35138800000004
128.149994,2.39666699999992
128.157471,2.40277700000013
128.163025,2.40416600000009
128.167206,2.40138800000011
128.188293,2.36722200000008
128.189148,2.36111099999999
128.173859,2.29666700000001
128.171906,2.291944
128.165802,2.28416600000003
128.161102,2.2822220000001
