"V1","V2"
38.2314830000001,-69.6780699999999
38.194801,-69.680298
38.1556170000001,-69.679184
38.118385,-69.67363
38.065346,-69.649734
38.058144,-69.643631
38.0561900000001,-69.636688
38.0703510000001,-69.630844
38.090919,-69.6302949999999
38.1297990000001,-69.6316679999999
38.170082,-69.6355589999999
38.1906510000001,-69.6383359999999
38.2314830000001,-69.6466669999999
38.2461930000001,-69.652527
38.253395,-69.658615
38.2567520000001,-69.665024
38.249245,-69.6722409999999
38.2314830000001,-69.6780699999999
