"V1","V2"
-75.239456,-48.270561
-75.225006,-48.30056
-75.2011259999999,-48.344452
-75.191956,-48.351952
-75.186111,-48.355003
-75.172226,-48.366394
-75.135559,-48.4094469999999
-75.084167,-48.5055619999999
-75.083069,-48.511116
-75.0722349999999,-48.590004
-75.071945,-48.5961149999999
-75.0738979999999,-48.6022259999999
-75.0797269999999,-48.61306
-75.0880579999999,-48.6216739999999
-75.190567,-48.6927799999999
-75.201004,-48.699791
-75.213348,-48.7052839999999
-75.234451,-48.7113949999999
-75.2402799999999,-48.708336
-75.282501,-48.6383359999999
-75.297501,-48.5897289999999
-75.3194579999999,-48.498062
-75.319733,-48.491951
-75.316681,-48.478889
-75.2950129999999,-48.436668
-75.396393,-48.396393
-75.446945,-48.413895
-75.460556,-48.418335
-75.475281,-48.421669
-75.498901,-48.42556
-75.5177919999999,-48.425835
-75.527237,-48.424446
-75.5352779999999,-48.422501
-75.547791,-48.4169459999999
-75.552505,-48.413063
-75.5558469999999,-48.4086149999999
-75.558334,-48.4036179999999
-75.559448,-48.398056
-75.558624,-48.391113
-75.556671,-48.385002
-75.551956,-48.3811109999999
-75.535004,-48.3719479999999
-75.5169529999999,-48.3633349999999
-75.488617,-48.35556
-75.452789,-48.353889
-75.4275049999999,-48.351395
-75.412231,-48.348061
-75.3925019999999,-48.341118
-75.376404,-48.331116
-75.359451,-48.314171
-75.3472289999999,-48.301117
-75.344177,-48.295837
-75.3502809999999,-48.293892
-75.357788,-48.294174
-75.363892,-48.296394
-75.407227,-48.3138959999999
-75.5352779999999,-48.3255619999999
-75.543335,-48.323616
-75.549454,-48.315559
-75.551682,-48.3105619999999
-75.586945,-48.095558
-75.5825039999999,-48.08667
-75.578613,-48.08223
-75.541672,-48.05056
-75.5361179999999,-48.047501
-75.5136259999999,-48.0352779999999
-75.5069579999999,-48.032784
-75.3697359999999,-48.006668
-75.360001,-48.006668
-75.35112,-48.007782
-75.344177,-48.010284
-75.335846,-48.018616
-75.275009,-48.147781
-75.268616,-48.162224
-75.2672269999999,-48.167778
-75.261124,-48.223618
-75.239456,-48.270561
