"V1","V2"
98.834747,0.107778000000053
98.8414,0.094167000000084
98.840851,0.0880559999999946
98.8372340000001,0.0844440000000759
98.8311310000001,0.0838889999999992
98.805328,0.0942650000000071
98.7591860000001,0.0816669999999817
98.640854,0.0769440000000259
98.63446,0.0777780000000803
98.5352940000001,0.0947219999999902
98.5303040000001,0.0969439999999508
98.5269620000001,0.100277999999946
98.51947,0.113333000000125
98.515305,0.122777999999983
98.513351,0.133056000000067
98.515305,0.138056000000063
98.524185,0.149721999999997
98.531128,0.156389000000104
98.545563,0.169444000000055
98.553619,0.175000000000068
98.5597380000001,0.175556000000029
98.6091770000001,0.176943999999935
98.6147310000001,0.176943999999935
98.762802,0.171666999999957
98.779739,0.168055999999979
98.784744,0.166111000000001
98.7886199999999,0.163332999999966
98.7950130000001,0.157222000000104
98.823074,0.123610999999983
98.834747,0.107778000000053
