"V1","V2"
-61.6886059999999,57.7130510000001
-61.6961059999999,57.7122120000001
-61.757507,57.7155460000001
-61.76889,57.716934
-61.894165,57.7541660000001
-61.89695,57.7583310000001
-61.896111,57.7697140000001
-61.89167,57.77916
-61.865837,57.799721
-61.8536149999999,57.8083270000001
-61.808891,57.836937
-61.8005519999999,57.841377
-61.778885,57.8452680000001
-61.773056,57.8455430000001
-61.711113,57.8341600000001
-61.6986079999999,57.8302760000001
-61.65361,57.7847210000001
-61.652222,57.782494
-61.6516649999999,57.779434
-61.6524959999999,57.7758260000001
-61.6541669999999,57.7711030000001
-61.6686099999999,57.738884
-61.674171,57.726936
-61.6844409999999,57.7149960000001
-61.6886059999999,57.7130510000001
