"V1","V2"
137.584961,-35.6508329999999
137.583038,-35.728882
137.584686,-35.734444
137.594696,-35.745834
137.601074,-35.748055
137.693298,-35.7575069999999
137.784698,-35.796669
137.789978,-35.805557
137.794708,-35.808891
137.800262,-35.8113859999999
137.808319,-35.813057
137.829681,-35.8119429999999
137.848022,-35.8077769999999
137.853302,-35.805557
137.863007,-35.799728
137.875793,-35.788895
137.885254,-35.776108
137.89444,-35.761948
137.91095,-35.729378
137.962189,-35.734444
138.021912,-35.746109
138.034973,-35.750282
138.058594,-35.759727
138.066925,-35.7666629999999
138.111908,-35.817505
138.112732,-35.86972
138.049408,-35.9205549999999
138.044128,-35.9227749999999
138.038025,-35.924171
138.029694,-35.923332
137.985504,-35.9088899999999
137.974396,-35.90361
137.95636,-35.889999
137.928864,-35.876663
137.9133,-35.874443
137.823578,-35.868057
137.792755,-35.866112
137.76944,-35.8650049999999
137.755554,-35.866394
137.74939,-35.867775
137.61969,-35.919998
137.60553,-35.929443
137.602173,-35.933327
137.598572,-35.944443
137.599396,-35.955559
137.6008,-35.961945
137.609955,-35.973885
137.613586,-35.9774929999999
137.617737,-35.9869459999999
137.619415,-35.998055
137.61911,-36.004173
137.614136,-36.0147249999999
137.605225,-36.021385
137.586365,-36.0330579999999
137.491058,-36.075279
137.469116,-36.084442
137.457733,-36.0866619999999
137.450256,-36.086388
137.444702,-36.083885
137.399414,-36.0458369999999
137.38858,-36.034447
137.368835,-36.011116
137.359955,-36.004448
137.354401,-36.0019449999999
137.346924,-36.000282
137.230255,-35.9844439999999
137.221893,-35.9836119999999
137.200531,-35.984726
137.189697,-35.988892
137.185791,-35.9919429999999
137.183044,-35.997223
137.181366,-36.003059
137.185516,-36.012505
137.185516,-36.0180589999999
137.182465,-36.0305559999999
137.177765,-36.034172
137.168304,-36.039444
137.156647,-36.043617
137.143585,-36.044724
137.031647,-36.035561
136.899719,-36.052223
136.74469,-36.061111
136.712189,-36.056664
136.684143,-36.0197219999999
136.676361,-36.006668
136.612183,-35.9608309999999
136.580536,-35.94416
136.541351,-35.92028
136.536926,-35.9169459999999
136.534424,-35.912498
136.533325,-35.885559
136.534424,-35.878883
136.571899,-35.7774959999999
136.574402,-35.7724989999999
136.578583,-35.768608
136.583313,-35.765839
136.588867,-35.763062
136.605804,-35.758057
136.910522,-35.688889
136.947479,-35.680832
136.996918,-35.6783369999999
137.011108,-35.678612
137.018585,-35.6799999999999
137.0336,-35.680557
137.06665,-35.675278
137.120514,-35.6622159999999
137.227173,-35.624718
137.314148,-35.591385
137.320251,-35.5899959999999
137.333862,-35.588608
137.341339,-35.58889
137.526093,-35.604721
137.584961,-35.6508329999999
