"V1","V2"
121.487762,31.717773
121.485527,31.7138820000001
121.477203,31.7149960000001
121.470543,31.714439
121.46582,31.7116620000001
121.464706,31.706104
121.468048,31.7022170000001
121.493591,31.6749950000001
121.564697,31.63583
121.612198,31.6163860000001
121.676086,31.5941619999999
121.748596,31.570274
121.763611,31.5674970000001
121.785812,31.5663870000001
121.801376,31.56472
121.814697,31.5608290000001
121.851646,31.546665
121.856934,31.543888
121.86554,31.5369420000001
121.868874,31.533054
121.873596,31.523609
121.875526,31.512775
121.873596,31.499718
121.868317,31.489162
121.86499,31.484718
121.833878,31.453884
121.828323,31.45166
121.82222,31.45055
121.814987,31.450829
121.784714,31.4566610000001
121.74971,31.4647180000001
121.707489,31.4777720000001
121.546371,31.5311090000001
121.401932,31.5983310000001
121.381088,31.6099970000001
121.361099,31.621941
121.351379,31.6283300000001
121.316093,31.6552730000001
121.298599,31.668884
121.217758,31.7652740000001
121.203857,31.8005370000001
121.219994,31.810276
121.236099,31.816387
121.242203,31.817776
121.275818,31.8199960000001
121.311653,31.8199960000001
121.333054,31.8183290000001
121.424698,31.7769430000001
121.429977,31.774166
121.458603,31.7552760000001
121.467209,31.7483290000001
121.478043,31.7361069999999
121.487762,31.717773
