"V1","V2"
-146.246948,60.4549940000001
-146.25946,60.454712
-146.315002,60.4563830000001
-146.324432,60.4586030000001
-146.328064,60.463608
-146.320557,60.494156
-146.31723,60.4994350000001
-146.30777,60.508606
-146.301666,60.5124969999999
-146.294464,60.5158310000001
-146.278625,60.5188830000001
-146.19696,60.5247120000001
-146.104706,60.539162
-145.968048,60.581665
-145.959442,60.5841600000001
-145.941956,60.588882
-145.767792,60.616386
-145.751678,60.6002730000001
-145.749725,60.594711
-145.751953,60.5886000000001
-145.765564,60.5808260000001
-145.780579,60.5738830000001
-145.917511,60.5274889999999
-146.056396,60.4880450000001
-146.129425,60.470268
-146.246948,60.4549940000001
