"V1","V2"
-79.619995,56.385269
-79.638062,56.36055
-79.649445,56.346382
-79.66333,56.3338780000001
-79.682495,56.3174969999999
-79.701111,56.306381
-79.714447,56.2999950000001
-79.9066619999999,56.2272110000001
-79.928329,56.2197110000001
-79.986115,56.1997150000001
-80.0191649999999,56.191376
-80.060547,56.1844330000001
-80.0825039999999,56.1866530000001
-80.092224,56.1883240000001
-80.100555,56.191376
-80.1074979999999,56.1949920000001
-80.109726,56.197769
-80.110275,56.203323
-80.100281,56.239159
-80.0986179999999,56.2441560000001
-80.055267,56.3036040000001
-80.0444489999999,56.3108220000001
-80.040558,56.3127670000001
-80.022507,56.319717
-79.867493,56.3574980000001
-79.7955469999999,56.3666610000001
-79.756668,56.361938
-79.724442,56.3627700000001
-79.6988829999999,56.368881
-79.679169,56.378326
-79.656387,56.3927690000001
-79.642502,56.404434
-79.6188809999999,56.4269410000001
-79.614441,56.4316640000001
-79.6041719999999,56.4441530000001
-79.5980529999999,56.4544370000001
-79.5913849999999,56.4691540000001
-79.588333,56.493881
-79.585281,56.4991610000001
-79.5825039999999,56.501663
-79.549728,56.525269
-79.543335,56.5277710000001
-79.54277,56.5222170000001
-79.549438,56.5080490000001
-79.613892,56.395271
-79.619995,56.385269
