"V1","V2"
96.5755460000001,77.1302640000001
96.4555510000001,77.067215
96.4344180000001,77.0638730000001
96.2655490000001,77.020264
96.1660920000001,76.989151
95.937195,76.976089
95.7124940000001,76.945816
95.6824800000001,76.945251
95.689697,76.9508210000001
95.785263,76.988876
95.806091,76.9922030000001
95.8877719999999,76.997208
95.9116520000001,76.9997100000001
95.932755,77.003052
95.9474790000001,77.008606
95.944427,77.015274
95.9374850000001,77.021378
95.904984,77.023315
95.8746949999999,77.0227660000001
95.847488,77.021103
95.8024750000001,77.0149990000001
95.7605440000001,77.0080409999999
95.715546,77.001938
95.6674800000001,76.9969330000001
95.6402740000001,76.995255
95.6099850000001,76.9944310000001
95.496368,76.9916530000001
95.262772,76.987198
95.2408140000001,76.988037
95.229156,76.9933170000001
95.2333220000001,77.0000000000001
95.2447050000001,77.0061040000001
95.259155,77.0116580000001
95.3124850000001,77.024994
95.4041600000001,77.0463710000001
95.466934,77.056931
95.5299840000001,77.0674900000001
95.593048,77.0780490000001
95.6255340000001,77.0760959999999
95.76915,77.0780490000001
96.0811,77.1121980000001
96.1658170000001,77.1260830000001
96.2444310000001,77.141663
96.284424,77.150543
96.3174900000001,77.1602629999999
96.3477630000001,77.170822
96.3597110000001,77.1772
96.4199830000001,77.198318
96.4383090000001,77.202774
96.459717,77.206375
96.4924770000001,77.2044370000001
96.5208590000001,77.2015840000001
96.5377660000001,77.193588
96.544708,77.1874850000001
96.5844270000001,77.1374970000001
96.5755460000001,77.1302640000001
