"V1","V2"
-160.11499,21.8874970000001
-160.126923,21.884995
-160.133911,21.8844379999999
-160.145844,21.8874970000001
-160.14978,21.8841630000001
-160.18222,21.836941
-160.199768,21.7836040000001
-160.204468,21.7836040000001
-160.231689,21.800549
-160.245026,21.809441
-160.247772,21.813606
-160.248322,21.840275
-160.247528,21.8463860000001
-160.227203,21.89138
-160.19754,21.919991
-160.1828,21.9341580000001
-160.088593,22.016106
-160.083893,22.0186040000001
-160.061401,22.013882
-160.04892,22.00444
-160.046112,22
-160.045563,21.993881
-160.071136,21.909161
-160.088928,21.8977740000001
-160.093628,21.8952710000001
-160.11499,21.8874970000001
