"V1","V2"
-132.132477,56.345268
-132.123047,56.3436050000001
-132.112762,56.3436050000001
-132.104431,56.3449940000001
-132.091675,56.3524930000001
-132.078339,56.3588869999999
-132.070007,56.3602750000001
-132.047516,56.356384
-132.038605,56.3536070000001
-132.00946,56.3405460000001
-132.003632,56.3366550000001
-131.994995,56.328331
-131.989441,56.3188860000001
-131.947235,56.2322080000001
-132.007782,56.1366580000001
-132.012787,56.1316600000001
-132.056122,56.111382
-132.0961,56.158882
-132.101929,56.162491
-132.109436,56.165825
-132.171112,56.185265
-132.191681,56.1897129999999
-132.203613,56.1916580000001
-132.214722,56.19249
-132.225006,56.19471
-132.251404,56.2030490000001
-132.273071,56.2136080000001
-132.302216,56.2322080000001
-132.3125,56.23999
-132.331116,56.256386
-132.344147,56.268883
-132.348328,56.273048
-132.349731,56.278328
-132.346375,56.284721
-132.334167,56.302216
-132.330841,56.308601
-132.327789,56.315269
-132.327209,56.3266599999999
-132.326111,56.399162
-132.327209,56.404434
-132.348602,56.436653
-132.361664,56.4491580000001
-132.367493,56.453049
-132.371918,56.457214
-132.375824,56.4724880000001
-132.375549,56.478325
-132.373871,56.4844360000001
-132.36972,56.48999
-132.359436,56.48999
-132.350555,56.4872130000001
-132.26001,56.455269
-132.252502,56.451935
-132.233307,56.441376
-132.229156,56.4369350000001
-132.223602,56.427773
-132.222229,56.4224930000001
-132.222504,56.4169390000001
-132.218597,56.4013820000001
-132.217224,56.3963850000001
-132.214447,56.3916630000001
-132.210266,56.387497
-132.160828,56.35305
-132.132477,56.345268
