"V1","V2"
-42.2772219999999,62.577217
-42.265556,62.575272
-42.1730579999999,62.575272
-42.162216,62.575272
-42.151108,62.5730510000001
-42.139168,62.5688860000001
-42.1311109999999,62.564713
-42.125557,62.55999
-42.1249999999999,62.5013890000001
-42.125557,62.496384
-42.16333,62.4852680000001
-42.1730579999999,62.482765
-42.184441,62.482491
-42.205276,62.484436
-42.2166599999999,62.4863820000001
-42.257225,62.5061039999999
-42.277779,62.519714
-42.280281,62.524162
-42.297226,62.56694
-42.298615,62.5716630000001
-42.297501,62.577217
-42.2880549999999,62.578331
-42.2772219999999,62.577217
