"V1","V2"
-74.76889,68.673874
-74.756668,68.67276
-74.655838,68.6549840000001
-74.648346,68.6522060000001
-74.522232,68.565262
-74.5183409999999,68.558594
-74.5319519999999,68.552765
-74.551392,68.5505370000001
-74.586945,68.5488740000001
-74.7266689999999,68.556091
-74.742767,68.5574800000001
-74.8072199999999,68.5635990000001
-74.821945,68.5658109999999
-74.833893,68.569717
-74.843338,68.5758210000001
-74.870544,68.5988770000001
-74.8830569999999,68.613037
-74.890289,68.624985
-74.805832,68.668869
-74.796112,68.6716460000001
-74.787216,68.673035
-74.779999,68.673874
-74.7719419999999,68.673035
-74.76889,68.673874
