"V1","V2"
135.138306,-1.48527799999999
135.223846,-1.48861099999999
135.297211,-1.48805499999997
135.329407,-1.4874999999999
135.330811,-1.49277799999999
135.32608,-1.50166699999994
135.3172,-1.51333399999999
135.304688,-1.52166699999998
135.299988,-1.5236109999999
135.193024,-1.52916699999997
135.180267,-1.52972199999999
135.11496,-1.52638899999999
135.104675,-1.523056
135.100525,-1.52027800000002
135.094421,-1.51277800000003
135.092468,-1.50111099999987
135.093842,-1.49555499999997
135.096619,-1.49138899999997
135.108856,-1.47638899999993
135.113007,-1.47361100000001
135.11911,-1.47444400000001
135.127136,-1.48055499999998
135.132721,-1.48388899999998
135.138306,-1.48527799999999
