"V1","V2"
27.8377760000001,80.1102600000001
27.7719420000001,80.1102600000001
27.733051,80.1116490000001
27.6991619999999,80.113876
27.6794400000001,80.1174770000001
27.674164,80.1227570000001
27.701107,80.1538700000001
27.7191620000001,80.1580350000001
27.800831,80.1724850000001
27.8219409999999,80.175812
27.878178,80.166061
27.986382,80.157761
28.0597190000001,80.1483310000001
28.0744400000001,80.14415
28.06694,80.1388850000001
28.04583,80.1355440000001
27.9822160000001,80.125534
27.8377760000001,80.1102600000001
