"V1","V2"
24.379444,37.3058320000001
24.3747220000001,37.30555
24.370552,37.30722
24.3674960000001,37.3094410000001
24.3666650000001,37.313049
24.3674960000001,37.4236070000001
24.36861,37.4272159999999
24.371944,37.4336090000001
24.3986090000001,37.45916
24.4102750000001,37.46833
24.4386100000001,37.481941
24.442776,37.4816670000001
24.442497,37.4747160000001
24.4408300000001,37.470833
24.4305529999999,37.442215
24.4333310000001,37.43972
24.4452740000001,37.4313890000001
24.4630550000001,37.427498
24.472221,37.4269410000001
24.4822200000001,37.408882
24.483608,37.4058300000001
24.4833300000001,37.3980480000001
24.481667,37.3938830000001
24.44611,37.3513870000001
24.416386,37.325554
24.401665,37.314163
24.3833310000001,37.3069379999999
24.379444,37.3058320000001
