"V1","V2"
92.8055420000001,79.382477
92.70665,79.3777620000001
92.6766510000001,79.37915
92.6572110000001,79.3836059999999
92.608322,79.3983310000001
92.597641,79.4020540000001
92.582214,79.406937
92.5849910000001,79.4116520000001
92.6049800000001,79.416092
92.7441410000001,79.4369199999999
92.771927,79.4394230000001
92.909988,79.4344180000001
92.934143,79.430817
92.987762,79.416931
92.9838710000001,79.410263
92.9552610000001,79.39888
92.935257,79.39444
92.9072110000001,79.3916630000001
92.8055420000001,79.382477
