"V1","V2"
-97.382217,27.2188840000001
-97.386948,27.2188840000001
-97.390564,27.222496
-97.392227,27.229439
-97.386673,27.2744410000001
-97.3858339999999,27.2805519999999
-97.3747099999999,27.3430520000001
-97.3702699999999,27.3624950000001
-97.336945,27.4508290000001
-97.3322299999999,27.4616360000001
-97.31723,27.495827
-97.309158,27.5088880000001
-97.3041689999999,27.5169409999999
-97.2813869999999,27.5511090000001
-97.162781,27.725552
-97.1533359999999,27.7377739999999
-97.0758359999999,27.833054
-97.071945,27.8377760000001
-97.0675049999999,27.8402750000001
-97.058609,27.8436090000001
-97.045547,27.843887
-97.043335,27.8424950000001
-97.041672,27.8411060000001
-97.0422209999999,27.83194
-97.0430599999999,27.8291630000001
-97.051102,27.8197170000001
-97.0758359999999,27.7922210000001
-97.102219,27.765274
-97.1174929999999,27.746384
-97.166656,27.6805500000001
-97.174164,27.668327
-97.244995,27.5480539999999
-97.246384,27.5444409999999
-97.266953,27.50972
-97.2944489999999,27.4572180000001
-97.3086089999999,27.424438
-97.3294529999999,27.372498
-97.337784,27.350552
-97.344727,27.326385
-97.35611,27.2736090000001
-97.368057,27.2391620000001
-97.372772,27.2288820000001
-97.376938,27.2222180000001
-97.382217,27.2188840000001
