"V1","V2"
124.638893,11.293331
124.643333,11.2927760000001
124.702766,11.3038860000001
124.707207,11.305277
124.716927,11.3105550000001
124.741653,11.324165
124.763046,11.336664
124.80748,11.375553
124.809708,11.381941
124.810532,11.390276
124.856369,11.4224990000001
124.947479,11.424999
124.949142,11.424166
124.95694,11.4127770000001
124.972763,11.3872200000001
124.977768,11.3672200000001
124.978043,11.253611
125.029984,11.1958309999999
125.040543,11.0105550000001
125.040817,10.979164
125.037491,10.9455530000001
125.0336,10.925554
125.029984,10.917221
125.024696,10.9119430000001
125.008041,10.8691640000001
125.007492,10.811388
125.010269,10.750555
125.013893,10.7433300000001
125.025818,10.7291640000001
125.050537,10.712776
125.060257,10.7099969999999
125.066383,10.709442
125.074158,10.7099969999999
125.080276,10.710554
125.088593,10.7091639999999
125.093872,10.7038860000001
125.144173,10.6107860000001
125.180267,10.5433310000001
125.176376,10.5402759999999
125.168869,10.530832
125.166382,10.5258310000001
125.166656,10.5224990000001
125.187477,10.441109
125.234711,10.397499
125.237762,10.397778
125.241653,10.3955540000001
125.253326,10.382498
125.260269,10.3730530000001
125.270538,10.33222
125.271652,10.2974990000001
125.263893,10.2722210000001
125.260536,10.263611
125.258041,10.259998
125.253883,10.2563880000001
125.120529,10.176943
125.086647,10.212498
125.084152,10.216665
125.071663,10.246386
125.04248,10.3158319999999
125.035812,10.337776
125.026932,10.3605539999999
125.020264,10.3705519999999
125.012772,10.376942
125.009163,10.3797190000001
125.006653,10.3808310000001
124.9897,10.382219
124.982758,10.3808310000001
124.98027,10.379164
124.975273,10.372219
124.974991,10.3661080000001
124.988312,10.242496
125.008331,10.158054
125.028587,10.081942
125.031662,10.0436100000001
125.023613,10.0322210000001
125.014709,10.0277770000001
125.007492,10.028055
124.99971,10.0297200000001
124.982208,10.0374980000001
124.973312,10.043055
124.845543,10.13361
124.764709,10.1963860000001
124.787491,10.294443
124.789978,10.3072200000001
124.789429,10.3272210000001
124.786377,10.33111
124.767212,10.354719
124.739151,10.378054
124.726646,10.3961110000001
124.724152,10.4036100000001
124.723312,10.4091639999999
124.723602,10.419998
124.732758,10.4686090000001
124.756378,10.511944
124.765823,10.533054
124.767212,10.5369430000001
124.766663,10.5747200000001
124.804153,10.6588879999999
124.805542,10.6636100000001
124.798866,10.723886
124.798027,10.7291640000001
124.789429,10.7566660000001
124.781937,10.7786100000001
124.77832,10.788332
124.775269,10.7944430000001
124.761932,10.818054
124.689148,10.930277
124.676933,10.945831
124.672211,10.950554
124.622208,10.992496
124.598328,11.0097220000001
124.595261,11.01111
124.574432,11.0141660000001
124.5522,10.9877760000001
124.548317,10.9652750000001
124.551086,10.9605539999999
124.554428,10.930277
124.553864,10.9258310000001
124.544708,10.906942
124.535812,10.889166
124.533051,10.8847220000001
124.525543,10.874165
124.517487,10.86833
124.490257,10.862497
124.486923,10.8622189999999
124.421371,10.9133320000001
124.401382,10.9741649999999
124.404427,11.111387
124.403587,11.238052
124.402481,11.2405529999999
124.370247,11.2919430000001
124.352478,11.3094429999999
124.346367,11.316387
124.344437,11.3205530000001
124.300537,11.4722190000001
124.287773,11.524166
124.28804,11.536665
124.289703,11.5413879999999
124.316383,11.5669420000001
124.535538,11.4013880000001
124.552467,11.339998
124.568878,11.3202759999999
124.579987,11.3088870000001
124.584717,11.305553
124.593323,11.30361
124.638893,11.293331
