"V1","V2"
50.8141560000001,68.372208
50.798882,68.372208
50.794716,68.378586
50.811378,68.3952640000001
50.836731,68.4090120000001
50.8491589999999,68.4147030000001
50.887215,68.4297030000001
50.9141540000001,68.438309
50.955269,68.450821
50.9836040000001,68.4583280000001
51.057495,68.474701
51.1169360000001,68.487488
51.163879,68.4952549999999
51.1811070000001,68.4969330000001
51.2180480000001,68.497482
51.2777710000001,68.4949800000001
51.444153,68.4824830000001
51.4566570000001,68.4769289999999
51.433601,68.4647060000001
51.4194410000001,68.461105
51.30999,68.4580380000001
51.186378,68.4513850000001
51.1708300000001,68.4488680000001
51.053047,68.4222110000001
50.9213789999999,68.391663
50.8297200000001,68.3746950000001
50.8141560000001,68.372208
