"V1","V2"
150.491638,-22.3547209999999
150.484955,-22.355
150.48053,-22.3522219999999
150.476898,-22.34861
150.458313,-22.310558
150.458313,-22.30389
150.459412,-22.297779
150.472473,-22.2319409999999
150.476624,-22.220276
150.479675,-22.216942
150.484131,-22.214443
150.48996,-22.213055
150.496613,-22.214722
150.507477,-22.224442
150.557739,-22.293613
150.559692,-22.2983359999999
150.560242,-22.3044469999999
150.558014,-22.3091659999999
150.554138,-22.3124999999999
150.519135,-22.341667
150.508606,-22.3494449999999
150.491638,-22.3547209999999
