"V1","V2"
-133.847778,55.8474879999999
-133.861664,55.84166
-133.882751,55.842216
-133.893066,55.8444369999999
-133.900299,55.8474879999999
-133.904999,55.851662
-133.918335,55.864159
-133.925568,55.873047
-133.928619,55.877487
-133.931671,55.8877720000001
-133.931671,55.899162
-133.930298,55.905266
-133.927216,55.911934
-133.915283,55.9194410000001
-133.871643,55.935265
-133.864441,55.9377670000001
-133.855255,55.938599
-133.847778,55.935265
-133.844147,55.9263840000001
-133.841095,55.9219360000001
-133.829163,55.880821
-133.829163,55.8749920000001
-133.842224,55.851387
-133.847778,55.8474879999999
