"V1","V2"
98.266663,9.03055400000005
98.2533260000001,9.02999899999992
98.243591,9.03444300000012
98.241089,9.03861000000012
98.241089,9.05110900000005
98.2433170000001,9.1236080000001
98.2488710000001,9.15722099999999
98.2808230000001,9.15805399999999
98.289154,9.15249800000004
98.3163760000001,9.11055400000004
98.3205410000001,9.10082999999997
98.323608,9.09027500000008
98.324432,9.08416399999999
98.323608,9.07777600000009
98.3199620000001,9.07164000000006
98.3027650000001,9.04305499999998
98.2983249999999,9.04027600000012
98.266663,9.03055400000005
