"V1","V2"
-58.9925,-62.347778
-59.0347289999999,-62.347778
-59.0797269999999,-62.341667
-59.096115,-62.33667
-59.187225,-62.303062
-59.200562,-62.297783
-59.208893,-62.291946
-59.208893,-62.285561
-59.19445,-62.273613
-59.170563,-62.263618
-59.15834,-62.259727
-59.132507,-62.2533339999999
-59.080833,-62.243057
-59.054169,-62.2394489999999
-59.0405579999999,-62.23806
-58.998894,-62.2366709999999
-58.876114,-62.259171
-58.846672,-62.268059
-58.8302839999999,-62.2797239999999
-58.81945,-62.291672
-58.816391,-62.2980579999999
-58.816116,-62.304451
-58.824173,-62.311951
-58.836113,-62.316948
-58.8486179999999,-62.3208389999999
-58.861671,-62.3233339999999
-58.88945,-62.324722
-58.941948,-62.3336179999999
-58.9925,-62.347778
