"V1","V2"
130.369415,32.3747099999999
130.358856,32.3705440000001
130.238281,32.3955460000001
130.233307,32.398605
130.209686,32.4269410000001
130.207733,32.431664
130.207733,32.4374920000001
130.209412,32.443047
130.212463,32.448044
130.221344,32.4547119999999
130.226349,32.457214
130.23938,32.4603500000001
130.240265,32.4628140000001
130.275818,32.489716
130.280273,32.49305
130.331909,32.5163880000001
130.361633,32.5222170000001
130.368561,32.5222170000001
130.448029,32.505272
130.40332,32.4236070000001
130.381073,32.3872150000001
130.369415,32.3747099999999
