"V1","V2"
143.999695,-7.82444500000003
143.994415,-7.82583299999993
143.98468,-7.82305599999995
143.943573,-7.80277699999999
143.934692,-7.79805599999992
143.923584,-7.78861099999995
143.91748,-7.78111199999995
143.914703,-7.77694499999996
143.877747,-7.71861100000001
143.875793,-7.71388899999994
143.877167,-7.70972299999994
143.881348,-7.70694399999996
143.886658,-7.70833399999998
143.959412,-7.74222199999997
143.966919,-7.74833299999995
143.979126,-7.76333399999999
144.000549,-7.79000000000002
144.008026,-7.80277699999999
144.00943,-7.808333
144.008606,-7.814166
144.006653,-7.81916699999999
143.999695,-7.82444500000003
