"V1","V2"
-64.170273,63.8563840000001
-64.1808319999999,63.785271
-64.195267,63.778603
-64.203339,63.7763820000001
-64.2344359999999,63.7713780000001
-64.245834,63.7713780000001
-64.256958,63.7741620000001
-64.3255619999999,63.805824
-64.398346,63.8455430000001
-64.39917,63.849434
-64.3977809999999,63.851387
-64.3961179999999,63.8519360000001
-64.3538819999999,63.8611070000001
-64.334091,63.8520810000001
-64.3255619999999,63.850273
-64.310822,63.848328
-64.2683409999999,63.8461
-64.215012,63.850273
-64.208344,63.852776
-64.2002869999999,63.859718
-64.186661,63.86721
-64.1799929999999,63.8655470000001
-64.175827,63.8619380000001
-64.170273,63.8563840000001
