"V1","V2"
-82.239182,9.33027600000014
-82.2452849999999,9.33000000000004
-82.249176,9.33277700000014
-82.322235,9.40361000000013
-82.325012,9.40777600000001
-82.314453,9.42472099999998
-82.2819519999999,9.43527600000004
-82.271393,9.43527600000004
-82.2652889999999,9.43444399999998
-82.26445,9.43361099999998
-82.258347,9.42916500000001
-82.2552799999999,9.42527800000005
-82.232788,9.38888700000001
-82.229446,9.38194300000009
-82.2283479999999,9.376665
-82.2283479999999,9.36972000000003
-82.235001,9.333055
-82.239182,9.33027600000014
