"V1","V2"
-93.759445,-72.911667
-93.785278,-72.9130709999999
-93.8297269999999,-72.910568
-93.872513,-72.9069519999999
-94.092514,-72.875565
-94.13028,-72.868347
-94.1383359999999,-72.860291
-94.1380619999999,-72.839172
-94.1300049999999,-72.826126
-94.117783,-72.820557
-94.093063,-72.816391
-94.011673,-72.809174
-93.9608459999999,-72.806671
-93.889725,-72.806671
-93.845566,-72.809174
-93.824722,-72.8114009999999
-93.805847,-72.815002
-93.7886199999999,-72.820007
-93.774734,-72.8272249999999
-93.7522279999999,-72.8425139999999
-93.7397309999999,-72.858063
-93.726959,-72.880569
-93.726959,-72.8944549999999
-93.743057,-72.906677
-93.759445,-72.911667
