"V1","V2"
93.5130460000001,19.7444379999999
93.508041,19.74305
93.4583280000001,19.7774959999999
93.4466400000001,19.7866629999999
93.4377590000001,19.799442
93.433594,19.809719
93.396103,19.9266620000001
93.3924870000001,19.9452740000001
93.3924870000001,19.951385
93.395828,19.955273
93.401382,19.95583
93.4199069999999,19.9505770000001
93.4347080000001,19.943607
93.486649,19.896942
93.493317,19.889439
93.498596,19.88055
93.502777,19.8699950000001
93.5063780000001,19.851387
93.5202640000001,19.757221
93.516937,19.747494
93.5130460000001,19.7444379999999
