"V1","V2"
127.894989,1.79666700000007
127.901382,1.79611100000011
127.907494,1.79666700000007
127.915543,1.80222199999997
127.920532,1.80416700000001
127.926651,1.80361099999999
127.939697,1.79611100000011
127.943588,1.79333300000008
127.98082,1.76166699999999
127.991653,1.75222200000013
128.002777,1.73583299999996
128.00943,1.72194400000006
128.015808,1.70749999999992
128.0383,1.52611100000001
128.036377,1.51444400000014
127.9897,1.34666700000008
127.924423,1.22750000000002
127.908043,1.20277700000008
127.834717,1.14194400000002
127.662201,1.02527800000013
127.65387,1.02000000000004
127.650543,1.01638900000006
127.642212,1.00416700000005
127.631927,0.986944000000051
127.627762,0.977221999999983
127.626373,0.964999999999975
127.626373,0.951389000000006
127.630539,0.928055000000086
127.63472,0.917222000000095
127.655258,0.882777999999973
127.6586,0.879444000000035
127.753883,0.811667000000057
127.793587,0.795000000000016
127.813599,0.794444000000055
127.84082,0.801389000000029
127.845833,0.803333000000123
127.863602,0.813054999999963
127.875809,0.82111100000003
127.906647,0.845000000000084
127.916931,0.855277999999998
127.919144,0.860277999999937
127.921921,0.871110999999928
127.922493,0.932222000000081
127.9272,0.987500000000011
127.928589,0.993055000000084
127.972488,1.06583300000011
127.975273,1.06972200000001
128.03775,1.11722199999997
128.078857,1.12527800000004
128.08551,1.12527800000004
128.091644,1.12472200000008
128.102753,1.12194400000004
128.112457,1.11777799999999
128.123291,1.11500000000001
128.129395,1.11444399999999
128.135529,1.11500000000001
128.146637,1.11777799999999
128.156097,1.12194400000004
128.167206,1.13138900000013
128.169983,1.13555500000001
128.172485,1.13972200000001
128.189697,1.17055499999998
128.193848,1.1802780000001
128.195251,1.18555500000008
128.195801,1.19861100000014
128.194702,1.20416600000004
128.190521,1.21361100000013
128.181641,1.22527700000012
128.169983,1.23416599999996
128.164429,1.23555499999998
128.145813,1.23777699999999
128.13916,1.23777699999999
128.130249,1.28555500000004
128.166382,1.34527800000006
128.188293,1.37805500000007
128.21109,1.39666699999998
128.374664,1.50777799999997
128.41803,1.52611100000001
128.442474,1.5363890000001
128.463287,1.54333299999996
128.548859,1.565833
128.627747,1.57750000000004
128.646088,1.57944399999997
128.659149,1.57888900000006
128.677765,1.57694400000008
128.696075,1.57472200000007
128.707184,1.57194400000009
128.711914,1.56999999999999
128.719971,1.56444400000004
128.723572,1.5611110000001
128.726349,1.55694399999993
128.728302,1.54527799999994
128.697479,1.10194400000012
128.663879,1.06305500000013
128.452179,0.937499999999943
128.438568,0.930833000000064
128.419434,0.922500000000014
128.404144,0.917222000000095
128.38858,0.912222000000099
128.360229,0.904722000000049
128.328857,0.901944000000071
128.306915,0.896667000000036
128.302185,0.894443999999964
128.293854,0.888889000000063
128.290527,0.885556000000008
128.213867,0.807500000000061
128.21109,0.803333000000123
128.209686,0.790833000000021
128.210236,0.784721999999988
128.213013,0.773888999999997
128.21524,0.769167000000095
128.234406,0.733333000000073
128.236908,0.729444000000001
128.240509,0.725833000000023
128.29248,0.681389000000138
128.304962,0.67166700000007
128.32608,0.658611000000008
128.348846,0.647221999999999
128.368011,0.63888900000012
128.496063,0.588889000000052
128.578857,0.56222200000002
128.596069,0.558611000000042
128.631073,0.56222200000002
128.66803,0.559444000000042
128.673584,0.558055000000024
128.679688,0.550554999999974
128.683868,0.540833000000077
128.685242,0.535278000000005
128.692749,0.408611000000064
128.691925,0.395555000000002
128.688019,0.379167000000109
128.685791,0.374443999999926
128.681641,0.358054999999979
128.681641,0.35111100000006
128.683044,0.345555000000104
128.712921,0.334221999999954
128.716919,0.330054999999959
128.722748,0.327555000000075
128.732574,0.32522199999994
128.772919,0.316054999999949
128.791412,0.314055000000053
128.825806,0.303054999999915
128.833313,0.296944000000053
128.87439,0.262778000000026
128.906647,0.205832999999984
128.905243,0.200278000000083
128.901093,0.201111000000083
128.87912,0.21750000000003
128.859131,0.238611000000105
128.855225,0.241389000000083
128.84079,0.247499999999945
128.814697,0.255833000000052
128.759705,0.271278000000052
128.721024,0.281944000000067
128.717682,0.282777999999951
128.633881,0.303889000000026
128.584412,0.309167000000116
128.572205,0.310555000000022
128.56665,0.311943999999983
128.546082,0.318888999999956
128.541351,0.32083300000005
128.498016,0.353054999999983
128.491333,0.359999999999957
128.477448,0.380555000000015
128.470795,0.387499999999989
128.458313,0.395555000000002
128.447479,0.39833299999998
128.363007,0.397778000000073
128.356903,0.396943999999962
128.328308,0.391666999999984
128.3172,0.388611000000083
128.286377,0.385278000000028
128.279419,0.385278000000028
128.267761,0.387499999999989
128.213867,0.403055000000052
128.185516,0.416111000000114
128.181641,0.418889000000092
128.174683,0.425833000000011
128.171906,0.430000000000007
128.169983,0.441667000000052
128.167755,0.446389000000124
128.164978,0.45055600000012
128.160248,0.452500000000043
128.14859,0.454444000000137
128.073853,0.466111000000012
127.991653,0.473611000000062
127.957489,0.47638900000004
127.923309,0.455833000000098
127.919144,0.453056000000004
127.909416,0.442222000000129
127.90332,0.427777999999989
127.876648,0.310555000000022
127.876648,0.303889000000026
127.879967,0.293610999999942
127.883331,0.290000000000134
127.897774,0.283889000000045
127.906647,0.279166999999973
127.910263,0.275832999999977
127.912201,0.270832999999982
127.923866,0.142778000000135
127.923866,0.135832999999991
127.919144,0.120000000000005
127.912201,0.113333000000125
127.895828,0.10222200000004
127.893051,0.0983330000001388
127.88472,0.0791670000000977
127.882751,0.0675000000000523
127.882751,0.0466670000000704
127.88472,0
127.886932,-0.0108329999998773
127.893051,-0.03194400000001
127.983597,-0.271943999999962
128.036926,-0.403332999999918
128.049988,-0.431666999999948
128.068573,-0.467777999999953
128.073303,-0.47666700000002
128.093842,-0.511111000000028
128.137756,-0.569999999999993
128.167755,-0.621943999999985
128.207458,-0.691943999999978
128.219116,-0.707778000000019
128.302765,-0.795277999999996
128.363022,-0.847555999999997
128.408325,-0.881666999999993
128.395264,-0.894721999999945
128.289703,-0.883054999999956
128.277466,-0.881666999999993
128.271912,-0.880277999999976
128.252777,-0.872222000000022
128.236908,-0.860555999999917
128.230255,-0.853610999999944
128.228027,-0.848888999999986
128.227448,-0.842777999999953
128.228027,-0.836388999999997
128.235504,-0.830278000000021
128.241058,-0.828889000000004
128.248016,-0.828889000000004
128.138306,-0.754166999999995
128.060242,-0.722778000000005
128.050537,-0.71861100000001
128.03775,-0.711111000000017
128.023865,-0.697221999999954
128.018311,-0.689166999999998
128.010254,-0.663055999999926
127.993874,-0.62472200000002
127.9897,-0.615277999999989
127.947746,-0.526666999999918
127.93692,-0.510278000000028
127.901382,-0.456943999999908
127.893883,-0.436943999999926
127.886108,-0.417221999999981
127.864151,-0.384166999999991
127.853867,-0.37388900000002
127.829987,-0.356943999999942
127.821114,-0.351943999999946
127.811371,-0.348055999999985
127.800537,-0.345277999999894
127.776657,-0.334999999999923
127.7211,-0.301388999999972
127.716927,-0.298610999999994
127.70665,-0.288333000000023
127.694977,-0.27249999999998
127.666092,-0.225832999999909
127.664146,-0.221111000000008
127.662773,-0.213611000000014
127.662773,-0.199999999999989
127.673027,-0.162221999999986
127.701103,0.0625000000000568
127.700546,0.0688890000000129
127.688026,0.196111000000087
127.660812,0.33666699999992
127.651932,0.341388999999992
127.621094,0.358610999999996
127.616928,0.361388999999974
127.573608,0.407222000000047
127.568329,0.415554999999927
127.527206,0.543055000000095
127.526382,0.549167000000068
127.522217,0.598333000000025
127.523041,0.604722000000038
127.544144,0.711389000000054
127.545532,0.716944000000126
127.54776,0.721667000000082
127.562759,0.741667000000064
127.574997,0.749999999999943
127.580551,0.751111000000037
127.584717,0.753889000000015
127.587486,0.758055000000127
127.598328,0.774444000000074
127.618317,0.816388999999958
127.619713,0.82194400000003
127.620247,0.834721999999999
127.619713,0.847778000000062
127.616928,0.851944000000003
127.612762,0.854721999999981
127.608032,0.856666999999959
127.586113,0.860833000000071
127.57222,0.860833000000071
127.56694,0.862222000000031
127.507217,0.884722000000068
127.498871,0.89027800000008
127.496368,0.894443999999964
127.493591,0.90527800000001
127.494141,0.918333000000018
127.509987,0.951389000000006
127.511383,0.963611000000014
127.510818,0.969167000000141
127.490807,1.04944399999999
127.483871,1.05611100000004
127.479713,1.05888900000002
127.474426,1.06027800000004
127.467484,1.06027800000004
127.453049,1.05416700000012
127.444977,1.04861099999999
127.431091,1.04166700000007
127.420822,1.03833300000008
127.409988,1.0355550000001
127.40387,1.03638899999999
127.399719,1.03916600000008
127.397491,1.04388900000009
127.394989,1.05472200000003
127.394989,1.06861100000009
127.39888,1.1869440000001
127.399719,1.20694400000002
127.402481,1.21777700000001
127.409149,1.23166600000008
127.416656,1.24444400000004
127.4272,1.2616670000001
127.436653,1.27250000000009
127.453049,1.29722200000009
127.472214,1.333055
127.517487,1.417778
127.523613,1.43222200000014
127.528587,1.44805500000012
127.529984,1.45361100000008
127.531937,1.47194399999995
127.533333,1.49805499999997
127.528587,1.51388900000006
127.521103,1.52694400000001
127.56749,1.73638800000003
127.568878,1.74194400000005
127.647774,1.86250000000013
127.6586,1.87888900000007
127.674988,1.90361100000013
127.68692,1.91944400000006
127.696373,1.93027799999993
127.909416,2.15888800000005
127.940262,2.18833300000006
127.948593,2.19388799999996
127.960274,2.19583299999994
128.049408,2.19666599999994
128.054688,2.19527699999998
128.058868,2.192499
128.061646,2.18833300000006
128.059692,2.17666600000001
128.048584,2.14666699999998
128.040253,2.12750000000005
128.029419,2.11027800000005
127.949997,1.98972199999997
127.944427,1.98166600000013
127.925812,1.95888900000006
127.922493,1.95555500000006
127.917763,1.95361099999997
127.900543,1.94999999999999
127.891098,1.94611100000009
127.866928,1.92888900000014
127.856087,1.91944400000006
127.85054,1.91111100000001
127.849152,1.90555499999999
127.847214,1.83777800000007
127.849152,1.82611100000003
127.851089,1.82138900000012
127.853867,1.81722200000013
127.866379,1.80888900000008
127.875259,1.80416700000001
127.894989,1.79666700000007
