"V1","V2"
-130.385284,54.769989
-130.39917,54.764717
-130.40918,54.7672120000001
-130.414459,54.7708280000001
-130.455566,54.8133240000001
-130.459442,54.8174970000001
-130.461945,54.8222200000001
-130.459991,54.828331
-130.418335,54.8533249999999
-130.385284,54.8688810000001
-130.343048,54.894997
-130.270294,54.950272
-130.25,54.9697110000001
-130.227783,54.997215
-130.213318,55.012497
-130.200836,55.0197140000001
-130.184998,55.0233230000001
-130.175293,55.0230480000001
-130.168335,55.0197140000001
-130.165009,55.0141600000001
-130.160278,55.00444
-130.146973,54.9758220000001
-130.145294,54.9652710000001
-130.145569,54.9597170000001
-130.146118,54.9541630000001
-130.14975,54.947487
-130.16333,54.931381
-130.270294,54.830826
-130.385284,54.769989
