"V1","V2"
-148.23526,-15.848612
-148.240265,-15.849443
-148.247528,-15.848888
-148.253387,-15.849998
-148.26532,-15.846947
-148.271698,-15.839443
-148.281708,-15.8222239999999
-148.286133,-15.813055
-148.285553,-15.8061099999999
-148.28363,-15.800835
-148.279724,-15.797503
-148.273376,-15.797503
-148.267792,-15.79917
-148.257782,-15.81028
-148.255585,-15.815277
-148.252838,-15.8188919999999
-148.25116,-15.8238909999999
-148.247772,-15.827499
-148.232483,-15.834444
-148.230835,-15.839169
-148.231934,-15.843889
-148.23526,-15.848612
