"V1","V2"
-95.3399959999999,71.731369
-95.3980559999999,71.7294310000001
-95.435822,71.72998
-95.4711149999999,71.7335970000001
-95.4830629999999,71.736923
-95.488327,71.7408140000001
-95.4880519999999,71.7455290000001
-95.4502869999999,71.8188779999999
-95.440277,71.824158
-95.4208369999999,71.828873
-95.384171,71.836105
-95.348892,71.8405460000001
-95.328613,71.842209
-95.301666,71.8441470000001
-95.286667,71.8430480000001
-95.275833,71.840271
-95.265839,71.836655
-95.261673,71.8333280000001
-95.2597349999999,71.827484
-95.3105469999999,71.737198
-95.324722,71.732758
-95.3399959999999,71.731369
