"V1","V2"
118.5336,7.03499900000014
118.540268,6.96527700000001
118.532211,6.96583300000003
118.492203,6.9713880000001
118.485809,6.97333200000003
118.449417,6.98805400000009
118.443314,6.99138699999997
118.437477,6.99583200000006
118.421097,7.01694400000002
118.417213,7.02222200000006
118.419144,7.02333299999998
118.42804,7.026388
118.443039,7.03138799999999
118.49971,7.04833200000002
118.511383,7.05055400000003
118.522217,7.04888800000003
118.529984,7.04305500000004
118.532211,7.03999900000014
118.5336,7.03499900000014
