"V1","V2"
-50.987228,-0.866389000000026
-50.973045,-0.868979999999965
-50.9311139999999,-0.867777999999987
-50.9208369999999,-0.869722000000024
-50.92556,-0.877221999999961
-50.9526859999999,-0.899524999999983
-50.9986,-0.905483000000004
-51.0126189999999,-0.919501999999966
-51.018929,-0.957003999999984
-51.014721,-0.981538
-51.019447,-0.991667000000007
-51.03334,-1.00527799999998
-51.070038,-1.03779399999996
-51.1580579999999,-1.08499999999992
-51.173615,-1.09249999999992
-51.1825029999999,-1.09166699999992
-51.188057,-1.08416699999992
-51.188057,-1.07666699999999
-51.170837,-1.02666699999997
-51.159447,-1.00888900000001
-51.140839,-0.986110999999994
-51.0708389999999,-0.911388999999986
-51.054199,-0.896705999999938
-51.045006,-0.889721999999949
-51.029724,-0.878610999999978
-51.020279,-0.874443999999983
-51.0023729999999,-0.867912999999987
-50.987228,-0.866389000000026
