"V1","V2"
-18.530003,74.712204
-18.458611,74.705261
-18.417498,74.7053760000001
-18.404333,74.705536
-18.3779999999999,74.707039
-18.319721,74.710815
-18.3086129999999,74.7099910000001
-18.3011129999999,74.7083280000001
-18.300556,74.705261
-18.307503,74.7022090000001
-18.3397219999999,74.6988680000001
-18.338446,74.6903690000001
-18.351112,74.6873630000001
-18.357277,74.6848680000001
-18.361279,74.6825330000001
-18.360777,74.6797030000001
-18.355778,74.6768719999999
-18.3371109999999,74.6700440000001
-18.321667,74.656372
-18.3152769999999,74.6510930000001
-18.315556,74.6430510000001
-18.316666,74.6385960000001
-18.36861,74.6213680000001
-18.383057,74.620255
-18.4730529999999,74.6235960000001
-18.494164,74.627762
-18.5002779999999,74.631088
-18.593613,74.717209
-18.590279,74.7199860000001
-18.586945,74.7211000000001
-18.559444,74.7219240000001
-18.547779,74.719147
-18.530003,74.712204
