"V1","V2"
-63.3066709999999,-64.428619
-63.3075029999999,-64.435287
-63.296669,-64.441116
-63.281395,-64.441391
-63.26667,-64.440567
-63.2386169999999,-64.4338989999999
-63.211395,-64.423065
-63.18528,-64.410004
-63.1662249999999,-64.401283
-63.1603929999999,-64.3969499999999
-63.152393,-64.393456
-63.144062,-64.3912809999999
-63.135391,-64.3901139999999
-63.1108399999999,-64.387222
-63.096947,-64.3930659999999
-63.091949,-64.39917
-63.061394,-64.453064
-63.059448,-64.4594569999999
-63.063614,-64.466125
-63.0763929999999,-64.4733429999999
-63.163063,-64.5164029999999
-63.2041699999999,-64.530289
-63.228889,-64.5383449999999
-63.23584,-64.545288
-63.228058,-64.551392
-63.217506,-64.555847
-63.2016679999999,-64.5577849999999
-63.110001,-64.560287
-63.09584,-64.5566709999999
-63.0888899999999,-64.549728
-63.0688929999999,-64.535568
-63.05584,-64.528336
-63.001114,-64.509445
-62.973061,-64.502502
-62.9586179999999,-64.500565
-62.8675,-64.501678
-62.851952,-64.501953
-62.83889,-64.505005
-62.760284,-64.560287
-62.7672269999999,-64.5661159999999
-62.781113,-64.570847
-62.808891,-64.5789029999999
-62.850563,-64.590561
-62.879448,-64.59639
-62.936394,-64.607513
-62.966667,-64.609177
-63.011116,-64.6130679999999
-63.0797269999999,-64.626404
-63.093338,-64.6322329999999
-63.1061169999999,-64.6397249999999
-63.107224,-64.646118
-63.1111149999999,-64.653061
-63.118057,-64.660004
-63.128059,-64.666946
-63.176949,-64.695847
-63.1900019999999,-64.7030639999999
-63.282784,-64.748901
-63.296112,-64.75473
-63.3108369999999,-64.7569579999999
-63.53389,-64.788895
-63.640007,-64.8338929999999
-63.655281,-64.834457
-63.7052839999999,-64.799454
-63.716393,-64.793625
-63.733337,-64.7877809999999
-63.749451,-64.784729
-63.765282,-64.783066
-63.9211119999999,-64.772781
-64.0547329999999,-64.7550049999999
-64.1900019999999,-64.7186129999999
-64.220566,-64.6733399999999
-64.18306,-64.586945
-64.1761169999999,-64.5800019999999
-64.1658479999999,-64.572784
-64.152237,-64.566956
-64.1239009999999,-64.560287
-64.094727,-64.5550079999999
-64.051117,-64.548889
-64.0069579999999,-64.5439
-63.9919509999999,-64.543335
-63.9625019999999,-64.540283
-63.904167,-64.532227
-63.890007,-64.5289
-63.862228,-64.519455
-63.8488919999999,-64.513626
-63.835556,-64.506393
-63.828613,-64.499451
-63.8302839999999,-64.493057
-63.835281,-64.4869539999999
-63.84584,-64.480835
-63.862785,-64.475281
-63.876396,-64.469452
-63.8841709999999,-64.4633479999999
-63.886116,-64.456955
-63.88195,-64.450287
-63.871948,-64.443069
-63.85778,-64.438614
-63.8297269999999,-64.431946
-63.8008349999999,-64.42778
-63.75695,-64.422791
-63.741669,-64.42334
-63.730835,-64.429169
-63.714729,-64.4322359999999
-63.700562,-64.430008
-63.686394,-64.4255679999999
-63.673058,-64.4194489999999
-63.6472239999999,-64.405014
-63.627228,-64.391113
-63.620003,-64.3841709999999
-63.6119459999999,-64.37056
-63.610001,-64.3575129999999
-63.619171,-64.325287
-63.618057,-64.318893
-63.605278,-64.311676
-63.515839,-64.278061
-63.4883349999999,-64.2700039999999
-63.474167,-64.266403
-63.445839,-64.261124
-63.4166719999999,-64.258057
-63.3875049999999,-64.25528
-63.285278,-64.24556
-63.270836,-64.244446
-63.12056,-64.2736209999999
-63.107224,-64.278061
-63.099449,-64.28418
-63.089447,-64.296677
-63.093338,-64.303345
-63.100006,-64.310287
-63.1200029999999,-64.324448
-63.1567269999999,-64.343002
-63.1648939999999,-64.34584
-63.2269519999999,-64.373062
-63.289452,-64.414459
-63.299446,-64.421677
-63.3066709999999,-64.428619
