"V1","V2"
97.1171880000001,2.01111100000014
97.111908,2.01111100000014
97.1063540000001,2.01249999999993
97.0974730000001,2.017222
97.0919190000001,2.02555500000011
97.066071,2.07472199999995
97.063858,2.07944400000008
97.063293,2.08555499999994
97.0927430000001,2.11250000000007
97.105804,2.11305499999997
97.1269070000001,2.10611100000006
97.1352540000001,2.10083300000002
97.1405330000001,2.09249900000003
97.148315,2.06583300000011
97.148285,2.05414100000007
97.1227420000001,2.01249999999993
97.1171880000001,2.01111100000014
