"V1","V2"
-50.475281,2.11972200000002
-50.485001,2.11750000000006
-50.493057,2.11833300000006
-50.5008389999999,2.12222200000014
-50.5336149999999,2.149722
-50.535561,2.16000000000003
-50.532227,2.17777799999999
-50.517227,2.20305500000012
-50.5091709999999,2.21000000000009
-50.501396,2.21277800000007
-50.460556,2.21416700000009
-50.436951,2.20916700000009
-50.420563,2.20250000000004
-50.405556,2.19361099999998
-50.3972239999999,2.17722200000003
-50.396118,2.16888899999992
-50.3980559999999,2.16138900000004
-50.404724,2.14638900000006
-50.413063,2.1400000000001
-50.475281,2.11972200000002
