"V1","V2"
-133.695282,55.8963850000001
-133.704437,55.8955460000001
-133.785553,55.916939
-133.790009,55.921104
-133.79306,55.931381
-133.79306,55.9483260000001
-133.787781,55.960274
-133.783905,55.965828
-133.774445,55.975822
-133.685547,56.0622100000001
-133.679718,56.066383
-133.611389,56.1061020000001
-133.571381,56.127213
-133.400574,56.154434
-133.390564,56.154434
-133.314453,56.1491620000001
-133.303345,56.1483310000001
-133.281128,56.14444
-133.278076,56.139717
-133.279724,56.133606
-133.285553,56.1288760000001
-133.313904,56.081383
-133.363037,56.010277
-133.458344,56.003326
-133.608337,55.958885
-133.637238,55.9333270000001
-133.695282,55.8963850000001
