"V1","V2"
-114.650848,31.690552
-114.651123,31.6852760000001
-114.706123,31.685833
-114.713348,31.686943
-114.740837,31.697777
-114.763634,31.712498
-114.775284,31.7230530000001
-114.778343,31.7269439999999
-114.781403,31.7311100000001
-114.788887,31.7449990000001
-114.791672,31.7561070000001
-114.79306,31.781109
-114.79306,31.787777
-114.790283,31.7994420000001
-114.784447,31.801388
-114.777237,31.800278
-114.764717,31.7974970000001
-114.754463,31.7925
-114.74501,31.786663
-114.679733,31.7336079999999
-114.664459,31.7194440000001
-114.655289,31.706944
-114.651672,31.696941
-114.650848,31.690552
