"V1","V2"
54.301659,80.4191440000001
54.2680510000001,80.41832
54.229431,80.4191440000001
54.192215,80.42276
54.1672130000001,80.4269260000001
54.1422200000001,80.4313660000001
54.1294330000001,80.436646
54.11055,80.4413600000001
54.0541610000001,80.4497070000001
53.9727630000001,80.4561
53.848877,80.4622040000001
53.8113780000001,80.465546
53.7799909999999,80.4694370000001
53.799721,80.4733120000001
53.830826,80.47554
53.856941,80.479706
53.856659,80.4855350000001
53.8314130000001,80.499969
53.944153,80.5180510000001
53.967766,80.5230410000001
53.967491,80.5291599999999
53.954994,80.5344240000001
53.9294360000001,80.5385890000001
53.898048,80.54248
53.8724899999999,80.5469360000001
53.853325,80.5516509999999
53.8402710000001,80.5627590000001
53.8394320000001,80.580551
53.8447110000001,80.599152
53.8711010000001,80.603317
53.902771,80.6052549999999
53.9683230000001,80.6085970000001
54.0075000000001,80.6074830000001
54.2052689999999,80.593048
54.2747120000001,80.585541
54.312767,80.576096
54.2863850000001,80.5719300000001
54.2208250000001,80.568878
54.18943,80.5666660000001
54.160271,80.563599
54.13916,80.55748
54.1330490000001,80.5510860000001
54.151932,80.5460970000001
54.189713,80.542755
54.301659,80.541656
54.3797150000001,80.5397030000001
54.411377,80.535812
54.4588850000001,80.498032
54.464996,80.4744260000001
54.4588850000001,80.4680480000001
54.3302760000001,80.422485
54.301659,80.4191440000001
