"V1","V2"
116.049423,4.27944400000007
116.054153,4.27722200000011
116.059708,4.27722200000011
116.065262,4.27861000000001
116.074158,4.28361000000001
116.138603,4.33555500000006
116.141937,4.33888800000011
116.150818,4.35083200000003
116.155823,4.35916500000008
116.314697,4.357777
116.425812,4.30999900000012
116.44165,4.29944299999994
116.451393,4.29527700000006
116.45694,4.29388800000004
116.463043,4.29333200000008
116.468597,4.29472199999998
116.525818,4.317499
116.529427,4.32111100000009
116.5336,4.33083200000004
116.641937,4.33472200000006
116.688766,4.33075000000002
116.836647,4.32999999999998
116.843048,4.33083200000004
116.876923,4.34527700000012
116.886383,4.34861000000001
116.891937,4.34999900000003
116.910538,4.35222099999999
116.924423,4.35222099999999
116.93692,4.35083200000003
117.043869,4.33694400000002
117.176651,4.33555500000006
117.189148,4.33555500000006
117.194427,4.33694400000002
117.201393,4.34388800000011
117.204163,4.3480550000001
117.211113,4.35444400000006
117.220833,4.35833299999996
117.226379,4.35916500000008
117.239433,4.35833299999996
117.24971,4.35499900000002
117.253883,4.352777
117.398331,4.25805500000013
117.405258,4.25111100000004
117.410812,4.24249800000007
117.420258,4.22472100000005
117.424423,4.21472199999994
117.435532,4.19888800000007
117.443314,4.19277700000004
117.452766,4.18861000000004
117.47554,4.18361000000004
117.497757,4.17888700000003
117.52887,4.17527699999999
117.592056,4.16981800000002
117.545532,4.14111000000003
117.492752,4.12472100000008
117.402481,4.15055500000011
117.392761,4.13972199999995
117.392761,4.10749900000013
117.397774,4.09861000000006
117.405258,4.09249899999998
117.415543,4.08916600000009
117.4711,4.07611100000008
117.545532,4.01999999999998
117.623871,3.94694400000003
117.56694,3.93388800000002
117.561371,3.93527699999999
117.549149,3.936666
117.535263,3.936666
117.524429,3.93388800000002
117.520264,3.9311110000001
117.521103,3.92777700000011
117.61499,3.87777700000004
117.619713,3.87583299999994
117.625259,3.87444399999998
117.637497,3.87305500000014
117.64444,3.87305500000014
117.662773,3.87527699999998
117.676651,3.87527699999998
117.694977,3.87305500000014
117.705261,3.86972100000014
117.712769,3.86361099999999
117.782211,3.78888799999999
117.785637,3.77883000000003
117.783119,3.76921799999997
117.770073,3.73671700000006
117.790901,3.7328270000001
117.829987,3.72194400000006
117.832764,3.71777700000007
117.832764,3.71111100000007
117.830833,3.70638800000006
117.828049,3.70222200000001
117.760269,3.63916600000005
117.750549,3.63527699999997
117.698593,3.62694400000009
117.515549,3.61388899999992
117.35582,3.63666599999999
117.176933,3.64805499999994
117.163879,3.64750000000004
117.076393,3.64333300000004
117.069992,3.64277700000008
117.064697,3.64138800000006
117.054977,3.63722199999995
117.050812,3.63444399999997
117.045532,3.62638800000008
117.032494,3.60444400000006
117.030273,3.59972100000005
117.030273,3.59416599999997
117.054428,3.60444400000006
117.0811,3.61194399999994
117.097488,3.6161110000001
117.108597,3.6186100000001
117.124153,3.620833
117.199707,3.61805500000003
117.204437,3.6161110000001
117.207764,3.61250000000013
117.209152,3.60722200000004
117.208603,3.59416599999997
117.203598,3.57166599999994
117.203049,3.56527699999998
117.203049,3.55166600000001
117.204987,3.54000000000002
117.212769,3.52027799999996
117.222763,3.50305500000013
117.233871,3.49277700000005
117.241364,3.48666599999996
117.320831,3.4361100000001
117.325821,3.43555500000002
117.351646,3.44222200000007
117.392761,3.444999
117.399147,3.444166
117.440811,3.434166
117.444138,3.43055500000003
117.447746,3.42027800000005
117.447746,3.41361000000006
117.443588,3.38333299999994
117.438873,3.36777699999999
117.433319,3.35944400000011
117.35582,3.27666599999992
117.31192,3.24527699999999
117.283333,3.26166599999999
117.27832,3.26361100000014
117.273041,3.26361100000014
117.267487,3.26222199999995
117.263321,3.25972200000007
117.259987,3.25611100000009
117.260536,3.25138899999996
117.273041,3.22277699999995
117.275818,3.21860999999996
117.279709,3.21583300000009
117.345543,3.17805499999997
117.461929,3.15777700000012
117.61554,3.09138800000011
117.619713,3.08861100000001
117.622482,3.08444400000002
117.688873,2.97166600000008
117.690262,2.96611100000001
117.68692,2.96250000000003
117.672493,2.87444399999998
117.671654,2.80111100000005
117.718323,2.79305499999998
117.73082,2.79083300000002
117.758881,2.77777700000013
117.766937,2.77249999999992
117.777206,2.76222200000007
117.788307,2.74583300000012
117.790268,2.74083300000012
117.793869,2.72388799999999
117.794983,2.684166
117.797211,2.66555500000004
117.800537,2.64777799999996
117.806091,2.63277700000009
117.810806,2.62388800000002
117.816383,2.61555499999997
117.838882,2.59027700000013
117.877472,2.55277700000011
117.944427,2.48888799999997
117.955551,2.479444
117.998032,2.43972200000002
118.054703,2.373333
118.091927,2.31444400000004
118.096649,2.30555500000014
118.098602,2.30083300000007
118.098602,2.295278
118.096649,2.27666599999998
118.091927,2.26777700000008
118.076103,2.24249900000001
118.070541,2.23444400000005
118.061096,2.22333299999997
117.939148,2.11638800000009
117.904709,2.08083300000004
117.846649,2.10500000000002
117.835541,2.10750000000007
117.828598,2.10750000000007
117.825821,2.103611
117.827209,2.09805499999999
117.842484,2.08555499999994
117.856171,2.07906400000007
117.868317,2.03777700000006
117.863602,1.91111100000001
117.871918,1.87666700000005
117.914993,1.82694400000003
117.921921,1.81999999999994
118.051376,1.73083299999996
118.121368,1.65972200000004
118.134987,1.64611100000008
118.274696,1.55972200000014
118.287773,1.55222200000003
118.419983,1.47750000000013
118.448868,1.40222200000005
118.450821,1.39722200000006
118.453598,1.39333299999998
118.524147,1.36388900000003
118.529709,1.36250000000001
118.541931,1.36388900000003
118.557747,1.3686110000001
118.564697,1.3686110000001
118.576393,1.36638900000014
118.595543,1.35833300000007
118.716927,1.255
118.771652,1.20694400000002
118.77832,1.19999999999999
118.783333,1.19111100000009
118.783867,1.185
118.781937,1.1802780000001
118.77916,1.17611100000011
118.795532,1.15000000000009
118.839432,1.09805500000004
118.904427,1.06972200000001
118.909416,1.07194400000003
118.922493,1.07249999999999
118.953873,1.06305500000013
118.994431,1.04861099999999
119.005257,1.03916600000008
119.004822,0.994980000000055
119.00943,0.986944000000051
119.008614,0.980833000000132
119.004707,0.971111000000064
118.999153,0.963054999999997
118.976646,0.937499999999943
118.945534,0.906667000000027
118.934708,0.897221999999942
118.81694,0.809443999999985
118.808029,0.804167000000007
118.79776,0.800554999999918
118.791367,0.800000000000011
118.779984,0.800554999999918
118.774429,0.801944000000105
118.764709,0.806111000000101
118.756653,0.811667000000057
118.743591,0.819166999999993
118.695534,0.839721999999995
118.690811,0.841667000000029
118.679703,0.844444000000067
118.673599,0.845000000000084
118.660538,0.844444000000067
118.648331,0.843055000000106
118.642761,0.841667000000029
118.50499,0.828611000000137
118.343872,0.843055000000106
118.187759,0.871943999999928
118.165817,0.877222000000017
118.129433,0.888889000000063
118.11026,0.897221999999942
118.097214,0.904722000000049
118.071381,0.919721999999979
118.063026,0.925277999999992
118.030823,0.961667000000091
118.025269,0.97666700000002
118.014999,1.00749999999999
117.99942,1.05333300000007
117.995247,1.06305500000013
117.989151,1.07055500000001
117.955551,1.09861100000001
117.951393,1.10138900000004
117.911652,1.12333300000006
117.904709,1.12333300000006
117.899147,1.12194400000004
117.89444,1.11972200000008
117.891663,1.11583300000001
117.888321,1.10472200000009
117.890266,1.09444400000007
117.892487,1.08972199999994
117.900543,1.07749999999999
117.931374,1.03277800000001
117.985527,0.936389000000077
118.02887,0.856110999999999
118.030823,0.851389000000097
118.0336,0.840278000000012
118.036377,0.822500000000048
118.034988,0.810278000000096
118.030823,0.800554999999918
118.021927,0.788888999999926
118.013046,0.784167000000025
118,0.784721999999988
117.983597,0.788888999999926
117.978867,0.790833000000021
117.974701,0.793611000000055
117.960823,0.807500000000061
117.958328,0.811667000000057
117.951927,0.819166999999993
117.945251,0.825832999999932
117.93692,0.831389000000115
117.9272,0.835554999999999
117.916382,0.838333000000034
117.90332,0.837500000000034
117.834717,0.818333000000052
117.815536,0.810278000000096
117.80748,0.804722000000083
117.796371,0.795000000000016
117.742203,0.739722000000086
117.734154,0.727221999999983
117.721649,0.697778000000085
117.720543,0.692222000000072
117.720543,0.673054999999977
117.721649,0.667500000000075
117.721649,0.653889000000106
117.720543,0.641666999999927
117.621643,0.436667000000057
117.571114,0.399721999999997
117.56749,0.396389000000056
117.558594,0.377777999999921
117.522491,0.297500000000014
117.481369,0.175000000000068
117.467484,0.103611000000058
117.473602,0.0755560000001196
117.492752,0.0316670000001409
117.505829,0.024167000000034
117.518883,0.00972200000001067
117.521103,0.00500000000010914
117.52916,-0.0280559999999923
117.52916,-0.0347219999999879
117.527771,-0.0402780000000007
117.517487,-0.0574999999999477
117.505257,-0.0724999999999909
117.494141,-0.0819439999999645
117.483871,-0.0924999999999727
117.479156,-0.101111000000003
117.46138,-0.144999999999982
117.459991,-0.150555999999995
117.459991,-0.164166999999964
117.46138,-0.176667000000009
117.443588,-0.21777800000001
117.436096,-0.237499999999955
117.434708,-0.243056000000024
117.433868,-0.256110999999919
117.436096,-0.267777999999964
117.465553,-0.334166999999923
117.4711,-0.342499999999973
117.455833,-0.434166999999945
117.441818,-0.523909999999887
117.444977,-0.524721999999997
117.450546,-0.523332999999923
117.511383,-0.481667000000016
117.526382,-0.469167000000027
117.593597,-0.426666999999952
117.608032,-0.420555999999976
117.619713,-0.418610999999999
117.629967,-0.421943999999996
117.632751,-0.426110999999992
117.636108,-0.43638900000002
117.635536,-0.442499999999939
117.577209,-0.637778000000026
117.574432,-0.648610999999903
117.613602,-0.739166999999952
117.621643,-0.751389000000017
117.625259,-0.761944999999969
117.62442,-0.77472199999994
117.622482,-0.779721999999936
117.616928,-0.787778000000003
117.613602,-0.791388999999924
117.453873,-0.861943999999937
117.330551,-0.855000000000018
117.290009,-0.806389999999965
117.265854,-0.821646999999984
117.257767,-0.868055000000027
117.177757,-0.962499999999977
117.144707,-1.00499999999994
117.128311,-1.02972199999999
117.073608,-1.11277799999999
117.030273,-1.18999999999988
117.026382,-1.19944400000003
117.019989,-1.207222
117.00444,-1.21888899999999
116.995529,-1.22361099999989
116.923599,-1.25444499999998
116.885818,-1.26472199999995
116.829712,-1.27694500000001
116.824158,-1.27694500000001
116.818604,-1.27555599999994
116.815262,-1.27222199999994
116.741089,-1.1058329999999
116.74054,-1.09972199999999
116.741089,-1.09333299999992
116.742477,-1.08111100000002
116.743874,-1.07555599999995
116.75,-1.05444499999993
116.752213,-1.04944399999994
116.75499,-1.04555599999986
116.758881,-1.03583299999997
116.758881,-1.02916699999997
116.756943,-1.02416699999998
116.752777,-1.021389
116.748032,-1.022222
116.743317,-1.02416699999998
116.737198,-1.03166699999997
116.732208,-1.04055599999998
116.728317,-1.05027799999993
116.718597,-1.08194400000002
116.712486,-1.10305499999998
116.710274,-1.11472199999997
116.710274,-1.12138900000002
116.711647,-1.13249999999999
116.713882,-1.13583299999999
116.722763,-1.14749999999998
116.729431,-1.15444399999996
116.745247,-1.166111
116.752213,-1.17277799999999
116.75499,-1.17694399999999
116.787773,-1.248333
116.787201,-1.25444499999998
116.765266,-1.34888899999993
116.761108,-1.35916700000001
116.755547,-1.36750000000001
116.742477,-1.375
116.684982,-1.39361100000002
116.642487,-1.40583299999992
116.628036,-1.41194400000001
116.623306,-1.41416699999996
116.614433,-1.41888899999998
116.593872,-1.4325
116.558319,-1.45861099999996
116.54248,-1.47027800000001
116.535538,-1.47722199999993
116.532761,-1.481111
116.530823,-1.48611099999999
116.530823,-1.49972199999996
116.531372,-1.50583299999994
116.536926,-1.52777799999996
116.54248,-1.54277799999994
116.548027,-1.55111099999999
116.561096,-1.564167
116.564987,-1.57361100000003
116.564423,-1.58666699999992
116.563026,-1.59222199999999
116.558868,-1.60166699999996
116.550537,-1.61472199999997
116.539703,-1.62444399999993
116.522491,-1.63472200000001
116.402771,-1.67916699999989
116.306641,-1.72638899999998
116.225807,-1.77583299999992
116.222488,-1.77916699999992
116.221649,-1.78527800000001
116.227203,-1.793611
116.234154,-1.80027799999988
116.246368,-1.80861099999993
116.256653,-1.81194399999993
116.262772,-1.81277799999992
116.269707,-1.81277799999992
116.281937,-1.81138900000002
116.287491,-1.80999999999995
116.301933,-1.80388900000003
116.310257,-1.79833299999996
116.323883,-1.78472199999999
116.336113,-1.77638899999994
116.383331,-1.76611100000002
116.396378,-1.76555599999995
116.402771,-1.76611100000002
116.425262,-1.77083299999993
116.443863,-1.77972199999999
116.446373,-1.78388899999999
116.447746,-1.789444
116.460274,-1.90999999999997
116.460274,-1.91694499999994
116.458038,-2.04500000000002
116.45665,-2.05027799999999
116.451393,-2.05861099999998
116.437477,-2.07222199999995
116.433594,-2.07499999999993
116.419144,-2.08111100000002
116.372482,-2.09611100000001
116.327209,-2.14749999999998
116.40416,-2.210556
116.408867,-2.21277799999996
116.414429,-2.21416699999997
116.420532,-2.21333399999997
116.434982,-2.207222
116.463608,-2.18805600000002
116.486923,-2.17694499999999
116.501862,-2.17159299999997
116.5186,-2.16750000000002
116.529984,-2.169445
116.602768,-2.18583299999995
116.604713,-2.19083299999994
116.605553,-2.19694399999992
116.605553,-2.210556
116.604156,-2.22972199999992
116.597214,-2.27083299999993
116.595261,-2.27555599999999
116.568604,-2.35916700000001
116.565811,-2.37027799999998
116.551933,-2.43861099999998
116.547211,-2.48166699999996
116.541092,-2.50305600000002
116.534149,-2.52361099999996
116.528053,-2.537778
116.516388,-2.55361099999999
116.513046,-2.55694399999999
116.504173,-2.56194399999998
116.485527,-2.56388899999996
116.479431,-2.56333399999994
116.474701,-2.56111099999998
116.472488,-2.55638899999997
116.4711,-2.55083300000001
116.469711,-2.538611
116.469711,-2.53166700000003
116.467209,-2.52083299999998
116.464432,-2.51666599999999
116.460823,-2.51333399999999
116.444427,-2.50222300000001
116.434982,-2.49805500000002
116.424698,-2.49472200000002
116.417763,-2.49472200000002
116.310257,-2.51472200000001
116.306091,-2.51749999999998
116.299713,-2.52499999999998
116.29776,-2.60916700000001
116.300537,-2.61333400000001
116.306091,-2.61444499999993
116.310806,-2.61250000000001
116.362198,-2.665277
116.37442,-2.82611099999997
116.373871,-2.84583300000003
116.371094,-2.856945
116.354713,-2.89527799999991
116.347214,-2.90833300000003
116.34166,-2.91638899999992
116.294434,-2.97861099999989
116.288307,-2.98611099999994
116.274429,-3
116.262207,-3.00805600000001
116.247757,-3.01416699999999
116.242203,-3.01555599999989
116.231934,-3.01222200000001
116.223877,-3.00666699999999
116.2211,-3.0025
116.218323,-2.99166700000001
116.215553,-2.96694400000001
116.214996,-2.95388899999995
116.212196,-2.93611099999998
116.2061,-2.92194499999999
116.151093,-2.82611099999997
116.141663,-2.815
116.137497,-2.815
116.131927,-2.82333399999999
116.109993,-2.92333400000001
116.110809,-2.93611099999998
116.121094,-2.97527700000001
116.177757,-3.05666699999995
116.210823,-3.085556
116.216377,-3.14277800000002
116.20665,-3.14694500000002
116.171654,-3.16555499999998
116.099274,-3.26515899999993
116.094147,-3.27416699999998
116.089432,-3.28305499999999
116.011383,-3.431667
116.007217,-3.44111099999998
116.005829,-3.45361100000002
116.00444,-3.48638899999986
116.002487,-3.5047229999999
115.997757,-3.53416700000002
115.989433,-3.57388900000001
115.983871,-3.58888899999999
115.975807,-3.60111099999995
115.968323,-3.60750000000002
115.964157,-3.61000000000001
115.953873,-3.61361099999999
115.9422,-3.61555599999991
115.903053,-3.61750000000001
115.883881,-3.61972199999997
115.854431,-3.62527799999998
115.839432,-3.63055599999996
115.834427,-3.63277799999997
115.826927,-3.63888899999995
115.813309,-3.65249999999992
115.804428,-3.66416599999997
115.783867,-3.68472200000002
115.772774,-3.69416699999999
115.761383,-3.70305499999989
115.748871,-3.71138899999994
115.73526,-3.71833299999992
115.548027,-3.79833400000001
115.378311,-3.86111099999994
115.317207,-3.88305500000001
115.286377,-3.89305499999989
115.174698,-3.93888899999996
115.02388,-4.002501
114.985527,-4.01888899999994
114.937477,-4.039444
114.92804,-4.043612
114.909416,-4.05249999999995
114.891663,-4.06194399999993
114.799713,-4.11944399999999
114.762772,-4.14416699999992
114.754707,-4.14944500000001
114.71138,-4.17472199999992
114.70665,-4.17694499999993
114.684708,-4.1825
114.640823,-4.18638800000002
114.635269,-4.184999
114.631363,-4.1825
114.62442,-4.17472199999992
114.616089,-4.16249999999997
114.611366,-4.14694500000002
114.608597,-4.12916699999994
114.608032,-4.08194399999996
114.607208,-3.90222199999994
114.607208,-3.71749999999992
114.608032,-3.70444399999997
114.608032,-3.68388900000002
114.607208,-3.67777799999993
114.601929,-3.65583299999997
114.593597,-3.63666699999993
114.581383,-3.61500000000001
114.522217,-3.536945
114.481087,-3.49861099999998
114.471649,-3.50277799999998
114.459991,-3.5047229999999
114.44136,-3.504167
114.436096,-3.50277799999998
114.426933,-3.49805500000002
114.374992,-3.46112099999993
114.318878,-3.44194399999998
114.303589,-3.43638799999997
114.294708,-3.431667
114.270264,-3.415277
114.209717,-3.38583299999999
114.102203,-3.35638899999998
114.032211,-3.36194499999988
113.873306,-3.44249999999994
113.85498,-3.45138900000001
113.824158,-3.46166699999998
113.777481,-3.46999999999997
113.748032,-3.47472199999999
113.717209,-3.47805499999998
113.682747,-3.47805499999998
113.671097,-3.47611099999995
113.656937,-3.46999999999997
113.638321,-3.46111100000002
113.620529,-3.45138900000001
113.613037,-3.44527799999997
113.61026,-3.44111099999998
113.608871,-3.43583299999989
113.608871,-3.42888899999997
113.61026,-3.42333400000001
113.624687,-3.38999999999999
113.634987,-3.35916699999996
113.637772,-3.34805499999999
113.641663,-3.31805599999996
113.641663,-3.25638900000001
113.63916,-3.23861099999999
113.632751,-3.21749999999997
113.626648,-3.20305500000001
113.61499,-3.18055600000002
113.608871,-3.17305599999997
113.602768,-3.17222199999998
113.50943,-3.17499999999995
113.475273,-3.18055600000002
113.465553,-3.18472200000002
113.458038,-3.190833
113.449142,-3.20916699999998
113.447197,-3.22083300000003
113.446373,-3.23388899999998
113.44165,-3.24277799999999
113.43692,-3.24472199999997
113.370529,-3.26138900000001
113.363602,-3.26138900000001
113.358597,-3.25916699999993
113.308029,-3.22972199999992
113.24498,-3.18333299999995
113.231369,-3.16944499999988
113.225807,-3.16138899999999
113.135269,-3.06694499999992
113.064697,-2.99388900000002
113.034714,-2.98972199999997
112.97554,-3.05388899999997
112.949707,-3.08277800000002
112.943588,-3.09694399999995
112.942749,-3.10333300000002
112.943588,-3.11611099999999
112.94693,-3.12722199999996
112.955261,-3.13944400000003
112.958603,-3.14277800000002
112.96666,-3.14833399999992
112.971649,-3.15055599999999
112.95166,-3.20722199999989
112.925537,-3.22166600000003
112.833878,-3.27555599999999
112.809143,-3.29194499999994
112.760117,-3.325244
112.695534,-3.36999999999995
112.688583,-3.37694499999992
112.678864,-3.38777799999991
112.673309,-3.39611099999996
112.66304,-3.40638899999993
112.651657,-3.415277
112.641937,-3.41916700000002
112.554977,-3.44583299999994
112.549423,-3.44722199999995
112.54248,-3.44722199999995
112.531662,-3.44472199999996
112.506943,-3.42833300000001
112.471367,-3.40222199999988
112.460274,-3.39277799999996
112.433594,-3.36444499999988
112.417213,-3.353611
112.367752,-3.33444500000002
112.332764,-3.32138899999995
112.305542,-3.3147219999999
112.293053,-3.313334
112.245819,-3.3138889999999
112.229431,-3.31805599999996
112.193039,-3.32972199999995
112.182747,-3.33305499999994
112.173866,-3.33777800000001
112.161652,-3.34611100000001
112.151382,-3.35638899999998
112.078049,-3.42694499999999
111.969711,-3.53083299999992
111.948593,-3.55055599999997
111.913597,-3.57055600000001
111.902481,-3.57333399999999
111.896378,-3.57388900000001
111.889427,-3.57388900000001
111.867477,-3.56833399999999
111.808029,-3.540278
111.803864,-3.53750000000002
111.804428,-3.52472199999994
111.812759,-3.5055559999999
111.820267,-3.49250000000001
111.832764,-3.45694400000002
111.840271,-3.43027799999999
111.84166,-3.42472199999992
111.843597,-3.40638899999993
111.843048,-3.37972200000002
111.84166,-3.36722200000003
111.838882,-3.34944400000001
111.83194,-3.308333
111.828598,-3.29138899999987
111.824997,-3.27416699999998
111.816093,-3.19416699999999
111.816093,-3.14638899999994
111.819717,-3.129167
111.824997,-3.11416700000001
111.83194,-3.0869449999999
111.832764,-3.080556
111.832764,-3.06694499999992
111.830551,-3.04166700000002
111.825821,-3.02583299999998
111.810806,-2.999166
111.802467,-2.98694499999993
111.794144,-2.97444400000001
111.76416,-2.92250000000001
111.756653,-2.90944399999995
111.751938,-2.90055599999999
111.729713,-2.811666
111.728592,-2.80611099999993
111.728592,-2.79944499999993
111.731087,-2.78833299999997
111.738037,-2.774722
111.752487,-2.75472299999996
111.75444,-2.74999999999989
111.75444,-2.74388899999997
111.74971,-2.74194399999999
111.74498,-2.74388899999997
111.728592,-2.75472299999996
111.71138,-2.77194500000002
111.70665,-2.78083299999997
111.702477,-2.79055599999998
111.68248,-2.88416699999999
111.699707,-2.92722199999992
111.703873,-2.93000000000001
111.705833,-2.935
111.703873,-2.93972199999996
111.701103,-2.94388899999996
111.692749,-2.94916599999993
111.588043,-3.00888900000001
111.579163,-3.01361099999997
111.559982,-3.02166699999998
111.550262,-3.02444499999996
111.544144,-3.02388899999994
111.539429,-3.02166699999998
111.535812,-3.01833299999998
111.526932,-3.00666699999999
111.518883,-2.98749999999995
111.509163,-2.96972199999999
111.500267,-2.958055
111.489967,-2.94805499999995
111.481659,-2.94249999999988
111.467484,-2.93611099999998
111.451103,-2.93222199999991
111.426933,-2.92861099999999
111.335823,-2.921111
111.324158,-2.92333400000001
111.304977,-2.93138899999991
111.23027,-2.96638899999999
111.168053,-3
111.160538,-3.00611099999998
111.14888,-3.01555599999989
111.140549,-3.02111099999996
111.07193,-3.06222199999996
111.063026,-3.06694499999992
111.039146,-3.07722200000001
110.962486,-3.09638899999999
110.950821,-3.09833299999997
110.923866,-3.09777799999995
110.906937,-3.09444399999995
110.758881,-3.03555599999993
110.754707,-3.03277800000001
110.751938,-3.02861100000001
110.751938,-3.02166699999998
110.756104,-3.01222200000001
110.766937,-2.995833
110.776093,-2.98416699999996
110.789703,-2.97055499999999
110.79776,-2.96499999999992
110.821114,-2.95388899999995
110.831383,-2.95055599999995
110.869713,-2.94111099999998
110.879967,-2.93777799999998
110.963043,-2.90416699999997
110.966377,-2.90055599999999
110.967201,-2.89443399999999
110.964996,-2.88972200000001
110.960274,-2.88777800000003
110.954163,-2.88694500000003
110.933594,-2.88694500000003
110.914429,-2.88833299999999
110.909714,-2.89027800000002
110.802757,-2.94111099999998
110.789703,-2.94861100000003
110.779427,-2.958889
110.751389,-2.99222200000003
110.734993,-3.01777799999996
110.724701,-3.04166700000002
110.718323,-3.0491669999999
110.708038,-3.05944399999998
110.699997,-3.06499999999994
110.679428,-3.07861100000002
110.669144,-3.08194400000002
110.66304,-3.081389
110.65332,-3.07722200000001
110.641098,-3.06888900000001
110.621643,-3.05388899999997
110.619713,-3.0491669999999
110.619713,-3.043612
110.623871,-3.04083300000002
110.630814,-3.04083300000002
110.639709,-3.03611100000001
110.642487,-3.03194400000001
110.643883,-3.02666699999986
110.643883,-3.01972199999994
110.643051,-3.01361099999997
110.616928,-2.91972199999992
110.613602,-2.90944399999995
110.606644,-2.89583299999998
110.598602,-2.88361099999992
110.594994,-2.87999999999994
110.586113,-2.87527799999992
110.569717,-2.87111099999987
110.551086,-2.86916599999995
110.537491,-2.86916599999995
110.508041,-2.87388900000002
110.487488,-2.88083299999994
110.360809,-2.94916599999993
110.352478,-2.95472199999995
110.329987,-2.97305499999999
110.32222,-2.97944399999989
110.305252,-2.99638900000002
110.286652,-3.01222200000001
110.282494,-3.01499999999999
110.277206,-3.01499999999999
110.261932,-3.0025
110.244141,-2.98611099999994
110.237488,-2.97944399999989
110.231934,-2.97111100000001
110.205833,-2.90138899999999
110.209152,-2.89111100000002
110.211929,-2.88694500000003
110.217484,-2.87888900000002
110.227768,-2.86166699999995
110.246368,-2.81861099999998
110.248322,-2.80694399999993
110.248322,-2.79305599999998
110.246933,-2.78777799999989
110.241364,-2.77944400000001
110.227829,-2.76450199999994
110.224991,-2.709722
110.19693,-2.50777799999992
110.139977,-2.29694499999994
110.136658,-2.28666699999997
110.132477,-2.27694500000001
110.12442,-2.26472199999995
110.099716,-2.248333
110.0961,-2.24472199999991
110.094711,-2.23944399999999
110.094711,-2.23250000000002
110.095543,-2.18388899999997
110.096939,-2.1716669999999
110.101646,-2.15583299999992
110.111923,-2.13194399999998
110.12442,-2.08944400000001
110.125809,-2.083889
110.127762,-2.06527799999998
110.127762,-2.05861099999998
110.125809,-2.04694499999999
110.1147,-2.01611099999991
110.09137,-1.95638899999994
110.085274,-1.94222200000002
110.071663,-1.92833300000001
110.063873,-1.92222199999986
110.045532,-1.91333299999997
110,-1.89458599999995
109.96666,-1.88194499999997
109.948868,-1.87222199999997
109.936371,-1.86416700000001
109.912491,-1.83999999999997
109.903587,-1.82833399999998
109.905823,-1.793612
109.906372,-1.78749999999991
109.907761,-1.78194500000001
109.910538,-1.77777800000001
109.918587,-1.77222299999994
109.928307,-1.76805599999994
109.933868,-1.76694500000002
109.948318,-1.76055599999995
109.957207,-1.75583399999999
109.977768,-1.74222300000002
109.981659,-1.73944499999993
109.991928,-1.72916700000002
110,-1.71732699999995
110.013321,-1.69555500000001
110.031937,-1.65944400000001
110.036652,-1.64361099999996
110.069443,-1.46555499999994
110.070831,-1.39694500000002
110.070831,-1.38999999999993
110.070267,-1.37694499999998
110.068047,-1.36527799999999
110.057747,-1.333889
110.051086,-1.32027799999992
110.045532,-1.31194399999987
110.031097,-1.29888899999997
110.007217,-1.28166700000003
109.918053,-1.1825
109.872208,-1.09138899999994
109.729713,-0.953610999999967
109.679703,-0.983054999999922
109.674149,-0.984443999999996
109.650818,-0.973611000000005
109.614433,-0.956389000000001
109.591927,-0.914721999999983
109.589706,-0.909721999999988
109.578873,-0.893332999999927
109.57193,-0.886388999999951
109.559708,-0.878332999999998
109.549988,-0.874167
109.469994,-0.85166700000002
109.445251,-0.848888999999986
109.438309,-0.848888999999986
109.426086,-0.850277999999946
109.420532,-0.85166700000002
109.415817,-0.854167000000018
109.412201,-0.857777999999939
109.410812,-0.863054999999918
109.412201,-0.868610999999987
109.414429,-0.873610999999983
109.417213,-0.877499999999998
109.420532,-0.887778000000026
109.420532,-0.894721999999945
109.417213,-0.904999999999916
109.414429,-0.909166999999911
109.410263,-0.912499999999909
109.405548,-0.914721999999983
109.395264,-0.918055999999979
109.388321,-0.918055999999979
109.376648,-0.916111000000001
109.290268,-0.878332999999998
109.279984,-0.868055000000027
109.272491,-0.855000000000018
109.270538,-0.850277999999946
109.267761,-0.839166999999975
109.247208,-0.709166999999923
109.247757,-0.689166999999998
109.250549,-0.678333000000009
109.252777,-0.673333000000014
109.255547,-0.669443999999942
109.25943,-0.666667000000018
109.264999,-0.667777999999942
109.471916,-0.744722000000024
109.477478,-0.74333299999995
109.486923,-0.739166999999952
109.514427,-0.726944000000003
109.418587,-0.614443999999992
109.414993,-0.611110999999994
109.406097,-0.605555999999979
109.371094,-0.58583299999998
109.366379,-0.583610999999962
109.360809,-0.582221999999945
109.354156,-0.582221999999945
109.286926,-0.58638899999994
109.275818,-0.589166999999861
109.266388,-0.593332999999916
109.260818,-0.594721999999933
109.170258,-0.561667
109.162201,-0.55611099999993
109.151093,-0.546666999999957
109.14444,-0.539721999999983
109.138321,-0.53222199999999
109.12442,-0.511666999999932
109.120247,-0.502221999999961
109.099716,-0.39916699999992
109.046944,-0.261666999999989
109.043053,-0.251943999999924
109.042213,-0.245832999999948
109.043053,-0.239721999999972
109.044983,-0.234999999999957
109.053307,-0.222500000000025
109.059982,-0.215555999999992
109.064148,-0.213055999999938
109.068878,-0.210832999999923
109.074432,-0.209444000000019
109.108871,-0.205278000000021
109.11499,-0.204721999999947
109.175812,-0.21222199999994
109.194427,-0.199166999999989
109.19104,-0.132771999999989
109.17804,0.0311110000001236
109.165543,0.106389000000036
109.121643,0.207222000000002
109.116928,0.216111000000069
109.099152,0.239444000000105
109.078598,0.260000000000048
109.064148,0.273611000000017
109.053307,0.283333000000084
109.040817,0.291388999999981
109.036102,0.293610999999942
109.030548,0.29500000000013
109.006104,0.297500000000014
108.986099,0.298333000000014
108.973038,0.297500000000014
108.952477,0.297500000000014
108.934708,0.300278000000048
108.925812,0.305277999999987
108.919708,0.312778000000094
108.91748,0.317499999999995
108.915543,0.329167000000041
108.916092,0.33527800000013
108.920258,0.351667000000077
108.935257,0.384722000000011
108.938026,0.388611000000083
108.944977,0.402499999999975
108.94693,0.407222000000047
108.947746,0.413333000000137
108.94693,0.426388999999972
108.931931,0.60861100000011
108.921654,0.646388999999999
108.888893,0.758055000000127
108.88472,0.767778000000078
108.875809,0.779444000000069
108.858597,0.796389000000033
108.84549,0.810562000000118
108.846367,0.822500000000048
108.848328,0.82722200000012
108.853867,0.835554999999999
108.891373,0.866389000000026
108.896378,0.868333000000121
108.909416,0.867778000000044
108.921654,0.869166000000121
108.925812,0.871943999999928
108.943039,0.888889000000063
108.962196,0.910833000000139
108.970261,0.923333000000014
108.978592,0.942499999999939
108.984711,0.963611000000014
108.984711,0.977221999999983
108.982758,0.995833000000118
108.97998,1.00666699999999
108.974426,1.02194400000013
108.959991,1.05555500000003
108.958603,1.17666600000001
109.064987,1.20138899999995
109.081383,1.20555500000006
109.095833,1.21166599999992
109.155258,1.25555500000013
109.162201,1.26222200000001
109.174423,1.27750000000003
109.264999,1.39333299999998
109.262207,1.39583300000004
109.243591,1.40500000000003
109.235527,1.39944400000002
109.228592,1.39249999999998
109.173866,1.32416700000005
109.165543,1.31166600000006
109.149719,1.27944399999996
109.1436,1.26499999999999
109.136108,1.25888900000012
109.059418,1.21916600000003
109.054703,1.21722200000011
109.048317,1.21638800000005
108.981934,1.21166599999992
108.980553,1.21722200000011
108.981369,1.22333300000003
108.982758,1.22888899999998
108.986649,1.23833299999995
108.998268,1.25833300000011
109.007217,1.27250000000009
109.010818,1.27611100000007
109.025269,1.29583300000013
109.040268,1.32194399999997
109.056091,1.35416700000013
109.059982,1.36388900000003
109.061371,1.36916600000001
109.062759,1.38166600000011
109.062759,1.42277700000005
109.060806,1.44111100000003
109.058594,1.459722
109.058029,1.49333300000006
109.059418,1.51250000000005
109.062187,1.52333300000004
109.06694,1.5322220000001
109.075272,1.54472199999998
109.078598,1.54805500000003
109.093597,1.5602780000001
109.105263,1.56916600000011
109.146378,1.59666700000002
109.158867,1.60500000000008
109.171921,1.61250000000001
109.200546,1.62472200000013
109.209427,1.63027799999992
109.22998,1.64388900000012
109.236923,1.65083299999998
109.263046,1.6794440000001
109.274696,1.69527700000009
109.282761,1.70833299999993
109.331383,1.79111100000011
109.334991,1.81527800000003
109.337486,1.88499999999999
109.336929,1.89111100000002
109.439697,1.9541660000001
109.57193,1.98583300000007
109.576103,1.98833300000001
109.583603,1.99472199999997
109.648567,2.07340900000003
109.630814,2.03166599999997
109.548027,1.90972199999999
109.546654,1.90416600000003
109.563873,1.83361100000008
109.582207,1.80416700000001
109.585541,1.80083300000001
109.593872,1.79527800000011
109.603592,1.79111100000011
109.615807,1.78916600000014
109.667213,1.70638800000012
109.667213,1.62416599999995
109.667763,1.61777800000004
109.669983,1.61305500000009
109.698868,1.58027800000008
109.711647,1.565833
109.721916,1.55555500000014
109.739967,1.53916599999997
109.824707,1.46861100000007
109.931664,1.40694400000012
109.979713,1.31721800000008
109.985413,1.30187899999993
109.994377,1.29045600000001
109.997726,1.28684100000004
110.071663,1.22000000000008
110.083878,1.21166599999992
110.101089,1.20138899999995
110.11554,1.19527699999998
110.137207,1.18972200000007
110.155823,1.18777799999998
110.169434,1.18777799999998
110.181931,1.18638800000008
110.187187,1.185
110.198868,1.17611100000011
110.332489,1.00194399999998
110.459991,0.902778000000126
110.519707,0.866389000000026
110.524429,0.864166000000125
110.544434,0.856666999999959
110.555252,0.853888999999981
110.574432,0.852778000000058
110.598602,0.856110999999999
110.701927,0.878055000000018
110.806091,0.906667000000027
110.809708,0.910278000000005
110.812187,0.914444000000117
110.813026,0.920554999999979
110.813026,0.934167000000059
110.815811,0.945277999999917
110.818604,0.949167000000045
110.82193,0.952778000000023
110.885536,1.00555499999996
110.90416,1.01444400000003
110.909714,1.01583300000004
110.941093,1.01861100000002
110.994713,1.02000000000004
111.006943,1.02111100000013
111.024147,1.02472200000011
111.192467,1.06166600000012
111.198029,1.06305500000013
111.211929,1.06972200000001
111.258331,1.06722200000013
111.311096,1.044444
111.394707,1.01166699999999
111.406372,1.00888899999995
111.419434,1.00805500000007
111.562759,0.999166000000002
111.56749,1.00138900000007
111.635269,1.02944400000001
111.655258,1.03694400000006
111.666931,1.03916600000008
111.672211,1.037778
111.681931,1.03361100000001
111.700272,1.02472200000011
111.724426,1.01166699999999
111.732758,1.00611099999998
111.79776,0.993889000000024
111.809982,0.995277999999985
111.827209,0.998611000000096
111.845833,1.00749999999999
111.856644,1.01694400000014
111.863602,1.02388900000011
111.873871,1.04111100000006
111.879967,1.05555500000003
111.889427,1.07388900000001
111.893051,1.07749999999999
111.94165,1.12472200000008
111.949707,1.12999999999994
111.954712,1.13222200000013
111.965553,1.13499999999993
111.983322,1.13777800000014
112.041656,1.13416600000005
112.055252,1.13416600000005
112.074432,1.13555500000001
112.110809,1.14055500000001
112.127197,1.14444400000008
112.131363,1.14722200000011
112.134163,1.15138900000011
112.136108,1.15611100000001
112.212196,1.373333
112.213608,1.37888900000002
112.214996,1.39111100000014
112.214432,1.39722200000006
112.212196,1.40222200000005
112.207489,1.40416599999992
112.195251,1.40277700000013
112.188309,1.40277700000013
112.183594,1.40500000000003
112.180817,1.4088890000001
112.180817,1.41583300000002
112.184708,1.42527699999999
112.198029,1.44666600000011
112.204712,1.45361100000008
112.309708,1.49944399999998
112.472763,1.56805500000002
112.49054,1.57055500000007
112.5,1.57055500000007
112.504173,1.57055500000007
112.680267,1.56305500000002
112.881088,1.58833300000003
112.887207,1.58777800000013
112.976929,1.57750000000004
112.99971,1.57277799999997
113.038589,1.55694399999993
113.054428,1.54527799999994
113.057213,1.541111
113.059143,1.5363890000001
113.126373,1.43166599999995
113.34082,1.36527800000005
113.355263,1.35888900000003
113.363602,1.35361099999994
113.37442,1.3438890000001
113.4561,1.28833300000002
113.586929,1.28361100000012
113.616379,1.25138900000002
113.629967,1.23777699999999
113.642487,1.22944400000006
113.651932,1.22527700000012
113.658333,1.22472199999999
113.66304,1.22666600000008
113.786377,1.30194399999999
113.794434,1.3075
113.842484,1.34861100000001
113.865257,1.374166
113.876083,1.39055499999995
113.884987,1.40222200000005
113.891098,1.4097220000001
113.918053,1.43777799999992
113.925537,1.44388900000001
113.930817,1.44527699999992
113.968597,1.44861100000008
113.987198,1.4508330000001
114.00499,1.45361100000008
114.0336,1.458889
114.084396,1.46999299999999
114.228867,1.44250000000005
114.233871,1.44472200000001
114.290817,1.47000000000003
114.389427,1.50833300000005
114.401657,1.50972200000007
114.413307,1.50777799999997
114.424423,1.50472200000007
114.443588,1.496666
114.452477,1.4919440000001
114.473602,1.47888899999992
114.477768,1.47611100000012
114.488586,1.46638799999999
114.496094,1.46027799999996
114.511383,1.44805500000012
114.533333,1.43555500000002
114.543587,1.43222200000014
114.557213,1.43222200000014
114.562759,1.43361099999998
114.572487,1.43777799999992
114.580551,1.44333300000005
114.587486,1.4500000000001
114.590271,1.45416599999999
114.674423,1.6425000000001
114.710823,1.770555
114.783333,1.86388899999992
114.844711,1.89166599999999
114.853043,1.89722200000011
114.859993,1.90416600000003
114.861923,1.91527700000006
114.872482,2.00777800000003
114.872482,2.02027800000008
114.868317,2.04388900000004
114.866928,2.04527800000005
114.861366,2.04722199999998
114.855263,2.04805499999998
114.848877,2.04722199999998
114.839157,2.04388900000004
114.800537,2.06472200000002
114.776382,2.14666699999998
114.776382,2.15361100000007
114.778587,2.16555499999993
114.790817,2.21416600000003
114.792213,2.21944400000007
114.804703,2.24888800000002
114.810257,2.25722200000001
114.817207,2.26416600000005
114.870247,2.27944400000013
114.875809,2.27944400000013
114.900818,2.27666599999998
114.907761,2.27666599999998
114.929703,2.2822220000001
114.939423,2.28555500000004
114.947746,2.291111
114.950546,2.295278
115.001663,2.36055500000003
115.09082,2.42250000000007
115.187477,2.48305499999998
115.203873,2.48722199999997
115.213608,2.49138800000009
115.217758,2.49416600000006
115.23082,2.50805500000013
115.237198,2.52249999999998
115.237198,2.52888800000005
115.234993,2.53361100000006
115.199142,2.58305500000012
115.185257,2.59694400000001
115.172211,2.60444400000006
115.166656,2.60583300000008
115.136383,2.61222200000003
115.130814,2.61083300000007
115.126648,2.60861100000005
115.119713,2.60249900000008
115.110809,2.59749900000008
115.104431,2.59694400000001
115.098328,2.59749900000008
115.092758,2.5997210000001
115.088593,2.60249900000008
115.083054,2.61083300000007
115.081673,2.61638799999997
115.118317,2.85111100000012
115.139709,2.90611000000007
115.148613,2.91861100000006
115.155548,2.92555499999997
115.24971,3.01083299999999
115.301376,3.01638800000012
115.305542,3.00666700000011
115.310257,2.99777699999999
115.315811,2.98916599999995
115.320831,2.98638799999998
115.375259,2.99138799999997
115.380814,2.99222200000008
115.487198,3.02750000000009
115.495529,3.04000000000013
115.498871,3.05027700000011
115.528587,3.17611100000005
115.514709,3.18222200000014
115.511383,3.18583299999995
115.509987,3.19833300000005
115.511932,3.21000000000009
115.529984,3.30166600000007
115.534149,3.31833300000011
115.538879,3.33361099999996
115.553307,3.37388800000008
115.558868,3.3891660000001
115.570831,3.41777799999994
115.576393,3.42611100000005
115.5811,3.42805499999992
115.587196,3.42888799999992
115.596939,3.42472200000003
115.606087,3.41972200000004
115.612762,3.41972200000004
115.618317,3.42111100000005
115.626648,3.42666600000013
115.628036,3.43222200000008
115.628036,3.439166
115.626083,3.45777800000002
115.601929,3.53916600000014
115.578873,3.585555
115.574158,3.59472199999999
115.571381,3.61277699999994
115.571381,3.666111
115.576927,3.70861099999996
115.585274,3.74166600000007
115.616379,3.85416700000002
115.662491,4.0783330000001
115.661102,4.09777700000006
115.659714,4.10859599999992
115.681374,4.16277700000006
115.685257,4.17194400000005
115.690811,4.18027699999993
115.761383,4.23972099999997
115.770264,4.24472099999997
115.85054,4.32166599999999
115.854713,4.33833199999992
115.856644,4.34305500000011
115.859421,4.34749900000008
115.872482,4.36111000000005
115.880814,4.36666600000007
115.886383,4.36805399999997
115.892487,4.36888800000003
115.976089,4.34305500000011
115.986649,4.33972200000005
116.000267,4.33277700000002
116.008041,4.32722199999995
116.028053,4.30638800000008
116.029984,4.30166500000013
116.032761,4.29749900000002
116.045822,4.28277700000001
116.049423,4.27944400000007
