"V1","V2"
-42.050835,-2.76166699999993
-42.0569459999999,-2.76222199999995
-42.076118,-2.76027800000003
-42.183891,-2.68222200000002
-42.184448,-2.67749999999995
-42.179726,-2.67555599999997
-42.172783,-2.67555599999997
-42.098061,-2.67944499999993
-42.075005,-2.68416699999995
-42.06945,-2.68583299999995
-42.041389,-2.71249999999998
-42.03334,-2.72361099999995
-42.026947,-2.74444499999998
-42.029724,-2.748333
-42.041672,-2.75694499999997
-42.045837,-2.75972199999995
-42.050835,-2.76166699999993
