"V1","V2"
-50.0072249999999,0.881667000000107
-50.0477829999999,0.811111000000096
-50.053894,0.803056000000083
-50.069168,0.78861100000006
-50.094452,0.770833000000096
-50.1108399999999,0.762499999999989
-50.128059,0.757222000000127
-50.136948,0.755000000000109
-50.1663889999999,0.749443999999983
-50.174446,0.748055000000136
-50.245003,0.744166999999948
-50.260284,0.746111000000042
-50.2677839999999,0.751667000000054
-50.2705609999999,0.760556000000122
-50.275841,0.806389000000024
-50.268616,0.821388999999954
-50.2402799999999,0.847499999999968
-50.224724,0.861110999999937
-50.208336,0.875
-50.200562,0.879166999999995
-50.1925049999999,0.881667000000107
-50.148251,0.886609000000078
-50.1227489999999,0.883644000000061
-50.0987279999999,0.873560999999995
-50.085976,0.870299000000102
-50.068481,0.87089200000014
-50.0388259999999,0.878009000000134
-50.013062,0.920277999999996
-50.008057,0.918888999999979
-50.004723,0.896944000000076
-50.0072249999999,0.881667000000107
