"V1","V2"
-149.211426,-17.7338909999999
-149.204163,-17.7344469999999
-149.191681,-17.733334
-149.187256,-17.730831
-149.181976,-17.729164
-149.17807,-17.732224
-149.174713,-17.7361149999999
-149.162231,-17.751392
-149.154724,-17.764446
-149.148926,-17.779449
-149.147827,-17.784451
-149.146393,-17.802223
-149.146973,-17.8091699999999
-149.152222,-17.833614
-149.157806,-17.849728
-149.165588,-17.863613
-149.174164,-17.869167
-149.179199,-17.870834
-149.258087,-17.8527789999999
-149.27005,-17.849728
-149.275024,-17.847221
-149.2789,-17.84417
-149.28894,-17.833057
-149.295319,-17.824722
-149.300598,-17.8169439999999
-149.369476,-17.738892
-149.378601,-17.7436099999999
-149.420868,-17.756111
-149.47168,-17.7663959999999
-149.484711,-17.766949
-149.49057,-17.765003
-149.590576,-17.711391
-149.638062,-17.628059
-149.639771,-17.623894
-149.641693,-17.611946
-149.641418,-17.592777
-149.63559,-17.561668
-149.632507,-17.549999
-149.625824,-17.542229
-149.621948,-17.539169
-149.593323,-17.51889
-149.588928,-17.516396
-149.583649,-17.514729
-149.495026,-17.493893
-149.489197,-17.49361
-149.449982,-17.499443
-149.414734,-17.5091709999999
-149.373627,-17.526947
-149.359161,-17.5344509999999
-149.350281,-17.540562
-149.346954,-17.5436129999999
-149.332764,-17.570278
-149.32666,-17.592224
-149.323334,-17.6525
-149.32309,-17.671112
-149.324188,-17.684727
-149.323883,-17.6908339999999
-149.32309,-17.6966709999999
-149.321381,-17.701389
-149.318054,-17.705276
-149.310028,-17.711391
-149.304993,-17.713886
-149.29306,-17.717503
-149.23056,-17.7302779999999
-149.211426,-17.7338909999999
