"V1","V2"
-73.194168,-54.128891
-73.272507,-54.135559
-73.334732,-54.115562
-73.4527889999999,-54.0830609999999
-73.462234,-54.0813899999999
-73.468903,-54.078339
-73.470566,-54.072784
-73.466675,-54.0680619999999
-73.39389,-54.030006
-73.385284,-54.028061
-73.3525089999999,-54.028061
-73.3197329999999,-54.029449
-73.255844,-54.034172
-73.2466739999999,-54.035835
-73.238892,-54.038338
-73.1833339999999,-54.056396
-73.178619,-54.066948
-73.160278,-54.108894
-73.159729,-54.11528
-73.163895,-54.1200029999999
-73.176392,-54.126396
-73.194168,-54.128891
