"V1","V2"
-178.568604,71.564148
-178.429443,71.5410920000001
-178.394745,71.5352480000001
-178.34613,71.5252690000001
-178.33197,71.5205230000001
-178.320038,71.515259
-178.314453,71.5110930000001
-178.327515,71.509331
-178.330841,71.5055390000001
-178.246094,71.478867
-178.22998,71.4755250000001
-178.20752,71.4752660000001
-178.182526,71.4758150000001
-178.161987,71.478867
-178.140564,71.4802550000001
-178.124176,71.476929
-178.061707,71.4622040000001
-178.017548,71.4496920000001
-178.005585,71.4441380000001
-177.992523,71.425995
-177.961945,71.3961030000001
-177.833313,71.3461
-177.750336,71.3191530000001
-177.694733,71.301361
-177.637268,71.284424
-177.621399,71.2808230000001
-177.601105,71.2794190000001
-177.577484,71.2816620000001
-177.556976,71.284714
-177.502838,71.277466
-177.460541,71.248871
-177.441406,71.23497
-177.439453,71.2269290000001
-177.443909,71.2205200000001
-177.484467,71.176926
-177.492249,71.1710970000001
-177.513641,71.1607970000001
-177.620026,71.1166380000001
-177.633911,71.1121980000001
-177.710846,71.0930330000001
-177.921967,71.041367
-177.938904,71.037491
-177.988617,71.0333100000001
-178.037231,71.0321960000001
-178.077484,71.034973
-178.121948,71.035538
-178.170563,71.0341340000001
-178.223358,71.030823
-178.243591,71.0277710000001
-178.297546,71.016922
-178.357483,71.0074769999999
-178.463043,71.0005340000001
-178.513947,70.9980320000001
-178.611115,70.995255
-178.742798,70.986084
-178.818604,70.979965
-178.86499,70.975266
-178.88504,70.9719240000001
-178.951935,70.95665
-179.031708,70.943863
-179.251404,70.910538
-179.274445,70.9077610000001
-179.324738,70.9052430000001
-179.486115,70.9124910000001
-179.504181,70.914688
-179.578064,70.934708
-179.74472,70.9646910000001
-179.929749,70.9972080000001
-179.97226,70.998581
-180,70.9972080000001
-180,71.5358430000001
-179.927246,71.5355379999999
-179.905273,71.544144
-179.901474,71.5508040000001
-179.891113,71.556076
-179.628601,71.5771940000001
-179.502258,71.5663760000001
-179.305298,71.551361
-179.227783,71.562195
-179.217224,71.5672150000001
-179.202484,71.5791630000001
-179.188629,71.5836029999999
-179.053894,71.5972140000001
-179.03421,71.597748
-178.748322,71.580261
-178.568604,71.564148
