"V1","V2"
-44.610283,-3.00805600000001
-44.620003,-3.01166699999999
-44.625557,-3.01027799999997
-44.633057,-3.00527799999998
-44.646118,-2.99111099999993
-44.652229,-2.98333399999996
-44.656113,-2.97361100000001
-44.655838,-2.96666699999992
-44.654167,-2.961389
-44.611671,-2.88722200000001
-44.5997239999999,-2.88944500000002
-44.589172,-2.89277799999996
-44.578896,-2.896389
-44.574722,-2.89916699999998
-44.573059,-2.90416699999997
-44.572227,-2.91027799999995
-44.572784,-2.92250000000001
-44.573616,-2.92888899999997
-44.57695,-2.94444499999997
-44.58667,-2.97638899999998
-44.589172,-2.98111199999994
-44.610283,-3.00805600000001
