"V1","V2"
128.402771,-3.64083299999993
128.390533,-3.642222
128.385803,-3.64027800000002
128.383606,-3.63555599999995
128.387756,-3.61916600000001
128.409698,-3.5424999999999
128.415253,-3.53416700000002
128.421906,-3.52722199999994
128.431091,-3.52249999999987
128.440582,-3.51995699999986
128.457733,-3.51861099999996
128.464691,-3.51916599999998
128.500824,-3.52249999999987
128.510529,-3.52666699999992
128.531097,-3.540278
128.558319,-3.56777799999992
128.563293,-3.57666699999999
128.563873,-3.58277799999996
128.563293,-3.58888899999999
128.561096,-3.59361099999995
128.548859,-3.60194399999995
128.522766,-3.61694399999999
128.402771,-3.64083299999993
