"V1","V2"
28.69305,60.2677690000001
28.676384,60.267212
28.6633299999999,60.268326
28.6380500000001,60.2744370000001
28.62722,60.278328
28.5966640000001,60.2908330000001
28.5877760000001,60.2955470000001
28.5738870000001,60.306938
28.5605550000001,60.3272170000001
28.5511090000001,60.349434
28.564163,60.3519360000001
28.6083300000001,60.349159
28.6191640000001,60.3455430000001
28.625202,60.3426740000001
28.6391640000001,60.3386
28.6952739999999,60.320274
28.706104,60.3163830000001
28.714996,60.311378
28.716106,60.303322
28.709438,60.2877730000001
28.7024960000001,60.2722170000001
28.69305,60.2677690000001
