"V1","V2"
91.2502750000001,81.0630340000001
91.1822050000001,81.058319
91.1022030000001,81.059418
91.0297090000001,81.0555420000001
90.8897090000001,81.057205
90.844986,81.058594
90.6771999999999,81.065262
90.0694430000001,81.0927580000001
90.0010990000001,81.098328
89.9999999999999,81.0985180000001
89.9774780000001,81.1024780000001
89.9594270000001,81.107208
89.9466400000001,81.112762
89.913315,81.130264
89.8936,81.1685939999999
90.0738830000001,81.210541
90.1327510000001,81.216934
90.1691440000001,81.2188720000001
90.49942,81.2263790000001
90.5455320000001,81.2266540000001
90.9038700000001,81.227203
91.0302730000001,81.2249909999999
91.1155400000001,81.221649
91.274704,81.2133180000001
91.343323,81.2077640000001
91.3719180000001,81.204437
91.4002689999999,81.199997
91.469711,81.187485
91.577209,81.143051
91.578323,81.136108
91.5747070000001,81.129974
91.5566410000001,81.124695
91.4474790000001,81.1105350000001
91.374985,81.0980379999999
91.352203,81.093597
91.3388820000001,81.087494
91.331375,81.0736080000001
91.304428,81.069992
91.2502750000001,81.0630340000001
