"V1","V2"
-51.0352779999999,68.639435
-51.047226,68.6388850000001
-51.211113,68.645264
-51.223053,68.6480410000001
-51.231667,68.657761
-51.232773,68.666656
-51.229721,68.6685939999999
-51.220551,68.6722110000001
-51.196945,68.6769259999999
-51.1747209999999,68.679428
-51.1652759999999,68.679428
-51.1630549999999,68.6799770000001
-51.150551,68.681931
-51.1294399999999,68.6827549999999
-51.10778,68.679703
-51.0947189999999,68.6760860000001
-51.035835,68.656937
-51.026947,68.6522060000001
-51.026108,68.6466520000001
-51.0302809999999,68.641937
-51.0352779999999,68.639435
