"V1","V2"
-64.849731,64.30748
-64.861389,64.30748
-64.877213,64.313309
-64.888062,64.321106
-64.937775,64.3616490000001
-64.944992,64.3705290000001
-64.955566,64.3838809999999
-64.959732,64.3972170000001
-64.958618,64.405823
-64.9516749999999,64.411377
-64.946655,64.4136050000001
-64.932495,64.4174800000001
-64.925278,64.4185940000001
-64.910004,64.416656
-64.902496,64.4127660000001
-64.897507,64.4086000000001
-64.820007,64.379425
-64.771942,64.348877
-64.7705539999999,64.3458250000001
-64.773056,64.3424840000001
-64.849731,64.30748
