"V1","V2"
166.624664,-20.406109
166.648315,-20.43861
166.654419,-20.46722
166.64859,-20.465553
166.636108,-20.466942
166.613586,-20.4725
166.610504,-20.476387
166.588013,-20.5116689999999
166.584122,-20.524057
166.57608,-20.5594439999999
166.57663,-20.584999
166.579681,-20.5955539999999
166.583038,-20.599167
166.587463,-20.6022219999999
166.592468,-20.604446
166.598297,-20.603611
166.608856,-20.599998
166.612732,-20.596668
166.625244,-20.596668
166.625793,-20.601665
166.623291,-20.6063879999999
166.58136,-20.679722
166.574402,-20.686943
166.565247,-20.691944
166.515808,-20.7133329999999
166.505829,-20.7174989999999
166.499115,-20.717777
166.509155,-20.6811099999999
166.542206,-20.6499979999999
166.548584,-20.641945
166.553589,-20.632778
166.555542,-20.627224
166.558624,-20.594786
166.559723,-20.540154
166.580475,-20.503551
166.593842,-20.4913859999999
166.596924,-20.479721
166.601349,-20.4474979999999
166.598297,-20.436943
166.577179,-20.4088899999999
166.57135,-20.408611
166.566071,-20.410278
166.562195,-20.413612
166.557739,-20.413334
166.556091,-20.4083329999999
166.55719,-20.4022219999999
166.561646,-20.3997229999999
166.566925,-20.3980559999999
166.594116,-20.389721
166.606628,-20.388332
166.611633,-20.390835
166.624664,-20.406109
