"V1","V2"
152.022217,-2.66749999999996
152.004425,-2.66999999999996
151.972748,-2.66888899999998
151.96109,-2.66805599999998
151.957733,-2.66472199999998
151.955536,-2.66000000000003
151.953583,-2.64833399999992
151.954407,-2.64222199999995
151.958313,-2.63249999999999
151.972748,-2.60583400000002
151.979675,-2.59888899999999
151.983856,-2.59611099999995
151.995239,-2.59555499999999
152.000824,-2.59694399999995
152.010529,-2.60111099999995
152.018585,-2.60638899999992
152.022217,-2.61000000000001
152.035248,-2.63111099999998
152.037201,-2.63583299999999
152.038025,-2.64222199999995
152.029694,-2.66111100000001
152.026917,-2.665277
152.022217,-2.66749999999996
