"V1","V2"
-74.363892,-50.491394
-74.274445,-50.622223
-74.2369539999999,-50.678612
-74.181122,-50.770279
-74.176682,-50.786949
-74.176392,-50.793335
-74.178894,-50.813896
-74.188614,-50.844452
-74.193344,-50.848335
-74.2005619999999,-50.850838
-74.209167,-50.851669
-74.2341769999999,-50.8075029999999
-74.238068,-50.803062
-74.247787,-50.7958369999999
-74.265015,-50.785835
-74.2738949999999,-50.785278
-74.311676,-50.7991709999999
-74.3175049999999,-50.8025049999999
-74.319458,-50.808617
-74.319458,-50.814728
-74.406113,-50.7908399999999
-74.5050049999999,-50.740562
-74.5150149999999,-50.733063
-74.5627899999999,-50.665283
-74.570557,-50.650558
-74.575836,-50.634171
-74.575012,-50.627228
-74.573059,-50.621117
-74.569168,-50.6166689999999
-74.49556,-50.5722269999999
-74.426682,-50.53167
-74.421112,-50.5286179999999
-74.423615,-50.523613
-74.430847,-50.5211179999999
-74.5008389999999,-50.506111
-74.511398,-50.505562
-74.527237,-50.508896
-74.53418,-50.511391
-74.541946,-50.513062
-74.550842,-50.513893
-74.5614009999999,-50.5133359999999
-74.667511,-50.484451
-74.670013,-50.479446
-74.666397,-50.475006
-74.6075129999999,-50.4436109999999
-74.594727,-50.4374999999999
-74.581955,-50.4319459999999
-74.5624999999999,-50.423889
-74.548889,-50.4191739999999
-74.5400089999999,-50.418335
-74.531403,-50.42028
-74.363892,-50.491394
