"V1","V2"
-70.66777,77.4577639999999
-70.612778,77.4469300000001
-70.570007,77.4408110000001
-70.428329,77.423599
-70.333069,77.414154
-70.3061069999999,77.412201
-70.277786,77.412491
-70.1752779999999,77.4160920000001
-70.143341,77.4158170000001
-70.0936129999999,77.412491
-70.075012,77.4080349999999
-70.056381,77.3991550000001
-70.069168,77.393875
-70.1366729999999,77.390549
-70.3019409999999,77.3861080000001
-70.636673,77.3788600000001
-70.94249,77.3716430000001
-70.979996,77.3705290000001
-71.046387,77.370255
-71.0755619999999,77.3713680000001
-71.096115,77.3733060000001
-71.117767,77.376923
-71.299438,77.447754
-71.298889,77.451096
-71.2913819999999,77.4541630000001
-71.2588959999999,77.4574890000001
-71.238602,77.4560999999999
-71.214722,77.4583280000001
-71.091675,77.4652710000001
-70.859436,77.4666600000001
-70.726944,77.464706
-70.706665,77.4633180000001
-70.6894379999999,77.461105
-70.66777,77.4577639999999
