"V1","V2"
103.934967,0.926110999999992
103.928017,0.926110999999992
103.918579,0.930000000000064
103.878021,0.951389000000006
103.869133,0.956111000000078
103.848022,0.969166000000087
103.84053,0.97527800000006
103.835533,0.984166000000016
103.832199,0.994444000000101
103.832199,1.00138900000007
103.836906,1.01027800000014
103.84108,1.01305500000007
103.846626,1.01444400000003
103.921913,1.003333
103.933578,1.00138900000007
103.938568,0.999166000000002
103.957764,0.970555000000047
103.963043,0.955555000000118
103.965271,0.943889000000127
103.962486,0.939722000000131
103.939682,0.928055000000086
103.934967,0.926110999999992
