"V1","V2"
128.900818,32.6430510000001
128.741913,32.5891570000001
128.669983,32.5997160000001
128.638306,32.6052700000001
128.610229,32.6116640000001
128.601074,32.618599
128.615784,32.655266
128.618561,32.6611020000001
128.622192,32.665268
128.652405,32.6966400000001
128.647491,32.7119369999999
128.647491,32.755829
128.648315,32.7713780000001
128.649414,32.777771
128.660797,32.781937
128.786652,32.791382
128.813293,32.792496
128.844116,32.7516630000001
128.886108,32.686104
128.900269,32.653046
128.902191,32.648331
128.900818,32.6430510000001
