"V1","V2"
137.188293,55.102219
137.084686,54.9433209999999
137.076355,54.9363780000001
137.05719,54.9230500000001
137.046082,54.9174960000001
137.02359,54.916664
137.000824,54.9174960000001
136.955231,54.919991
136.943573,54.9208300000001
136.931915,54.924438
136.929138,54.9308240000001
136.92746,54.950546
136.917755,54.955269
136.906372,54.9574970000001
136.894714,54.958603
136.883606,54.9583280000001
136.872192,54.9566570000001
136.861084,54.953606
136.775269,54.9261020000001
136.758026,54.891663
136.751923,54.884995
136.740784,54.881935
136.729126,54.8841630000001
136.717468,54.8877720000001
136.68219,54.8997190000001
136.667267,54.90506
136.688293,54.9424900000001
136.797485,55.012497
136.808319,55.018051
137.039703,55.1044390000001
137.124969,55.119987
137.136383,55.1216580000001
137.170807,55.1185990000001
137.182465,55.1149980000001
137.187469,55.1086040000001
137.188293,55.102219
