"V1","V2"
-79.1230469999999,55.789993
-79.130554,55.788887
-79.135559,55.789162
-79.1377869999999,55.7905499999999
-79.1361239999999,55.794159
-79.1316679999999,55.799995
-79.126099,55.8038790000001
-79.121933,55.8086010000001
-79.1088869999999,55.8238830000001
-79.102783,55.8330540000001
-79.039169,55.9524920000001
-79.030838,55.9685969999999
-79.027222,55.976936
-79.022232,55.9963840000001
-79.009354,56.0636140000001
-78.960007,56.0830540000001
-78.957504,56.083603
-78.9527889999999,56.0808260000001
-78.9491579999999,56.0716630000001
-78.939713,56.025269
-79.0544429999999,55.865547
-79.089996,55.81694
-79.104446,55.8008270000001
-79.116653,55.792496
-79.1230469999999,55.789993
