"V1","V2"
-74.608337,-48.4558329999999
-74.608337,-48.5105589999999
-74.608063,-48.51667
-74.6033479999999,-48.558617
-74.600571,-48.569725
-74.598068,-48.574722
-74.594452,-48.57917
-74.550293,-48.61834
-74.5444489999999,-48.621391
-74.536392,-48.623337
-74.529724,-48.620834
-74.525284,-48.616951
-74.522232,-48.611671
-74.5216669999999,-48.606117
-74.526398,-48.602501
-74.5289,-48.597504
-74.5302889999999,-48.591667
-74.530563,-48.585556
-74.5275119999999,-48.5802839999999
-74.5200039999999,-48.578613
-74.513062,-48.579727
-74.505844,-48.58223
-74.494171,-48.588341
-74.484726,-48.59584
-74.481949,-48.606949
-74.482788,-48.613892
-74.49028,-48.6383359999999
-74.4966739999999,-48.656113
-74.5050049999999,-48.6644519999999
-74.516403,-48.6708369999999
-74.564178,-48.690834
-74.570847,-48.693336
-74.585846,-48.696671
-74.602783,-48.698334
-74.54834,-48.70639
-74.541397,-48.7088929999999
-74.5366669999999,-48.712502
-74.533066,-48.716949
-74.525284,-48.731949
-74.523895,-48.743614
-74.5230559999999,-48.762505
-74.499176,-48.9022289999999
-74.4755709999999,-48.946396
-74.47084,-48.95639
-74.469177,-48.961945
-74.470291,-48.968895
-74.4738919999999,-48.9811169999999
-74.478897,-49.0922239999999
-74.44751,-49.200005
-74.443069,-49.215279
-74.4425049999999,-49.227783
-74.443069,-49.296951
-74.443619,-49.316391
-74.468063,-49.422226
-74.471954,-49.434723
-74.488892,-49.4744489999999
-74.512787,-49.5013959999999
-74.5219569999999,-49.539726
-74.498901,-49.5847239999999
-74.545288,-49.617226
-74.549728,-49.621117
-74.553619,-49.6258389999999
-74.597504,-49.689171
-74.601395,-49.7013929999999
-74.602234,-49.708336
-74.6019589999999,-49.714447
-74.600571,-49.720001
-74.598068,-49.725006
-74.591949,-49.728058
-74.584457,-49.726669
-74.5797269999999,-49.722778
-74.530563,-49.676949
-74.526947,-49.672226
-74.527237,-49.6661149999999
-74.532227,-49.6561129999999
-74.5358429999999,-49.651672
-74.537231,-49.6461179999999
-74.536392,-49.640556
-74.533615,-49.635284
-74.5289,-49.631393
-74.522232,-49.628891
-74.4711149999999,-49.6241679999999
-74.464172,-49.6266709999999
-74.449448,-49.637779
-74.437225,-49.6502839999999
-74.423615,-49.668335
-74.418335,-49.678337
-74.4144589999999,-49.6888959999999
-74.412781,-49.7325059999999
-74.415558,-49.74556
-74.464737,-49.9291689999999
-74.4664,-49.9352799999999
-74.474167,-49.94445
-74.4836119999999,-49.952225
-74.542511,-49.9980619999999
-74.621124,-50.045006
-74.634735,-50.049728
-74.6502839999999,-50.053062
-74.668625,-50.053894
-74.7627869999999,-50.055557
-74.7711179999999,-50.0549999999999
-74.778625,-50.052505
-74.843338,-50.029449
-74.857513,-50.023895
-74.863617,-50.020561
-74.870834,-50.011948
-74.873337,-50.00695
-74.872513,-50.0013959999999
-74.849457,-49.981392
-74.834732,-49.9688949999999
-74.811401,-49.95639
-74.748337,-49.9291689999999
-74.7269589999999,-49.922501
-74.718338,-49.921669
-74.710007,-49.923615
-74.7050019999999,-49.927223
-74.701401,-49.9316709999999
-74.686676,-49.943062
-74.662506,-49.9552839999999
-74.6694489999999,-49.941116
-74.671951,-49.936111
-74.705841,-49.910004
-74.7105559999999,-49.906395
-74.716675,-49.903061
-74.7241669999999,-49.9005579999999
-74.732513,-49.900284
-74.7489009999999,-49.902779
-74.76918,-49.909729
-74.845001,-49.951118
-74.8586119999999,-49.955833
-74.874176,-49.959167
-74.882782,-49.960007
-74.891113,-49.958061
-74.896118,-49.954445
-74.907227,-49.941116
-74.912231,-49.931396
-74.9136199999999,-49.92556
-74.912506,-49.918892
-74.9050139999999,-49.88195
-74.883057,-49.793892
-74.886948,-49.7830579999999
-74.919724,-49.689171
-74.920013,-49.68306
-74.889175,-49.541389
-74.880569,-49.533058
-74.848892,-49.511948
-74.837509,-49.505836
-74.784454,-49.4777829999999
-74.656677,-49.370003
-74.648056,-49.361671
-74.646393,-49.35556
-74.652512,-49.353889
-74.6611179999999,-49.354729
-74.6755679999999,-49.3586119999999
-74.686951,-49.365005
-74.703064,-49.375
-74.7586209999999,-49.414169
-74.751114,-49.422783
-74.7499999999999,-49.4283369999999
-74.751678,-49.434723
-74.759445,-49.443893
-74.863892,-49.50695
-74.87001,-49.510002
-74.940567,-49.543335
-74.949448,-49.5441739999999
-74.9586179999999,-49.542229
-74.964737,-49.538895
-74.9638979999999,-49.525841
-74.961716,-49.519402
-74.960007,-49.506111
-74.9627839999999,-49.494728
-74.966675,-49.484169
-74.973618,-49.474724
-74.978897,-49.4738919999999
-75.0050049999999,-49.508057
-75.006958,-49.5141679999999
-75.009445,-49.538338
-75.008347,-49.5897289999999
-75.006958,-49.619446
-75.00528,-49.636948
-74.989456,-49.653893
-74.964172,-49.676949
-74.986115,-49.8091739999999
-75.017227,-49.899445
-75.0427859999999,-49.8963929999999
-75.0594479999999,-49.892784
-75.1361239999999,-49.857506
-75.140839,-49.853889
-75.1444549999999,-49.8494489999999
-75.155289,-49.835556
-75.2164,-49.754448
-75.295563,-49.640007
-75.298065,-49.6350019999999
-75.2994539999999,-49.629448
-75.2994539999999,-49.623062
-75.297501,-49.616951
-75.2730559999999,-49.574173
-75.2925109999999,-49.503616
-75.32695,-49.4627839999999
-75.358337,-49.4377819999999
-75.364182,-49.434723
-75.372513,-49.432785
-75.380844,-49.432228
-75.393616,-49.4377819999999
-75.39917,-49.4408339999999
-75.404175,-49.444725
-75.4177859999999,-49.456947
-75.4236149999999,-49.460007
-75.4322359999999,-49.460838
-75.439178,-49.458336
-75.444168,-49.4483339999999
-75.4588929999999,-49.405838
-75.460281,-49.400284
-75.464737,-49.372223
-75.471115,-49.331673
-75.468903,-49.31778
-75.4675139999999,-49.314445
-75.455841,-49.300835
-75.4280699999999,-49.2844469999999
-75.405838,-49.2788929999999
-75.397232,-49.2780609999999
-75.3866729999999,-49.2788929999999
-75.3797299999999,-49.2813949999999
-75.372513,-49.290001
-75.33168,-49.343895
-75.3216709999999,-49.363892
-75.3194579999999,-49.375282
-75.316681,-49.38028
-75.2841799999999,-49.419724
-75.2066799999999,-49.4855579999999
-75.20195,-49.489174
-75.175842,-49.500557
-75.167511,-49.502502
-75.163895,-49.499168
-75.168625,-49.489174
-75.203613,-49.451118
-75.239182,-49.418335
-75.2572329999999,-49.402779
-75.2738949999999,-49.386391
-75.2775119999999,-49.38195
-75.287231,-49.36834
-75.318344,-49.319168
-75.3233339999999,-49.3091739999999
-75.325562,-49.275002
-75.325562,-49.26889
-75.320847,-49.265007
-75.3152919999999,-49.261948
-75.3083339999999,-49.259445
-75.29306,-49.256393
-75.2730559999999,-49.25695
-75.2672269999999,-49.260002
-75.252792,-49.271393
-75.2444459999999,-49.2794489999999
-75.194168,-49.33445
-75.1630709999999,-49.341393
-75.1119539999999,-49.2961119999999
-75.077789,-49.265556
-75.067505,-49.246117
-75.091949,-49.208618
-75.091949,-49.2025069999999
-75.0863949999999,-49.199173
-75.056671,-49.221115
-74.976669,-49.285561
-74.91806,-49.336113
-74.889175,-49.290001
-74.827225,-49.09584
-74.8900149999999,-49.0469509999999
-74.926682,-49.0213929999999
-74.946671,-49.0130619999999
-74.951401,-49.009445
-74.969727,-48.988892
-75.023895,-48.9088899999999
-75.0614009999999,-48.846947
-75.060562,-48.833893
-75.051392,-48.79834
-75.046677,-48.7944489999999
-74.976669,-48.7600019999999
-74.843063,-48.698059
-74.836395,-48.695839
-74.7514039999999,-48.6799999999999
-74.7316739999999,-48.680557
-74.611115,-48.696671
-74.623016,-48.692184
-74.741119,-48.6350019999999
-74.749176,-48.633057
-74.758896,-48.6333389999999
-74.7664029999999,-48.6347269999999
-74.7794489999999,-48.6397249999999
-74.7947239999999,-48.642784
-74.813614,-48.643059
-74.926682,-48.628059
-74.933899,-48.625557
-74.995285,-48.6022259999999
-75.006958,-48.5961149999999
-75.0116729999999,-48.592224
-75.014175,-48.587502
-75.015564,-48.581673
-75.031403,-48.514168
-75.031403,-48.508057
-75.028625,-48.495003
-75.025558,-48.489723
-75.018066,-48.48056
-75.009445,-48.471947
-74.940567,-48.420006
-74.935013,-48.4169459999999
-74.921951,-48.4122239999999
-74.858894,-48.4072839999999
-74.853729,-48.40678
-74.847565,-48.4072839999999
-74.840561,-48.41095
-74.836395,-48.416283
-74.835556,-48.419617
-74.83606,-48.427448
-74.8150019999999,-48.4458389999999
-74.812225,-48.456947
-74.809723,-48.461945
-74.80278,-48.47084
-74.7672269999999,-48.49556
-74.759171,-48.497505
-74.7536159999999,-48.4944459999999
-74.712234,-48.458618
-74.708618,-48.4541699999999
-74.7066799999999,-48.4480589999999
-74.7088929999999,-48.443062
-74.717224,-48.4350049999999
-74.723068,-48.431671
-74.7302859999999,-48.429169
-74.751114,-48.428062
-74.759171,-48.426117
-74.763626,-48.422501
-74.793671,-48.381172
-74.8000109999999,-48.3733369999999
-74.8015139999999,-48.370171
-74.802177,-48.3668369999999
-74.813065,-48.331673
-74.8133389999999,-48.319168
-74.811401,-48.305557
-74.768616,-48.156952
-74.759171,-48.1416699999999
-74.751678,-48.1325069999999
-74.742508,-48.124725
-74.735001,-48.1230619999999
-74.7291719999999,-48.126114
-74.724731,-48.130005
-74.708069,-48.146118
-74.7008359999999,-48.155006
-74.6966709999999,-48.171669
-74.6963959999999,-48.190559
-74.691116,-48.229446
-74.680283,-48.297226
-74.6777799999999,-48.302223
-74.587784,-48.4086149999999
-74.608337,-48.4558329999999
