"V1","V2"
-74.26445,-48.466949
-74.273056,-48.467781
-74.286957,-48.453896
-74.297501,-48.447227
-74.316116,-48.4383389999999
-74.386124,-48.406952
-74.407227,-48.399445
-74.454727,-48.387779
-74.46167,-48.385284
-74.4722289999999,-48.378616
-74.485291,-48.3666689999999
-74.488892,-48.362228
-74.491394,-48.357224
-74.491669,-48.351112
-74.361954,-48.2886119999999
-74.348892,-48.2836149999999
-74.3414,-48.282227
-74.3316799999999,-48.2819519999999
-74.313614,-48.2844469999999
-74.3063959999999,-48.286667
-74.297226,-48.294174
-74.294449,-48.299171
-74.294174,-48.305557
-74.295288,-48.312225
-74.298889,-48.316948
-74.309723,-48.338341
-74.311676,-48.344727
-74.3125,-48.351395
-74.310013,-48.356392
-74.2991789999999,-48.369446
-74.270569,-48.3988949999999
-74.2514039999999,-48.4136119999999
-74.233902,-48.4230579999999
-74.2269589999999,-48.425285
-74.221115,-48.428337
-74.2164,-48.432228
-74.214737,-48.437782
-74.2213899999999,-48.447784
-74.232788,-48.4541699999999
-74.2569579999999,-48.465279
-74.26445,-48.466949
