"V1","V2"
-54.576668,49.5586010000001
-54.7730559999999,49.493881
-54.809441,49.4880450000001
-54.839165,49.4844360000001
-54.855835,49.4844360000001
-54.86306,49.485268
-54.8719409999999,49.4874950000001
-54.873055,49.4922180000001
-54.893616,49.5805510000001
-54.894447,49.585266
-54.891945,49.5905460000001
-54.885277,49.5930480000001
-54.805557,49.595825
-54.792229,49.572769
-54.793335,49.56694
-54.7916719999999,49.562492
-54.788338,49.5577700000001
-54.784172,49.5541610000001
-54.768608,49.546661
-54.760002,49.5455470000001
-54.743889,49.5449980000001
-54.729721,49.54805
-54.708611,49.5544360000001
-54.614723,49.606102
-54.574722,49.6352690000001
-54.5619429999999,49.6536030000001
-54.548889,49.6599880000001
-54.5361179999999,49.664154
-54.529724,49.633881
-54.53167,49.622215
-54.538055,49.5874940000001
-54.543335,49.582497
-54.570557,49.5622099999999
-54.576668,49.5586010000001
