"V1","V2"
-73.6511229999999,-44.844452
-73.660004,-44.844727
-73.677231,-44.842224
-73.684723,-44.840561
-73.692184,-44.837082
-73.7275089999999,-44.8216709999999
-73.7450099999999,-44.813057
-73.747513,-44.808334
-73.7536159999999,-44.773338
-73.753891,-44.767227
-73.752228,-44.761116
-73.748901,-44.756393
-73.742783,-44.753891
-73.638062,-44.736115
-73.6300049999999,-44.735283
-73.620285,-44.735558
-73.608337,-44.741112
-73.605011,-44.74556
-73.603622,-44.751114
-73.6033479999999,-44.757225
-73.6158449999999,-44.8213959999999
-73.6175079999999,-44.8275069999999
-73.620834,-44.83223
-73.636398,-44.841667
-73.6511229999999,-44.844452
