"V1","V2"
-176.45224,-43.736122
-176.385834,-43.7488859999999
-176.37442,-43.7488859999999
-176.330597,-43.7488859999999
-176.269196,-43.763893
-176.31366,-43.796394
-176.350006,-43.794174
-176.353882,-43.7869489999999
-176.358917,-43.780006
-176.364746,-43.775009
-176.371948,-43.770844
-176.397827,-43.763069
-176.424469,-43.756111
-176.435028,-43.755013
-176.511414,-43.749443
-176.527222,-43.755569
-176.535553,-43.767509
-176.535553,-43.7758329999999
-176.532806,-43.783897
-176.498077,-43.869995
-176.455017,-43.952499
-176.448883,-43.9575039999999
-176.354736,-44.012512
-176.377228,-44.056114
-176.512268,-44.1205519999999
-176.522278,-44.1230619999999
-176.533356,-44.125
-176.545013,-44.125
-176.577484,-44.123329
-176.598602,-44.121391
-176.60556,-44.119171
-176.611664,-44.097496
-176.608917,-44.090553
-176.608917,-44.08223
-176.626373,-44.045837
-176.631409,-44.039726
-176.65506,-44.0119779999999
-176.64505,-44.011116
-176.63504,-44.0086209999999
-176.626678,-44.005013
-176.563324,-43.9747159999999
-176.523376,-43.936111
-176.517792,-43.922508
-176.516449,-43.915009
-176.517792,-43.9077839999999
-176.530609,-43.87722
-176.53421,-43.870277
-176.55365,-43.84584
-176.564453,-43.8347239999999
-176.576416,-43.824722
-176.583313,-43.8205639999999
-176.613892,-43.806396
-176.622223,-43.803619
-176.631409,-43.801666
-176.651123,-43.798622
-176.657257,-43.801666
-176.662781,-43.806953
-176.664185,-43.8144449999999
-176.679749,-43.8288959999999
-176.686707,-43.8330609999999
-176.792267,-43.840843
-176.829163,-43.843063
-176.838348,-43.84111
-176.849457,-43.819725
-176.848053,-43.812225
-176.845306,-43.805557
-176.839722,-43.800552
-176.749176,-43.7724989999999
-176.604736,-43.7288889999999
-176.5578,-43.717506
-176.483917,-43.723061
-176.474457,-43.724998
-176.4664,-43.72805
-176.460297,-43.7330549999999
-176.45224,-43.736122
