"V1","V2"
-44.652779,-1.62388900000002
-44.658058,-1.65944500000001
-44.662224,-1.661945
-44.668335,-1.66111100000001
-44.687225,-1.64972199999994
-44.743057,-1.663611
-44.769173,-1.67222199999998
-44.775002,-1.67083300000002
-44.778893,-1.66805599999992
-44.7852779999999,-1.66083300000003
-44.787224,-1.65611099999995
-44.7877809999999,-1.64999999999998
-44.78334,-1.61916699999995
-44.771393,-1.60805599999998
-44.751114,-1.58999999999992
-44.7172239999999,-1.5625
-44.7130579999999,-1.56111099999998
-44.686394,-1.56555599999996
-44.682503,-1.56694499999998
-44.67334,-1.57805599999995
-44.667503,-1.58583399999992
-44.65834,-1.60388899999998
-44.652504,-1.61833299999995
-44.652779,-1.62388900000002
