"V1","V2"
-68.650833,44.168884
-68.6647189999999,44.1674960000001
-68.7072299999999,44.1761020000001
-68.7138979999999,44.1794360000001
-68.7213899999999,44.2288740000001
-68.720551,44.2344360000001
-68.674164,44.283333
-68.66806,44.2852710000001
-68.659729,44.2838819999999
-68.6327669999999,44.2766570000001
-68.626099,44.2733230000001
-68.615829,44.266106
-68.604996,44.253609
-68.603607,44.248878
-68.604721,44.224991
-68.6127779999999,44.1908260000001
-68.617493,44.1855470000001
-68.64473,44.1708300000001
-68.650833,44.168884
