"V1","V2"
-132.773071,56.4947130000001
-132.792511,56.493881
-132.894745,56.49749
-132.905853,56.498329
-132.926666,56.502777
-132.934174,56.5061040000001
-132.940002,56.5097200000001
-132.943054,56.514442
-132.944458,56.51944
-132.95639,56.594154
-132.923035,56.6188810000001
-132.896744,56.6218870000001
-132.883224,56.6346590000001
-132.898239,56.6564480000001
-132.923035,56.702278
-132.918335,56.748878
-132.873596,56.7961040000001
-132.801941,56.7863850000001
-132.732483,56.7247090000001
-132.667236,56.6786040000001
-132.613892,56.6452710000001
-132.549744,56.6052700000001
-132.539185,56.6030500000001
-132.533325,56.5994340000001
-132.5289,56.595268
-132.527496,56.589989
-132.527802,56.584435
-132.530853,56.5777740000001
-132.535828,56.5727690000001
-132.541687,56.5688860000001
-132.561951,56.5591580000001
-132.577209,56.5541610000001
-132.683624,56.520271
-132.773071,56.4947130000001
