"V1","V2"
172.861359,-40.507782
172.981628,-40.5272219999999
172.991333,-40.529167
172.98996,-40.5338899999999
172.978027,-40.5338899999999
172.945251,-40.53083
172.895264,-40.524445
172.797211,-40.516113
172.73996,-40.516945
172.731628,-40.5197219999999
172.656921,-40.6533279999999
172.701355,-40.7483369999999
172.855804,-40.853058
172.865509,-40.853058
172.875244,-40.851112
172.907196,-40.8288879999999
172.930267,-40.802223
172.935242,-40.796669
172.976624,-40.781944
172.985229,-40.7811129999999
173.002197,-40.786667
173.008331,-40.7911149999999
173.013306,-40.796669
173.020538,-40.809723
173.051086,-40.8694459999999
173.059692,-40.962776
173.059692,-40.971939
173.056091,-40.978607
173.031647,-41.027496
173.075806,-41.291115
173.079681,-41.297501
173.085785,-41.302223
173.10553,-41.313332
173.16803,-41.316109
173.188873,-41.313332
173.198853,-41.3113859999999
173.207184,-41.308609
173.272217,-41.274445
173.27832,-41.269722
173.32608,-41.2224959999999
173.340515,-41.205833
173.351624,-41.195549
173.377167,-41.1780549999999
173.426086,-41.150276
173.598022,-41.0536119999999
173.606628,-41.052498
173.639709,-41.073616
173.67276,-41.070557
173.72052,-41.0602799999999
173.727753,-41.056389
173.73996,-41.047226
173.74469,-41.032501
173.743286,-41.02417
173.738281,-41.018608
173.727448,-41.019447
173.718842,-41.0224989999999
173.69693,-41.033615
173.690796,-41.038338
173.68219,-41.041115
173.676086,-41.036392
173.673584,-41.029167
173.674683,-41.020836
173.678314,-41.01445
173.696625,-41.000282
173.751373,-40.9769439999999
173.800262,-40.9691619999999
173.9133,-40.9316709999999
173.98468,-40.89695
173.994415,-40.896667
174.022766,-40.9130549999999
174.027771,-40.91861
174.030273,-40.925835
174.030548,-40.935272
174.029419,-40.943611
174.022217,-40.94722
173.929962,-40.992226
173.832184,-40.995003
173.821075,-40.994164
173.782196,-41.0091709999999
173.778595,-41.0155559999999
173.769714,-41.09861
173.778595,-41.114449
173.794434,-41.109444
173.822205,-41.080833
173.821899,-41.062218
173.836639,-41.0549999999999
173.846344,-41.053055
173.930817,-41.049446
173.946625,-41.055832
173.953033,-41.060555
173.917755,-41.087502
173.887482,-41.103333
173.848846,-41.1441649999999
173.820526,-41.2458339999999
173.763306,-41.267502
173.760803,-41.273056
173.775818,-41.2897259999999
173.788025,-41.2905579999999
173.806366,-41.2894439999999
174.037201,-41.21833
174.099701,-41.198334
174.128845,-41.187218
174.133606,-41.181671
174.133606,-41.1761089999999
174.126068,-41.174171
174.008606,-41.1752779999999
174.001099,-41.178886
174.001373,-41.1863859999999
174.000275,-41.1947169999999
173.993011,-41.198334
173.981903,-41.19944
173.932739,-41.199997
173.908325,-41.199997
173.899719,-41.197495
173.893585,-41.1927719999999
173.887207,-41.169724
173.885803,-41.161667
173.888031,-41.154167
173.897766,-41.133614
173.902466,-41.1283339999999
174.032745,-40.999725
174.084412,-41.021385
174.094116,-41.023331
174.246338,-41.044724
174.258331,-41.035278
174.299408,-41.003616
174.315247,-41.000557
174.323853,-41.003334
174.323853,-41.010834
174.321625,-41.0180589999999
174.209961,-41.197495
174.161377,-41.225555
174.152771,-41.2266619999999
174.114685,-41.2313839999999
174.052185,-41.235001
174.026642,-41.236115
174.053864,-41.254173
174.20636,-41.269447
174.214966,-41.2666629999999
174.291656,-41.238892
174.303589,-41.229721
174.320801,-41.220276
174.326904,-41.222771
174.288574,-41.276947
174.249115,-41.3225019999999
174.241638,-41.326111
174.231903,-41.3280559999999
174.208588,-41.329445
174.193573,-41.320282
174.155243,-41.305
174.148041,-41.308609
174.111633,-41.3366619999999
174.052765,-41.421112
174.049133,-41.42778
174.044434,-41.4424969999999
174.045807,-41.450836
174.049988,-41.4663929999999
174.063873,-41.493057
174.084137,-41.526108
174.097473,-41.519447
174.096069,-41.511116
174.1008,-41.5055619999999
174.108307,-41.5091709999999
174.114685,-41.513893
174.125793,-41.5238879999999
174.151093,-41.551392
174.176086,-41.578613
174.178864,-41.586113
174.179962,-41.594444
174.179138,-41.602783
174.174133,-41.608337
174.1633,-41.618607
174.157196,-41.623329
174.193024,-41.685555
174.28775,-41.734444
174.291656,-41.7408369999999
174.289154,-41.748337
174.283325,-41.762222
174.236359,-41.837219
174.212189,-41.8652799999999
174.201355,-41.875557
174.184143,-41.8905559999999
174.17804,-41.8950039999999
174.164703,-41.90361
174.157196,-41.9072189999999
174.143585,-41.915833
174.088562,-41.957779
174.009155,-42.0274959999999
173.979675,-42.0611109999999
173.96524,-42.086945
173.959137,-42.100838
173.954407,-42.115555
173.953308,-42.123886
173.953583,-42.1333309999999
173.95636,-42.1663889999999
173.933319,-42.196945
173.928314,-42.2024989999999
173.884155,-42.2436139999999
173.878021,-42.248055
173.870514,-42.2519449999999
173.863007,-42.2555619999999
173.834686,-42.271385
173.801361,-42.29306
173.794983,-42.297501
173.568573,-42.476944
173.558594,-42.487778
173.541351,-42.511948
173.533875,-42.525002
173.531372,-42.532219
173.500824,-42.599724
173.480804,-42.621941
173.466064,-42.656944
173.459961,-42.670837
173.448853,-42.690277
173.387756,-42.793617
173.351624,-42.840836
173.328033,-42.898888
173.328033,-42.906387
173.325806,-42.913612
173.285522,-42.9580539999999
173.106903,-43.057777
173.099396,-43.0613859999999
173.090515,-43.064445
173.026367,-43.081947
172.9758,-43.09111
172.953033,-43.092773
172.935516,-43.098335
172.920258,-43.105835
172.838013,-43.1480559999999
172.818024,-43.160828
172.79776,-43.18306
172.772217,-43.219719
172.760803,-43.239166
172.758026,-43.246666
172.726944,-43.415539
172.726593,-43.423355
172.775818,-43.612221
172.894135,-43.61972
172.905548,-43.620834
173.059692,-43.6530529999999
173.100525,-43.69722
173.10553,-43.703613
173.11441,-43.7413859999999
173.116913,-43.7625049999999
173.116913,-43.7699969999999
173.112183,-43.825005
173.110779,-43.833328
173.091644,-43.856392
173.058594,-43.871109
173.006088,-43.869499
173.002243,-43.868999
172.999237,-43.865669
172.990906,-43.84967
172.96524,-43.802223
172.961365,-43.76445
172.958862,-43.75695
172.951355,-43.75528
172.939972,-43.756111
172.927185,-43.766113
172.921906,-43.7716669999999
172.920532,-43.824173
172.920532,-43.833328
172.917572,-43.869221
172.923584,-43.875885
172.931244,-43.88139
172.937408,-43.887886
172.938904,-43.892384
172.938248,-43.896221
172.870789,-43.904442
172.861633,-43.90139
172.81192,-43.882217
172.804413,-43.8783339999999
172.745789,-43.837776
172.740784,-43.8322219999999
172.736908,-43.825836
172.71524,-43.808334
172.642761,-43.772224
172.513031,-43.729439
172.495239,-43.723885
172.483582,-43.722771
172.472198,-43.72361
172.424988,-43.733612
172.4133,-43.743614
172.390259,-43.763893
172.384979,-43.77861
172.382446,-43.795006
172.383331,-43.8125
172.384705,-43.820839
172.394714,-43.850281
172.393311,-43.858612
172.386932,-43.8633349999999
172.367462,-43.867775
172.297211,-43.8811109999999
172.286926,-43.883057
172.275543,-43.883888
172.189697,-43.909164
172.050812,-43.965279
171.978577,-43.9958339999999
171.955231,-44.006668
171.941071,-44.015007
171.782471,-44.07695
171.654694,-44.122498
171.583588,-44.1538849999999
171.547211,-44.173889
171.538483,-44.1787759999999
171.35556,-44.2854919999999
171.346466,-44.292187
171.342468,-44.295555
171.319977,-44.316391
171.293579,-44.343613
171.285522,-44.356392
171.278595,-44.369995
171.271912,-44.383888
171.269135,-44.391113
171.275543,-44.395836
171.279144,-44.402496
171.278595,-44.420837
171.277191,-44.4288859999999
171.275543,-44.437218
171.269989,-44.451942
171.263306,-44.465553
171.254974,-44.478333
171.214966,-44.5330579999999
171.208313,-44.537506
171.200531,-44.541115
171.196075,-44.5602799999999
171.1922,-44.645836
171.193024,-44.6633299999999
171.204956,-44.700279
171.214142,-44.739166
171.21524,-44.747498
171.207184,-44.851112
171.198578,-44.919998
171.195801,-44.927498
171.185242,-44.938332
171.182129,-44.94173
171.175018,-44.949902
171.167923,-44.95985
171.165436,-44.966599
171.164703,-44.970276
171.1633,-44.978333
171.149719,-44.996666
171.079956,-45.067223
171.026642,-45.103333
170.975525,-45.151108
170.966064,-45.163055
170.961914,-45.169167
170.921631,-45.243057
170.873566,-45.358055
170.873291,-45.367218
170.876892,-45.373886
170.871338,-45.4241709999999
170.859955,-45.487503
170.855804,-45.493889
170.750275,-45.61972
170.674683,-45.7450029999999
170.616913,-45.839439
170.558868,-45.881668
170.554413,-45.888054
170.555542,-45.896111
170.591064,-45.894165
170.600525,-45.8916699999999
170.608582,-45.888054
170.6586,-45.8586119999999
170.718018,-45.8175049999999
170.72467,-45.813057
170.773315,-45.782776
170.781097,-45.7863919999999
170.790802,-45.806946
170.790802,-45.84639
170.788879,-45.863892
170.783051,-45.878334
170.776367,-45.8827739999999
170.699982,-45.911667
170.664429,-45.9083329999999
170.573303,-45.9166639999999
170.550537,-45.919167
170.484406,-45.9269489999999
170.452454,-45.9319459999999
170.424408,-45.939438
170.382721,-45.9561079999999
170.342468,-45.97361
170.315247,-45.9913859999999
170.309692,-45.996948
170.294434,-46.013893
170.281647,-46.029442
170.263611,-46.0519409999999
170.256378,-46.065552
170.253052,-46.081947
170.252472,-46.09111
170.254425,-46.10778
170.252777,-46.1158369999999
170.240784,-46.1469499999999
170.237732,-46.154167
170.226624,-46.165001
170.214417,-46.1747209999999
170.193848,-46.1880489999999
170.169434,-46.198608
170.067749,-46.2466659999999
169.911926,-46.340279
169.863586,-46.3713839999999
169.858002,-46.376663
169.849396,-46.389442
169.848022,-46.416946
169.849976,-46.433327
169.852173,-46.440834
169.853851,-46.457504
169.8508,-46.4647219999999
169.845245,-46.469994
169.701904,-46.5580519999999
169.631348,-46.581947
169.458008,-46.623329
169.266388,-46.656387
169.133026,-46.670837
169.107727,-46.669167
169.097198,-46.666946
169.084412,-46.657501
169.0672,-46.635002
169.06192,-46.675003
169.053864,-46.678612
169.008026,-46.680832
168.883331,-46.667778
168.878296,-46.661942
168.861908,-46.6283339999999
168.862457,-46.6194459999999
168.86441,-46.6111149999999
168.86496,-46.603889
168.844971,-46.563614
168.835785,-46.560555
168.823853,-46.561111
168.733307,-46.577499
168.640533,-46.603889
168.633606,-46.606392
168.614685,-46.6111149999999
168.593018,-46.614166
168.568848,-46.6150049999999
168.516937,-46.614166
168.492737,-46.6133349999999
168.442139,-46.6015009999999
168.43663,-46.599667
168.446625,-46.584003
168.4422,-46.5750049999999
168.454407,-46.574448
168.490509,-46.5730589999999
168.502472,-46.5741729999999
168.506104,-46.5788879999999
168.499115,-46.583328
168.505554,-46.588051
168.551636,-46.594444
168.561371,-46.591942
168.566925,-46.586662
168.563599,-46.5800019999999
168.550812,-46.570557
168.541656,-46.567505
168.391357,-46.540001
168.361908,-46.5444489999999
168.353577,-46.547783
168.351624,-46.5561069999999
168.352173,-46.564445
168.362732,-46.583885
168.348236,-46.582165
168.352905,-46.584499
168.359268,-46.585831
168.365082,-46.592667
168.367249,-46.596668
168.367599,-46.6014979999999
168.364929,-46.6053309999999
168.357758,-46.6045
168.35141,-46.6031649999999
168.275269,-46.5577769999999
168.269135,-46.535561
168.268311,-46.529167
168.276642,-46.525833
168.286102,-46.5233309999999
168.307739,-46.520554
168.318298,-46.520836
168.318848,-46.529167
168.321075,-46.536667
168.328857,-46.540558
168.339417,-46.539169
168.386658,-46.49778
168.392487,-46.492226
168.395538,-46.485001
168.396088,-46.4777759999999
168.394135,-46.470276
168.37384,-46.421944
168.368835,-46.416107
168.35968,-46.415001
168.35025,-46.417503
168.250275,-46.4008329999999
168.21109,-46.3552779999999
168.206085,-46.351395
168.194702,-46.345551
168.185516,-46.342499
168.174988,-46.340279
168.116364,-46.3436129999999
168.063873,-46.351669
167.955536,-46.3713839999999
167.893036,-46.387222
167.8508,-46.399445
167.832184,-46.398613
167.824402,-46.394447
167.753876,-46.333885
167.776917,-46.312775
167.781372,-46.306389
167.7836,-46.2983399999999
167.781372,-46.2908399999999
167.778046,-46.284172
167.701904,-46.209442
167.596924,-46.1663889999999
167.556641,-46.156387
167.546356,-46.154167
167.534424,-46.152779
167.483032,-46.149727
167.471069,-46.1499939999999
167.460236,-46.15139
167.451904,-46.154716
167.446075,-46.159996
167.415527,-46.20472
167.356628,-46.254448
167.280273,-46.2730559999999
167.261108,-46.267776
167.238556,-46.2638929999999
167.086639,-46.240555
167.001373,-46.2291639999999
166.966064,-46.2247159999999
166.949982,-46.223885
166.915253,-46.226105
166.883026,-46.229996
166.836365,-46.232498
166.823029,-46.231667
166.768036,-46.22361
166.726349,-46.2141649999999
166.717468,-46.2108309999999
166.705231,-46.201111
166.670807,-46.161667
166.670258,-46.15361
166.684418,-46.145004
166.693848,-46.142776
166.709412,-46.1352769999999
166.738861,-46.119164
166.76123,-46.093613
166.784912,-46.064945
166.804749,-46.033279
166.829956,-46.003891
166.854675,-45.994164
166.886932,-45.99028
166.943298,-45.9561079999999
166.949127,-45.950836
166.94693,-45.9452739999999
166.939148,-45.944717
166.929688,-45.94722
166.836365,-45.981384
166.828033,-45.984444
166.791351,-46.0050049999999
166.785797,-46.010284
166.781097,-46.016396
166.759308,-46.035553
166.76297,-46.038387
166.764969,-46.042393
166.763657,-46.047222
166.760162,-46.050392
166.740982,-46.0660589999999
166.737793,-46.0665589999999
166.670532,-46.0872189999999
166.615784,-46.090836
166.613586,-46.0863879999999
166.617462,-46.059723
166.621063,-46.052498
166.640808,-46.015007
166.661652,-45.991943
166.625793,-45.967216
166.492462,-46.013062
166.484406,-46.01445
166.474976,-46.002785
166.467194,-45.9905549999999
166.46524,-45.9830549999999
166.464691,-45.839439
166.468842,-45.823059
166.472473,-45.8158339999999
166.476898,-45.809723
166.537476,-45.798889
166.613861,-45.801109
166.652191,-45.800278
166.699982,-45.798889
166.881348,-45.779999
166.890808,-45.777779
166.974121,-45.735001
166.987183,-45.7097239999999
166.923035,-45.705833
166.912476,-45.705276
166.887482,-45.7050019999999
166.854126,-45.707779
166.825806,-45.7147219999999
166.809418,-45.7213819999999
166.787476,-45.689995
166.775818,-45.662773
166.811539,-45.617943
166.811218,-45.61311
166.812531,-45.608112
166.816711,-45.605606
166.86969,-45.588779
166.881027,-45.586113
166.88736,-45.585278
166.895203,-45.585609
166.901367,-45.5871089999999
166.912872,-45.590946
166.980255,-45.578613
166.991913,-45.580002
167,-45.57695
167.005829,-45.571671
167.032471,-45.527779
167.041351,-45.5013959999999
166.989685,-45.5191649999999
166.891693,-45.544724
166.796875,-45.569389
166.791199,-45.570721
166.784836,-45.571556
166.777023,-45.57122
166.71051,-45.579445
166.704407,-45.574448
166.697205,-45.554718
166.699127,-45.546669
166.757477,-45.425278
166.801361,-45.3536149999999
166.821625,-45.320557
166.868835,-45.279724
166.880798,-45.279167
167.008331,-45.341667
167.0383,-45.3577799999999
167.146942,-45.427223
167.168854,-45.472496
167.205231,-45.4777759999999
167.211914,-45.475273
167.214142,-45.467216
167.209412,-45.461388
167.173584,-45.422775
167.15802,-45.406662
167.134979,-45.386116
167.12912,-45.381386
167.115509,-45.372223
167.097748,-45.3661119999999
167.087463,-45.3636169999999
167.061646,-45.345001
167.051086,-45.333328
167.081421,-45.325333
167.084076,-45.3216669999999
167.092407,-45.316498
167.097244,-45.314499
167.114227,-45.310333
167.163574,-45.302834
167.169922,-45.302998
167.173584,-45.306
167.176422,-45.30933
167.177567,-45.3138349999999
167.212738,-45.313332
167.218842,-45.3183359999999
167.232178,-45.327225
167.239685,-45.331116
167.248566,-45.3341669999999
167.260254,-45.3358309999999
167.270813,-45.334442
167.301636,-45.329445
167.309692,-45.326111
167.307739,-45.318611
167.300262,-45.314445
167.194641,-45.2714459999999
167.13829,-45.2689439999999
167.099472,-45.2721139999999
167.094147,-45.2712779999999
167.089645,-45.2687759999999
167.002197,-45.201111
166.996918,-45.145836
167.146362,-45.001671
167.198578,-44.956108
167.204407,-44.9511109999999
167.228302,-44.930832
167.241058,-44.9213869999999
167.260529,-44.907501
167.267487,-44.903053
167.312744,-44.8749999999999
167.320801,-44.871384
167.393463,-44.8629989999999
167.398987,-44.8614959999999
167.404312,-44.8634989999999
167.421799,-44.894169
167.422974,-44.898666
167.420639,-44.908497
167.417969,-44.912167
167.440796,-44.928612
167.439972,-44.9374999999999
167.441925,-44.9449999999999
167.459686,-44.99472
167.497742,-45.003891
167.507202,-45.0013959999999
167.508224,-45
167.511658,-44.9952769999999
167.511108,-44.9869459999999
167.47908,-44.903446
167.465912,-44.8764419999999
167.462753,-44.867947
167.461578,-44.863445
167.460098,-44.853947
167.459412,-44.843945
167.459915,-44.838444
167.448578,-44.7952799999999
167.453033,-44.788895
167.458588,-44.7836149999999
167.599701,-44.683884
167.743011,-44.611671
167.838867,-44.4986109999999
167.85025,-44.488052
167.949982,-44.40361
167.963593,-44.395004
168.034973,-44.353615
168.128021,-44.316948
168.141663,-44.308052
168.144714,-44.300835
168.144135,-44.292503
168.1241,-44.251404
168.143311,-44.253059
168.153595,-44.251396
168.169708,-44.24472
168.2883,-44.172775
168.293854,-44.167503
168.336639,-44.1238859999999
168.339966,-44.116661
168.337738,-44.109169
168.334412,-44.1027829999999
168.336365,-44.094444
168.36969,-44.043335
168.374969,-44.037781
168.383026,-44.034447
168.402771,-44.0297239999999
168.672211,-43.9877779999999
168.67691,-43.9936139999999
168.683044,-43.998337
168.690247,-44.002228
168.71524,-44.012222
168.723022,-44.012505
168.753876,-44.010002
168.76416,-44.008614
168.824402,-43.9883349999999
168.858582,-43.9766619999999
168.866364,-43.9733279999999
168.879669,-43.964447
168.885254,-43.9591669999999
168.961914,-43.90361
169.080765,-43.848473
169.142212,-43.794167
169.224396,-43.743332
169.271637,-43.722496
169.387482,-43.6791689999999
169.491318,-43.6434669999999
169.539154,-43.633614
169.626617,-43.613892
169.644989,-43.608894
169.652771,-43.6055599999999
169.660522,-43.601944
169.721619,-43.5733339999999
169.728302,-43.568893
169.739136,-43.5580519999999
169.767487,-43.522774
169.790527,-43.4966659999999
169.871063,-43.4066619999999
169.884155,-43.397781
169.961639,-43.371941
170.021912,-43.352501
170.028595,-43.3477779999999
170.033875,-43.342499
170.038025,-43.336113
170.049408,-43.3069459999999
170.111359,-43.2541729999999
170.2883,-43.1077799999999
170.41803,-43.052498
170.523041,-43.010559
170.531921,-43.008057
170.583038,-42.990555
170.674347,-42.95874
170.704407,-42.945831
170.750549,-42.924721
170.781097,-42.910553
170.794128,-42.90139
171.065796,-42.648056
171.108307,-42.608055
171.149719,-42.563614
171.153595,-42.55722
171.196075,-42.476662
171.2258,-42.4336089999999
171.230255,-42.40889
171.235779,-42.3941649999999
171.247467,-42.375
171.260254,-42.366112
171.270538,-42.355003
171.29776,-42.31028
171.304413,-42.296669
171.309692,-42.281944
171.31665,-42.249725
171.321075,-42.224716
171.322754,-42.2072219999999
171.324402,-42.18972
171.326355,-42.172226
171.329132,-42.15583
171.343842,-42.110832
171.361084,-42.06778
171.461639,-41.859726
171.510803,-41.76445
171.533051,-41.7663959999999
171.557739,-41.766663
171.569122,-41.766113
171.650818,-41.761391
171.663025,-41.757782
171.685791,-41.7469479999999
171.790527,-41.696388
171.855225,-41.652779
171.886658,-41.6299969999999
171.9422,-41.5502779999999
172.022766,-41.443054
172.053864,-41.417503
172.064972,-41.40361
172.122192,-41.277779
172.111633,-41.236115
172.105225,-41.153053
172.106079,-40.9113849999999
172.106354,-40.8930589999999
172.108856,-40.885559
172.113861,-40.8799969999999
172.186646,-40.813332
172.218567,-40.785835
172.224701,-40.781109
172.255249,-40.776947
172.263885,-40.77417
172.271362,-40.770554
172.299408,-40.755005
172.348297,-40.727493
172.382721,-40.698334
172.42691,-40.657776
172.478302,-40.613892
172.513321,-40.5984419999999
172.517639,-40.596783
172.523483,-40.597946
172.522644,-40.6029429999999
172.521133,-40.607277
172.520813,-40.625
172.51944,-40.631386
172.525543,-40.6325
172.534149,-40.6316679999999
172.571899,-40.617775
172.596344,-40.601395
172.628021,-40.573891
172.631622,-40.567223
172.631622,-40.559998
172.608582,-40.556946
172.601349,-40.558891
172.597015,-40.553333
172.589691,-40.558838
172.583862,-40.5600049999999
172.581024,-40.5566709999999
172.581848,-40.551666
172.589844,-40.541172
172.627167,-40.511948
172.633331,-40.509171
172.661377,-40.502785
172.712189,-40.495552
172.817749,-40.504173
172.861359,-40.507782
