"V1","V2"
148.120789,-5.46833299999992
148.114685,-5.46888899999993
148.087463,-5.45527799999996
148.079132,-5.44972100000001
148.077179,-5.44499999999999
148.073029,-5.42999999999995
148.071625,-5.42444399999994
148.072205,-5.41833299999996
148.084686,-5.38972299999995
148.09079,-5.38222199999996
148.099701,-5.3775
148.117462,-5.38416699999993
148.122192,-5.38638899999995
148.136658,-5.39944500000001
148.139435,-5.40333399999992
148.143585,-5.41305499999999
148.144989,-5.41833299999996
148.145538,-5.438333
148.143585,-5.44972100000001
148.138031,-5.45805499999994
148.133881,-5.46083399999998
148.125793,-5.46611099999996
148.120789,-5.46833299999992
