"V1","V2"
-51.011391,-0.548055999999974
-51.0722269999999,-0.554167000000007
-51.0758359999999,-0.550832999999955
-51.0772249999999,-0.544721999999979
-51.077782,-0.538610999999946
-51.0772249999999,-0.504999999999939
-51.074448,-0.493888999999967
-51.070282,-0.484443999999996
-51.061394,-0.472777999999948
-51.049728,-0.463888999999995
-50.993614,-0.424166999999954
-50.9547269999999,-0.401666999999918
-50.922501,-0.385832999999991
-50.908058,-0.379443999999978
-50.903061,-0.377499999999998
-50.898895,-0.378889000000015
-50.909172,-0.410278000000005
-50.911392,-0.415278000000001
-50.9580609999999,-0.505555999999956
-50.9613949999999,-0.509166999999934
-51.0025019999999,-0.543332999999961
-51.011391,-0.548055999999974
