"V1","V2"
26.886662,37.0966570000001
26.863888,37.0952760000001
26.853886,37.0966570000001
26.8494420000001,37.0977710000001
26.8205530000001,37.11055
26.7694440000001,37.169434
26.7683300000001,37.1733249999999
26.7691610000001,37.1763840000001
26.7780490000001,37.187775
26.7808270000001,37.1899950000001
26.7855529999999,37.190819
26.8205530000001,37.1872180000001
26.855,37.18277
26.8583300000001,37.1811070000001
26.860554,37.177216
26.8724980000001,37.150551
26.888882,37.1091540000001
26.889721,37.101662
26.8891640000001,37.0986100000001
26.886662,37.0966570000001
