"V1","V2"
30.2094380000001,78.9763790000001
30.2019390000001,78.961105
30.181385,78.962204
30.1274950000001,78.968872
30.1105540000001,78.9724880000001
30.0980529999999,78.976654
30.082218,78.986099
30.0705530000001,78.996094
30.0669399999999,79.001099
30.0863840000001,79.00444
30.2474940000001,79.007217
30.2727740000001,79.006653
30.3102760000001,79.0016630000001
30.332775,78.993866
30.336109,78.9888760000001
30.332775,78.9841460000001
30.3105550000001,78.981659
30.253887,78.981094
30.2291599999999,78.9797060000001
30.2094380000001,78.9763790000001
