"V1","V2"
-67.925003,63.1833270000001
-67.956116,63.1811070000001
-67.966949,63.183876
-68.000839,63.208046
-68.017227,63.220543
-68.0613859999999,63.257774
-68.105835,63.2994380000001
-68.111664,63.3091580000001
-68.112213,63.3136060000001
-68.106384,63.3186040000001
-68.0969539999999,63.318886
-68.085556,63.3161010000001
-68.0691679999999,63.309433
-68.048889,63.2974930000001
-68.032227,63.2849960000001
-68.0002899999999,63.2602769999999
-67.925827,63.196098
-67.920547,63.1913760000001
-67.9169459999999,63.1866530000001
-67.925003,63.1833270000001
