"V1","V2"
115.293327,-6.83879300000001
115.316673,-6.83944400000001
115.328873,-6.83944400000001
115.349426,-6.83944400000001
115.395264,-6.84166699999992
115.433037,-6.84500000000003
115.461929,-6.85055499999993
115.485809,-6.86055599999997
115.535263,-6.88638900000001
115.556374,-6.89944499999996
115.563873,-6.90555599999999
115.569443,-6.91361099999995
115.570831,-6.91916700000002
115.570831,-6.92583300000001
115.566673,-6.93555499999991
115.561096,-6.94361099999998
115.554428,-6.95055599999995
115.548027,-6.95111200000002
115.541931,-6.95055599999995
115.501663,-6.9375
115.46582,-6.92472199999992
115.44664,-6.91638899999992
115.440536,-6.91583300000002
115.386383,-6.91222199999987
115.343872,-6.93138899999991
115.340553,-6.93472199999991
115.340553,-6.94027699999998
115.343323,-6.944166
115.348038,-6.94638799999996
115.357758,-6.95055599999995
115.374153,-6.95444500000002
115.387772,-6.96138999999999
115.391098,-6.96472299999999
115.393333,-6.96944400000001
115.394707,-6.97499999999997
115.393333,-6.98027799999988
115.385818,-6.98638799999998
115.302757,-7.00750099999999
115.297211,-7.00888900000001
115.291092,-7.00833399999999
115.278053,-7.000834
115.270538,-6.99472200000002
115.267212,-6.99138799999997
115.214996,-6.93277699999999
115.211647,-6.92250000000001
115.211113,-6.90972199999987
115.214432,-6.89944499999996
115.245819,-6.84361200000001
115.248596,-6.83944400000001
115.257492,-6.83472299999994
115.271378,-6.83472299999994
115.293327,-6.83879300000001
