"V1","V2"
150.906525,-2.63594399999999
150.964691,-2.68722200000002
150.968842,-2.68999999999994
151.086639,-2.75027799999998
151.190247,-2.82611099999997
151.280823,-2.87083299999995
151.311371,-2.86999999999995
151.419128,-2.898056
151.427185,-2.90361099999996
151.464417,-2.935
151.598022,-3.02749999999992
151.641937,-3.04805599999997
151.717743,-3.11555600000003
151.726074,-3.12805599999996
151.815247,-3.19777799999997
151.820526,-3.19916599999999
151.825531,-3.19722200000001
151.833588,-3.191667
151.85553,-3.18611099999993
151.861908,-3.18694399999993
151.921906,-3.20333299999999
151.948853,-3.21083399999998
152.055817,-3.24777799999998
152.054413,-3.25999999999993
152.054413,-3.27361100000002
152.057739,-3.28388899999999
152.164703,-3.41111099999995
152.204407,-3.45444400000002
152.21051,-3.460556
152.238007,-3.47833299999996
152.252472,-3.48444499999994
152.277191,-3.49472200000002
152.306641,-3.50638899999996
152.327179,-3.51999999999992
152.355225,-3.54000000000002
152.361908,-3.54666699999996
152.367462,-3.55499999999995
152.392212,-3.59861099999995
152.411926,-3.63361099999997
152.488007,-3.64916699999992
152.493011,-3.64861100000002
152.496918,-3.65138899999999
152.503052,-3.65888899999999
152.511383,-3.67111099999994
152.553314,-3.74583299999995
152.556641,-3.75666699999994
152.555817,-3.76944400000002
152.549713,-3.78388899999993
152.546356,-3.79416700000002
152.549133,-3.79833400000001
152.573853,-3.82166699999993
152.577759,-3.82444500000003
152.582733,-3.82638899999995
152.603302,-3.83305499999994
152.659424,-3.84277800000001
152.670837,-3.859893
152.70108,-3.88305500000001
152.739685,-3.89611099999996
152.769714,-3.90027799999996
152.919128,-4.00416799999999
152.989685,-4.07583299999999
153.006927,-4.09361199999995
153.118561,-4.23916599999995
153.129395,-4.25555600000001
153.131622,-4.26027899999997
153.13443,-4.271389
153.132172,-4.37861099999998
153.130798,-4.39083399999998
153.128021,-4.39499999999998
153.121338,-4.40194400000001
153.108856,-4.41000000000003
153.092468,-4.42083399999996
153.080811,-4.42999999999995
153.066376,-4.44277799999992
153.063019,-4.44638800000001
153.054688,-4.45861099999996
153.040527,-4.485277
153.039154,-4.497499
153.039703,-4.50361199999998
153.041077,-4.50916699999993
153.043304,-4.51388899999995
153.046631,-4.51722199999995
153.059692,-4.52555599999999
153.066376,-4.53222299999999
153.077454,-4.54861099999994
153.079407,-4.58916699999992
153.077454,-4.60055499999993
152.980255,-4.76055600000001
152.97467,-4.76666599999999
152.910248,-4.82333399999993
152.891663,-4.82249999999993
152.743561,-4.67305599999992
152.735504,-4.66083299999997
152.733307,-4.65611099999995
152.693024,-4.558333
152.681366,-4.522223
152.664978,-4.46888899999993
152.66275,-4.457223
152.666382,-4.453889
152.678589,-4.44555500000001
152.681366,-4.44138800000002
152.6922,-4.39361199999996
152.697754,-4.36500000000001
152.697754,-4.35805499999998
152.694427,-4.19138800000002
152.693573,-4.18527699999999
152.69165,-4.18055500000003
152.603302,-4.00611099999998
152.581909,-3.96583299999998
152.538727,-3.90009500000002
152.512177,-3.86873100000003
152.491577,-3.85225499999996
152.374969,-3.727777
152.359955,-3.70472199999995
152.357178,-3.69361099999998
152.356628,-3.6875
152.358002,-3.66166599999997
152.355225,-3.65055599999999
152.349701,-3.64249999999993
152.289429,-3.57944399999997
152.282471,-3.57277800000003
152.190521,-3.50888899999995
152.182465,-3.50361199999998
152.156372,-3.48861099999993
152.151642,-3.48638899999992
152.146088,-3.48500000000001
152.136658,-3.48916700000001
152.131073,-3.49055600000003
152.124969,-3.49000000000001
151.984406,-3.46444500000001
151.95636,-3.45833299999993
151.934967,-3.44555499999996
151.758331,-3.32444499999997
151.708862,-3.28055599999999
151.688293,-3.25305599999996
151.620514,-3.17722199999997
151.617188,-3.17388899999997
151.608307,-3.16916699999996
151.574677,-3.15944400000001
151.532745,-3.14499999999992
151.493011,-3.13
151.483582,-3.125833
151.462189,-3.11305599999992
151.455536,-3.10611099999994
151.452759,-3.10194399999995
151.450531,-3.09722199999999
151.449982,-3.08416699999998
151.448578,-3.078889
151.443848,-3.06972200000001
151.438293,-3.06361099999992
151.417206,-3.05055599999997
151.36969,-3.02249999999998
151.281372,-2.97416599999997
151.237457,-2.95361100000002
151.214966,-2.94194399999998
151.150543,-2.89527799999996
151.122467,-2.86861099999999
151.11969,-2.86444499999999
151.113586,-2.850278
151.110779,-2.84611100000001
151.106628,-2.84333299999992
151.004425,-2.78916699999996
150.999695,-2.78722199999999
150.930542,-2.76861100000002
150.923584,-2.76861100000002
150.903046,-2.771389
150.876343,-2.77611100000001
150.861908,-2.78249999999997
150.832458,-2.78722199999999
150.819427,-2.78777799999995
150.754425,-2.77083299999993
150.750275,-2.768055
150.729675,-2.74055599999997
150.73053,-2.73444499999999
150.733856,-2.731111
150.747467,-2.71749999999997
150.752472,-2.71527799999996
150.763306,-2.71805499999994
150.824402,-2.71527799999996
150.874969,-2.71249999999998
150.887207,-2.71111099999996
150.891357,-2.70833299999998
150.894989,-2.70499999999998
150.896942,-2.70027799999997
150.885651,-2.68511100000001
150.884308,-2.678111
150.876984,-2.65594399999998
150.875641,-2.65294499999999
150.873642,-2.65094399999998
150.867798,-2.64844399999998
150.861633,-2.64977800000003
150.856293,-2.65261099999998
150.853134,-2.65344499999998
150.838013,-2.64277800000002
150.831909,-2.64222199999995
150.822205,-2.63805599999995
150.792755,-2.61666600000001
150.805817,-2.56666699999994
150.807739,-2.56333399999994
150.811371,-2.55999999999995
150.817474,-2.55916599999995
150.834686,-2.57083399999993
150.838013,-2.57416699999993
150.906525,-2.63594399999999
