"V1","V2"
164.656921,59.084435
164.704132,59.024712
164.679962,58.9049910000001
164.675812,58.89888
164.669128,58.893326
164.651367,58.882767
164.637482,58.8783260000001
164.621613,58.874435
164.606354,58.8716580000001
164.591919,58.87027
164.469421,58.866661
164.294434,58.840546
164.184418,58.823326
164.105225,58.796387
163.978851,58.7461010000001
163.923584,58.714714
163.742737,58.64138
163.592194,58.5841600000001
163.578857,58.5797200000001
163.561371,58.56916
163.520813,58.543327
163.514435,58.537498
163.478851,58.5027770000001
163.470795,58.4902730000001
163.46524,58.477768
163.466064,58.4705430000001
163.457184,58.4652710000001
163.445526,58.4674909999999
163.43692,58.474434
163.429138,58.4824910000001
163.407196,58.5138850000001
163.395538,58.536659
163.385529,58.559402
163.469971,58.5783310000001
163.483307,58.5827709999999
163.494415,58.5877689999999
163.573029,58.635826
163.58551,58.6472170000001
163.691925,58.7449950000001
163.740509,58.818886
163.74411,58.8319400000001
163.744965,58.8455430000001
163.742737,58.866661
163.743835,58.8802719999999
163.749695,58.8927689999999
163.770813,58.916664
163.815796,58.956657
163.833588,58.9672090000001
163.841843,58.994995
163.818298,59.008606
163.770538,59.0169370000001
163.757751,59.017769
163.744415,59.017494
163.72995,59.015831
163.697754,59.0077740000001
163.684143,59.0033260000001
163.673035,58.998329
163.664154,58.99305
163.677185,59.0047149999999
163.699402,59.0144420000001
163.746063,59.024162
163.774689,59.0272140000001
163.843689,59.030491
163.860016,59.030827
163.867523,59.0303270000001
163.892029,59.030827
163.953857,59.035271
164.014709,59.046387
164.030823,59.0505450000001
164.231354,59.1055529999999
164.356079,59.1586
164.42804,59.200829
164.439423,59.2055510000001
164.522217,59.2319340000001
164.538574,59.2358249999999
164.55304,59.2372130000001
164.565796,59.236382
164.57608,59.231659
164.578857,59.224434
164.656921,59.084435
