"V1","V2"
-158.864166,55.8038790000001
-158.886139,55.803604
-158.89502,55.804993
-158.901947,55.8080440000001
-158.905579,55.8130490000001
-158.908356,55.81916
-158.912506,55.8319400000001
-158.911407,55.8374940000001
-158.896667,55.8677670000001
-158.892792,55.872215
-158.832764,55.893883
-158.813049,55.893883
-158.808899,55.8922200000001
-158.78363,55.8886030000001
-158.76889,55.883606
-158.719727,55.8477710000001
-158.714996,55.8433229999999
-158.711395,55.8380430000001
-158.709717,55.8313830000001
-158.714996,55.827492
-158.723328,55.826103
-158.853333,55.8052670000001
-158.864166,55.8038790000001
