"V1","V2"
-69.6694489999999,76.5305480000001
-69.733612,76.528595
-69.763336,76.52887
-69.951675,76.545822
-69.974167,76.548599
-70.007233,76.5544280000001
-70.036392,76.5633090000001
-70.035278,76.5716550000001
-70.02861,76.5752720000001
-70.022476,76.577332
-69.9727779999999,76.5869290000001
-69.94722,76.589706
-69.878052,76.593872
-69.828339,76.595535
-69.707779,76.598328
-69.667221,76.6010889999999
-69.633621,76.6047059999999
-69.622498,76.6066440000001
-69.591675,76.6097109999999
-69.558884,76.6099850000001
-69.532227,76.60498
-69.518341,76.601379
-69.464722,76.5794370000001
-69.4666599999999,76.572495
-69.478882,76.5672150000001
-69.493881,76.562759
-69.580841,76.542206
-69.621658,76.535263
-69.6694489999999,76.5305480000001
