"V1","V2"
-71.942215,77.3044280000001
-72.008347,77.303864
-72.097504,77.312485
-72.115005,77.314697
-72.1302799999999,77.3180540000001
-72.3336179999999,77.357758
-72.4674989999999,77.377472
-72.508347,77.3844300000001
-72.527496,77.388321
-72.544449,77.3933260000001
-72.558609,77.3991550000001
-72.5733339999999,77.408875
-72.573898,77.4138790000001
-72.5625,77.419144
-72.3488919999999,77.455261
-72.259445,77.455826
-72.23555,77.4541630000001
-72.20639,77.449707
-72.046951,77.442474
-71.918335,77.437485
-71.7024989999999,77.418869
-71.5941619999999,77.3936
-71.43306,77.3910980000001
-71.375275,77.390274
-71.353882,77.3869320000001
-71.3472289999999,77.382202
-71.34584,77.3758090000001
-71.3488919999999,77.362762
-71.358047,77.358032
-71.374161,77.3541560000001
-71.56221,77.325272
-71.69249,77.3127590000001
-71.770279,77.3072050000001
-71.942215,77.3044280000001
