"V1","V2"
106.904694,10.520832
106.897751,10.5194440000001
106.890808,10.520832
106.875793,10.5302770000001
106.871353,10.533888
106.867737,10.5383320000001
106.853027,10.5594430000001
106.851357,10.561943
106.850517,10.565275
106.852837,10.5715210000001
106.868835,10.583156
106.871384,10.5955190000001
106.869926,10.607154
106.861198,10.6191529999999
106.852188,10.6255530000001
106.873291,10.635277
106.87941,10.63722
106.882187,10.63611
106.888031,10.6299970000001
106.890228,10.6247200000001
106.92746,10.592775
106.929138,10.5869430000001
106.931084,10.548054
106.930252,10.544722
106.924408,10.5386099999999
106.904694,10.520832
