"V1","V2"
116.068878,74.286926
116.048027,74.2849880000001
115.998322,74.2863770000001
115.971367,74.2888790000001
115.917236,74.295883
115.883881,74.300812
115.885818,74.320267
115.900543,74.3410950000001
115.909416,74.348328
115.92276,74.3560940000001
115.939148,74.361649
115.993042,74.374695
116.017212,74.3744200000001
116.042763,74.373032
116.06749,74.3691410000001
116.083603,74.3641510000001
116.114151,74.3416600000001
116.12442,74.323318
116.127197,74.310806
116.118042,74.3033140000001
116.103317,74.2969360000001
116.086929,74.2913670000001
116.068878,74.286926
