"V1","V2"
13.4380550000001,68.112778
13.3825000000001,68.0286100000001
13.340555,68.013885
13.2616650000001,67.9899900000001
13.25111,67.9872130000001
13.2391660000001,67.9852750000001
13.225277,68.0172120000001
13.216389,68.031662
13.210833,68.036102
13.196388,68.0369420000001
13.191944,68.031097
13.1905540000001,68.0186
13.1847210000001,68.0049900000001
13.176388,68.002777
13.1686100000001,68.006653
13.163055,68.0113830000001
13.161943,68.0169370000001
13.160831,68.0405430000001
13.1636100000001,68.0474850000001
13.291666,68.1452640000001
13.2991660000001,68.1497190000001
13.309721,68.152496
13.323332,68.153885
13.357498,68.1511080000001
13.3855550000001,68.146652
13.397499,68.1438750000001
13.4202770000001,68.131943
13.4366660000001,68.118607
13.4380550000001,68.112778
