"V1","V2"
-57.9408339999999,54.911934
-57.985832,54.870827
-57.9886089999999,54.86721
-57.9919429999999,54.8338780000001
-57.9838869999999,54.802216
-57.9802779999999,54.7986070000001
-57.971664,54.79805
-57.965553,54.799438
-57.958893,54.803047
-57.955559,54.8058240000001
-57.923889,54.8233260000001
-57.871666,54.8316649999999
-57.864723,54.8322140000001
-57.859726,54.8302760000001
-57.843613,54.820549
-57.84111,54.81694
-57.841667,54.812492
-57.848335,54.8069380000001
-57.875,54.7933270000001
-57.8819429999999,54.79055
-58.022774,54.755554
-58.031387,54.753883
-58.040001,54.752777
-58.0499949999999,54.7530520000001
-58.119995,54.755554
-58.1391679999999,54.757217
-58.159439,54.7613830000001
-58.174171,54.767769
-58.176949,54.7708280000001
-58.172379,54.7973140000001
-58.184174,54.8084719999999
-58.2197189999999,54.8258290000001
-58.222771,54.8302760000001
-58.2247159999999,54.835266
-58.225555,54.850273
-58.225555,54.86277
-58.224998,54.8669360000001
-58.2188869999999,54.875267
-58.215836,54.8780440000001
-58.2097239999999,54.877487
-58.0494459999999,54.8933260000001
-57.967773,54.919159
-57.942772,54.9249950000001
-57.940277,54.923607
-57.938606,54.9186020000001
-57.9408339999999,54.911934
