"V1","V2"
-53.65889,67.675812
-53.670837,67.6741490000001
-53.676666,67.6896970000001
-53.698608,67.720535
-53.7291639999999,67.7244260000001
-53.7408369999999,67.7280430000001
-53.748886,67.7327580000001
-53.753616,67.736649
-53.766113,67.771652
-53.763062,67.776932
-53.752785,67.7819370000001
-53.741386,67.784424
-53.7288819999999,67.7849880000001
-53.6877749999999,67.784149
-53.672501,67.782211
-53.648056,67.7699890000001
-53.632774,67.7619320000001
-53.587776,67.7335970000001
-53.585831,67.728867
-53.581116,67.7141570000001
-53.584999,67.708038
-53.590553,67.7024840000001
-53.599167,67.6972050000001
-53.6366649999999,67.680817
-53.65889,67.675812
