"V1","V2"
52.25444,-46.457504
52.191383,-46.4636149999999
52.1702730000001,-46.456947
52.109444,-46.431671
52.098328,-46.42556
52.0902710000001,-46.417229
52.0883329999999,-46.4111179999999
52.0905530000001,-46.406113
52.094994,-46.402229
52.1005550000001,-46.39917
52.1391600000001,-46.3833389999999
52.1783290000001,-46.371391
52.1949999999999,-46.370834
52.2572169999999,-46.378059
52.269997,-46.382782
52.3072200000001,-46.404724
52.3108290000001,-46.408058
52.3097150000001,-46.413612
52.3008270000001,-46.439728
52.2986070000001,-46.444725
52.2886050000001,-46.451668
52.25444,-46.457504
