"V1","V2"
-55.686386,73.2827610000001
-55.746948,73.274994
-55.7633359999999,73.2760930000001
-55.8027799999999,73.2794340000001
-55.811386,73.2819370000001
-55.871666,73.3277739999999
-55.871109,73.3291630000001
-55.868057,73.3311
-55.79834,73.3572080000001
-55.785278,73.36026
-55.756111,73.360809
-55.717773,73.36026
-55.667778,73.358871
-55.654167,73.356369
-55.646111,73.3519289999999
-55.638611,73.3466490000001
-55.628052,73.2988740000001
-55.637222,73.2930450000001
-55.66861,73.2858120000001
-55.686386,73.2827610000001
