"V1","V2"
-20.1927759999999,76.8224949999999
-20.238331,76.817764
-20.313057,76.8180540000001
-20.3366659999999,76.819153
-20.3727759999999,76.8241580000001
-20.378887,76.8299870000001
-20.387501,76.8413700000001
-20.389442,76.8472140000001
-20.386944,76.8522030000001
-20.37389,76.857758
-20.363888,76.8594210000001
-20.253056,76.867752
-20.2105559999999,76.868591
-20.192497,76.8658140000001
-20.178333,76.862198
-20.176666,76.8574829999999
-20.1661109999999,76.850815
-20.173054,76.827774
-20.176666,76.825821
-20.1927759999999,76.8224949999999
