"V1","V2"
-109.648064,78.588043
-109.569458,78.5863800000001
-109.549988,78.5866550000001
-109.500557,78.582764
-109.405273,78.5569310000001
-109.334167,78.5241550000001
-109.260559,78.4871980000001
-109.255569,78.4824830000001
-109.254997,78.478592
-109.260559,78.455826
-109.318069,78.358032
-109.327217,78.3522030000001
-109.404999,78.3063660000001
-109.428596,78.303314
-109.59584,78.302765
-109.766953,78.2941440000001
-109.824448,78.2938690000001
-109.853333,78.296646
-109.882767,78.3013760000001
-109.893066,78.3072050000001
-109.898354,78.3119200000001
-109.908623,78.3177640000001
-109.926102,78.323044
-109.955276,78.3258210000001
-109.983887,78.325546
-110.012512,78.3236080000001
-110.196381,78.303864
-110.224442,78.2999879999999
-110.252502,78.295822
-110.279449,78.284988
-110.297783,78.2810970000001
-110.354446,78.2766570000001
-110.411942,78.277206
-110.484734,78.2844240000001
-110.571671,78.289703
-110.65834,78.2930450000001
-110.715561,78.2924800000001
-110.787781,78.3069310000001
-110.856659,78.327209
-110.858887,78.3377690000001
-110.975014,78.363876
-111.002502,78.3680420000001
-111.141388,78.386108
-111.169998,78.3841550000001
-111.277786,78.3722079999999
-111.271393,78.3461
-111.306107,78.321106
-111.410004,78.277206
-111.42305,78.2722170000001
-111.438889,78.2686000000001
-111.462509,78.267487
-111.50528,78.266937
-111.575562,78.270538
-111.652496,78.272766
-111.738327,78.272766
-111.766663,78.2713780000001
-111.795273,78.2711030000001
-111.820007,78.273605
-111.864723,78.296371
-111.882217,78.3069310000001
-111.888611,78.3124850000001
-111.892776,78.3180540000001
-111.891678,78.32222
-111.91861,78.3327640000001
-111.939438,78.3383180000001
-112.133057,78.36554
-112.215012,78.3652650000001
-112.437767,78.3544310000001
-112.583069,78.343597
-112.684433,78.331375
-112.739166,78.323044
-112.787216,78.310532
-112.890839,78.2924800000001
-112.944992,78.2838750000001
-113.026947,78.272766
-113.054993,78.2713780000001
-113.142227,78.268326
-113.16861,78.2686000000001
-113.188316,78.2699890000001
-113.217773,78.277771
-113.273331,78.296371
-113.281952,78.2997130000001
-113.287781,78.302475
-113.332497,78.328873
-113.334167,78.3327640000001
-113.21611,78.3852690000001
-113.124161,78.4208220000001
-113.11528,78.4230350000001
-113.03833,78.43692
-112.71167,78.4847110000001
-112.607498,78.4994200000001
-112.363052,78.533325
-112.311661,78.539978
-112.238052,78.547211
-112.129707,78.551926
-111.988052,78.552765
-111.90361,78.5488740000001
-111.873047,78.5444340000001
-111.853058,78.5427550000001
-111.809723,78.545258
-111.752502,78.550537
-111.67778,78.563034
-111.641953,78.5741580000001
-111.60083,78.5852660000001
-111.572243,78.588593
-111.455566,78.592758
-111.391953,78.611923
-111.378601,78.617752
-111.37999,78.622757
-111.363052,78.642761
-111.160553,78.6916499999999
-110.956123,78.7183230000001
-110.791107,78.7352599999999
-110.637512,78.7485960000001
-110.460281,78.757492
-110.430557,78.758606
-110.410553,78.757767
-110.395279,78.7561040000001
-110.384453,78.7513890000001
-110.271118,78.727768
-110.164169,78.709152
-110.077789,78.6949770000001
-109.997223,78.683868
-109.861656,78.666931
-109.855827,78.660263
-109.860001,78.654434
-109.861656,78.649155
-109.861107,78.643326
-109.85527,78.637497
-109.670547,78.5913700000001
-109.648064,78.588043
