"V1","V2"
-46.753616,60.7502750000001
-46.763336,60.7491610000001
-46.7738879999999,60.7500000000001
-46.833061,60.7569430000001
-46.845001,60.760551
-46.84333,60.765549
-46.837776,60.771378
-46.803055,60.7841639999999
-46.749725,60.803322
-46.680283,60.8249970000001
-46.4561079999999,60.8905490000001
-46.428886,60.898331
-46.34639,60.9191590000001
-46.255005,60.9402690000001
-46.226105,60.9469380000001
-46.206947,60.949715
-46.196945,60.9458240000001
-46.1644439999999,60.9224930000001
-46.1677779999999,60.9072110000001
-46.169449,60.9022140000001
-46.1730579999999,60.896942
-46.190552,60.889992
-46.2066649999999,60.885269
-46.235558,60.8813779999999
-46.253891,60.876381
-46.3519439999999,60.8474880000001
-46.5025019999999,60.804161
-46.567505,60.789993
-46.753616,60.7502750000001
