"V1","V2"
18.57,60.307777
18.5616650000001,60.3052750000001
18.5491640000001,60.306107
18.521111,60.315826
18.512775,60.31916
18.401108,60.3652730000001
18.394165,60.374718
18.392498,60.3797149999999
18.3819430000001,60.4163820000001
18.3716660000001,60.4941640000001
18.3741650000001,60.4997180000001
18.3805540000001,60.5038830000001
18.389999,60.5055540000001
18.4088860000001,60.4997180000001
18.422497,60.486664
18.4561080000001,60.4274980000001
18.5072210000001,60.348053
18.5372200000001,60.342499
18.5727770000001,60.3133320000001
18.57,60.307777
