"V1","V2"
117.886932,4.02694400000007
117.874687,4.02555500000005
117.868317,4.02611100000007
117.863037,4.02749899999998
117.853317,4.03166599999997
117.844437,4.03638699999993
117.832207,4.04472199999998
117.817757,4.05833200000006
117.710274,4.14916599999992
117.68692,4.16833599999995
117.726646,4.16972099999998
117.839706,4.17194400000005
117.879433,4.17305499999998
117.903557,4.17404299999998
117.904709,4.17305499999998
117.913597,4.14111000000003
117.930267,4.05888699999997
117.92804,4.05416600000001
117.921921,4.04666600000007
117.909416,4.03861000000001
117.896652,4.03111100000001
117.886932,4.02694400000007
