"V1","V2"
-172.590576,64.7033080000001
-172.607483,64.7024690000001
-172.625,64.7033080000001
-172.638611,64.70636
-172.648376,64.7113650000001
-172.666412,64.7222140000001
-172.675995,64.7312470000001
-172.63559,64.749405
-172.628601,64.755249
-172.584442,64.7958070000001
-172.57782,64.8097080000001
-172.575562,64.8172150000001
-172.570831,64.8238679999999
-172.556976,64.8355410000001
-172.531158,64.8430330000001
-172.456146,64.8588560000001
-172.439758,64.8613740000001
-172.424713,64.8613740000001
-172.31665,64.851074
-172.30307,64.848038
-172.171112,64.7952580000001
-172.167267,64.772476
-172.391998,64.7260740000001
-172.408386,64.723297
-172.441101,64.718033
-172.590576,64.7033080000001
