"V1","V2"
-77.7438809999999,63.9266589999999
-77.753342,63.925552
-77.948608,63.9508290000001
-77.9569549999999,63.9538800000001
-77.9669489999999,63.9591600000001
-77.978882,63.9691540000001
-77.982498,63.9755480000001
-77.982498,63.9830470000001
-77.976105,63.9902730000001
-77.957504,64.004715
-77.950287,64.009155
-77.943604,64.011108
-77.923889,64.014999
-77.889999,64.0199890000001
-77.774445,64.0316620000001
-77.753891,64.0327610000001
-77.648621,64.0324860000001
-77.59111,64.030273
-77.55722,64.0280460000001
-77.549728,64.0255430000001
-77.544449,64.0219270000001
-77.545273,64.0186000000001
-77.623611,63.9972149999999
-77.6238859999999,63.995827
-77.628052,63.9911040000001
-77.63945,63.981934
-77.686386,63.954437
-77.728607,63.9322130000001
-77.7372129999999,63.9283290000001
-77.7438809999999,63.9266589999999
