"V1","V2"
-24.360001,73.4119260000001
-24.195553,73.399155
-23.849998,73.361923
-23.711666,73.3405460000001
-23.638611,73.3272090000001
-23.510002,73.3033140000001
-23.2683329999999,73.2577670000001
-23.243889,73.2488710000001
-23.209999,73.233597
-23.211109,73.228592
-23.218887,73.2236020000001
-23.230831,73.2199860000001
-23.25,73.217484
-23.2699999999999,73.21666
-23.618332,73.219437
-23.657776,73.2202610000001
-23.741108,73.2247010000001
-23.821388,73.2327580000001
-24.010002,73.254166
-24.068058,73.2613830000001
-24.125832,73.274704
-24.203888,73.28804
-24.2258299999999,73.2910920000001
-24.247219,73.2930450000001
-24.2888909999999,73.2944340000001
-24.368889,73.2908170000001
-24.41,73.2910920000001
-24.4944419999999,73.2963710000001
-24.643055,73.306366
-24.806946,73.318878
-24.849998,73.3227690000001
-24.907501,73.324432
-24.926109,73.3241580000001
-24.960556,73.3222200000001
-24.9972189999999,73.31694
-25.003056,73.3146970000001
-25.010281,73.3094180000001
-24.9888879999999,73.301651
-24.9822199999999,73.301926
-24.963055,73.3047030000001
-24.951389,73.308319
-24.924168,73.3144230000001
-24.9113879999999,73.3160860000001
-24.888054,73.31694
-24.872501,73.3138730000001
-24.794445,73.295822
-24.6769449999999,73.2802730000001
-24.5627779999999,73.270828
-24.4197199999999,73.26416
-24.2872239999999,73.258041
-24.245277,73.2561040000001
-24.1902769999999,73.2510990000001
-24.161667,73.248322
-24.146946,73.246094
-24.0652769999999,73.2316590000001
-23.947777,73.2141570000001
-23.8355559999999,73.202484
-23.757225,73.1947020000001
-23.630554,73.1841430000001
-23.610001,73.1830440000001
-23.554722,73.1847080000001
-23.4977759999999,73.1894230000001
-23.401112,73.1922
-23.2944449999999,73.1883090000001
-23.130833,73.1813660000001
-23.091667,73.1758120000001
-22.944164,73.1472170000001
-22.93861,73.1347200000001
-22.967777,73.1080319999999
-22.976109,73.1038669999999
-22.981941,73.101929
-22.9966659999999,73.0974880000001
-23.009167,73.094986
-23.058613,73.0930480000001
-23.1072239999999,73.096375
-23.127224,73.096375
-23.2075,73.095535
-23.341667,73.0908200000001
-23.3708339999999,73.088882
-23.3836099999999,73.087204
-23.490833,73.075821
-23.593891,73.0658110000001
-23.7869449999999,73.051926
-23.891666,73.046646
-23.9230539999999,73.045822
-23.941944,73.0463710000001
-23.964443,73.0480350000001
-23.984165,73.0505370000001
-24.1736109999999,73.0430450000001
-24.248055,73.034424
-24.386944,73.023605
-24.4038889999999,73.0238800000001
-24.686111,73.0563660000001
-24.7852779999999,73.0691530000001
-24.969166,73.0969390000001
-25.0108339999999,73.108322
-25.028614,73.112762
-25.046669,73.1149900000001
-25.067501,73.1160890000001
-25.102779,73.1158140000001
-25.153053,73.111923
-25.187778,73.107208
-25.22472,73.107483
-25.430832,73.119141
-25.452499,73.121094
-25.4930529999999,73.1269230000001
-25.614166,73.154434
-25.678333,73.1710970000001
-25.7074999999999,73.1802670000001
-25.712776,73.186371
-25.7124979999999,73.1913600000001
-25.709808,73.1992949999999
-25.4461099999999,73.294983
-25.354168,73.313034
-25.319721,73.3186040000001
-25.301945,73.323318
-25.290836,73.3277739999999
-25.285,73.332489
-25.284447,73.337494
-25.2855569999999,73.342758
-25.288612,73.3474880000001
-25.294445,73.3522030000001
-25.301392,73.363602
-25.299446,73.378586
-25.2847249999999,73.391373
-25.272503,73.397491
-25.256668,73.402771
-25.243053,73.405823
-25.203053,73.4111020000001
-25.1688879999999,73.411652
-25.067501,73.4086
-25.0494459999999,73.4097140000001
-24.9341659999999,73.4188690000001
-24.877224,73.4249880000001
-24.727776,73.428589
-24.656666,73.4238740000001
-24.466942,73.4166559999999
-24.397499,73.414703
-24.360001,73.4119260000001
