"V1","V2"
106.280548,3.23083300000002
106.274429,3.23027700000006
106.269707,3.23222200000004
106.240807,3.25138899999996
106.234711,3.25611100000009
106.238037,3.28027700000013
106.239464,3.28552200000013
106.242203,3.31833300000011
106.243042,3.32472200000007
106.244431,3.32999999999998
106.248596,3.33972200000005
106.272491,3.36777699999999
106.287491,3.37333299999995
106.293587,3.37249900000006
106.294983,3.36694399999999
106.294434,3.33361099999996
106.291656,3.26916600000004
106.284149,3.23444400000005
106.280548,3.23083300000002
