"V1","V2"
14.2577760000001,67.133041
14.2080550000001,67.007217
14.2005540000001,67.002777
14.191944,66.9994350000001
14.1788880000001,66.998047
14.1644439999999,66.9977719999999
14.15111,67.0236050000001
14.1480540000001,67.0288849999999
14.129444,67.0474850000001
14.1224990000001,67.0513759999999
14.0897220000001,67.0663760000001
14.0802760000001,67.069717
14.063055,67.0708310000001
14.035555,67.069153
14.0194440000001,67.069717
14.0041660000001,67.071381
13.994444,67.073318
13.99111,67.0785980000001
13.9972210000001,67.0836029999999
14.058611,67.117218
14.2080550000001,67.137772
14.2577760000001,67.133041
