"V1","V2"
122.23027,6.66083200000014
122.238312,6.59222100000011
122.19664,6.50722200000001
122.163307,6.458055
122.069992,6.42138799999998
122.050812,6.41527700000006
122.037491,6.41194300000006
122.033867,6.41111000000006
121.99054,6.40833300000003
121.972488,6.41166600000008
121.953873,6.424443
121.919983,6.44972000000007
121.910812,6.457222
121.794708,6.59361100000001
121.793587,6.60194300000001
121.792763,6.63055400000013
121.801651,6.65249900000003
121.804428,6.65722200000005
121.819992,6.672776
121.82666,6.67722100000009
121.833328,6.67888700000009
121.849426,6.67944300000011
121.859421,6.67583200000007
121.864151,6.67111
121.866928,6.66361000000012
121.868874,6.66166600000003
121.881363,6.65444400000007
121.887207,6.65555499999994
121.930267,6.66805500000004
121.933868,6.66916600000013
121.974152,6.70416600000004
121.985809,6.72055400000011
121.988037,6.72527700000006
121.997208,6.73694300000005
122.001663,6.74027599999994
122.018883,6.75
122.023613,6.75111100000009
122.074158,6.75333300000011
122.077209,6.751666
122.106934,6.71472199999999
122.14415,6.68110999999999
122.194138,6.66777700000011
122.23027,6.66083200000014
