"V1","V2"
-99.740845,-72.6236109999999
-99.6905669999999,-72.625839
-99.632507,-72.6230619999999
-99.5914,-72.616959
-99.53334,-72.605835
-99.489456,-72.5986179999999
-99.4655609999999,-72.59584
-99.3636169999999,-72.586945
-99.279724,-72.58667
-99.2544559999999,-72.5877839999999
-99.186676,-72.593613
-99.124451,-72.601669
-99.067505,-72.611679
-99.018616,-72.625839
-98.9897309999999,-72.6350099999999
-98.960556,-72.6450039999999
-98.9486239999999,-72.651947
-98.930557,-72.665283
-98.930283,-72.673615
-98.9325099999999,-72.68306
-98.949173,-72.7030639999999
-98.962509,-72.716675
-98.982513,-72.7283479999999
-99.026672,-72.743057
-99.105286,-72.758057
-99.3075099999999,-72.7939
-99.379456,-72.801956
-99.4344479999999,-72.805847
-99.490005,-72.808624
-99.552505,-72.809723
-99.637222,-72.809723
-99.666122,-72.8088989999999
-99.764725,-72.805557
-99.838348,-72.801392
-100.005836,-72.789169
-100.195557,-72.775284
-100.333893,-72.7647249999999
-100.424454,-72.75528
-100.619453,-72.733063
-100.639183,-72.730011
-100.698624,-72.720566
-100.735001,-72.713058
-100.768623,-72.705841
-100.802231,-72.69751
-100.830566,-72.686111
-100.850014,-72.673615
-100.858612,-72.665558
-100.850853,-72.6505579999999
-100.839737,-72.6363979999999
-100.811401,-72.618057
-100.800568,-72.612228
-100.78389,-72.606125
-100.76918,-72.6027829999999
-100.748901,-72.5986179999999
-100.700844,-72.593613
-100.335564,-72.556122
-100.015007,-72.5694579999999
-99.9925079999999,-72.571396
-99.969727,-72.574448
-99.933624,-72.580841
-99.8963929999999,-72.588898
-99.862503,-72.5969539999999
-99.83168,-72.6052859999999
-99.780563,-72.617508
-99.740845,-72.6236109999999
