"V1","V2"
14.8552760000001,44.1752780000001
14.9924980000001,44.083611
15.021396,44.071758
15.0264409999999,44.0426750000001
15.036665,44.026939
15.0502780000001,44.0138850000001
15.0824989999999,43.986938
15.0855540000001,43.9844440000001
15.0947,43.9824300000001
15.098855,43.985989
15.1181460000001,43.976791
15.120223,43.9646220000001
15.1252690000001,43.9592820000001
15.143055,43.95166
15.1843280000001,43.9263380000001
15.216389,43.911942
15.222776,43.907494
15.226387,43.9011080000001
15.223888,43.8980480000001
15.217222,43.890831
15.1941659999999,43.8711090000001
15.18861,43.871941
15.1799980000001,43.875275
15.148333,43.889999
15.137499,43.8963850000001
15.1080550000001,43.9199980000001
15.099722,43.9274980000001
15.0716650000001,43.957497
15.05722,43.9738850000001
15.047222,43.9888840000001
15.0361100000001,44.003609
15.028889,44.01194
14.9894430000001,44.05555
14.9777770000001,44.0652770000001
14.9713879999999,44.0700000000001
14.9359230000001,44.0904580000001
14.916943,44.109161
14.8819430000001,44.130272
14.867959,44.1305239999999
14.8602430000001,44.1299290000001
14.848966,44.1355670000001
14.8305639999999,44.1418
14.8213640000001,44.1459540000001
14.8163190000001,44.152782
14.8169130000001,44.159016
14.8213640000001,44.1634639999999
14.8246300000001,44.16317
14.824332,44.155453
14.835314,44.1462520000001
14.8451069999999,44.1459540000001
14.850153,44.1504060000001
14.8608370000001,44.1435810000001
14.8713870000001,44.1427760000001
14.859999,44.1569440000001
14.8538879999999,44.1661070000001
14.8524990000001,44.173607
14.8552760000001,44.1752780000001
