"V1","V2"
107.068047,20.727493
107.04776,20.703884
106.994431,20.7322159999999
106.989151,20.7352710000001
106.972214,20.747494
106.920532,20.7944410000001
106.909149,20.8197170000001
106.907494,20.8252750000001
106.907211,20.8288840000001
106.908043,20.8322180000001
106.910599,20.834396
106.912773,20.836384
106.921921,20.839996
106.963608,20.8511090000001
107.014427,20.8574980000001
107.026932,20.8577730000001
107.033867,20.856106
107.036377,20.8544430000001
107.087769,20.8144420000001
107.099716,20.8016620000001
107.103317,20.797218
107.069717,20.7297169999999
107.068047,20.727493
