"V1","V2"
-100.074722,68.3497160000001
-100.086403,68.2960970000001
-100.091667,68.284988
-100.099442,68.2785950000001
-100.112213,68.2763820000001
-100.128326,68.2783200000001
-100.140289,68.281662
-100.164436,68.2885890000001
-100.200562,68.299149
-100.226936,68.316086
-100.230827,68.3197170000001
-100.215561,68.318604
-100.202499,68.3197170000001
-100.191101,68.3222200000001
-100.118332,68.347214
-100.110001,68.352478
-100.085831,68.3688660000001
-100.076683,68.359711
-100.074448,68.3549800000001
-100.074722,68.3497160000001
