"V1","V2"
76.0777740000001,73.5580290000001
75.8958280000001,73.463882
75.880264,73.457489
75.7963710000001,73.4508210000001
75.626923,73.4433140000001
75.5405430000001,73.445251
75.518875,73.445816
75.4969330000001,73.4477540000001
75.512772,73.453049
75.5324860000001,73.458328
75.5394290000001,73.464706
75.5438689999999,73.495255
75.5336000000001,73.493317
75.439148,73.463043
75.3805390000001,73.4433140000001
75.358322,73.4305420000001
75.35582,73.4244230000001
75.3469160000001,73.41954
75.3542480000001,73.4123760000001
75.355247,73.4087140000001
75.3512500000001,73.4050450000001
75.3387530000001,73.4040450000001
75.3254239999999,73.4050450000001
75.319252,73.4087140000001
75.31575,73.4122090000001
75.3063200000001,73.4183350000001
75.3074800000001,73.4280400000001
75.31694,73.4405360000001
75.323608,73.44693
75.3566440000001,73.4660949999999
75.371918,73.4724880000001
75.422211,73.4919280000001
75.520538,73.524704
75.5802760000001,73.541931
75.621094,73.549988
75.662766,73.554703
75.7049870000001,73.5580290000001
75.8755340000001,73.565536
76.0061040000001,73.5688779999999
76.049713,73.567215
76.0719300000001,73.5638730000001
76.0777740000001,73.5580290000001
