"V1","V2"
15.382776,68.845276
15.4030550000001,68.7077640000001
15.4022220000001,68.6958310000001
15.399443,68.6836090000001
15.395832,68.6766660000001
15.3894440000001,68.671661
15.3813880000001,68.667221
15.3622210000001,68.660263
15.322498,68.6469420000001
15.0702760000001,68.5752720000001
15.0591660000001,68.572495
15.043888,68.57222
14.9013880000001,68.581375
14.864443,68.583878
14.8502769999999,68.5863800000001
14.804443,68.612488
14.80361,68.6180420000001
14.8149989999999,68.6333310000001
14.8216650000001,68.638321
14.8561100000001,68.6458280000001
14.916943,68.656387
15.058332,68.680832
15.1436100000001,68.6938779999999
15.1577760000001,68.6949920000001
15.1644440000001,68.699997
15.15,68.7491610000001
15.1358320000001,68.751663
15.0591660000001,68.75972
15.0091649999999,68.763885
14.9966659999999,68.7619320000001
15.006388,68.758331
15.0466650000001,68.7508240000001
15.0661110000001,68.7438810000001
15.0672210000001,68.738052
15.0605550000001,68.733047
15.0394440000001,68.718323
14.996387,68.698318
14.906666,68.6772159999999
14.894165,68.675278
14.8227769999999,68.666931
14.7438890000001,68.6591640000001
14.7319430000001,68.6619420000001
14.6636100000001,68.666656
14.549721,68.619156
14.50111,68.601944
14.4486100000001,68.604156
14.4366660000001,68.6069340000001
14.4291650000001,68.6110990000001
14.418333,68.619995
14.383055,68.6572110000001
14.3711110000001,68.6836090000001
14.37611,68.6897129999999
14.442499,68.765549
14.48361,68.7863770000001
14.5199990000001,68.8013759999999
14.529444,68.8049929999999
14.6327759999999,68.826111
14.6452770000001,68.828049
14.6624980000001,68.8274990000001
14.676666,68.825272
14.68222,68.8208310000001
14.689444,68.8049929999999
14.886665,68.754166
14.902222,68.7544400000001
14.9102760000001,68.758606
14.9391650000001,68.788055
14.9469430000001,68.799438
14.9505540000001,68.8061070000001
14.9494440000001,68.811935
14.946388,68.81694
14.941111,68.821381
14.910831,68.837494
14.905277,68.841934
14.942221,68.856934
14.9516660000001,68.86055
15.050833,68.850266
15.0672210000001,68.8483280000001
15.0888880000001,68.841934
15.106388,68.8344420000001
15.116943,68.8255460000001
15.1199990000001,68.820267
15.123888,68.8166660000001
15.1336100000001,68.813049
15.148611,68.8122100000001
15.154999,68.8172150000001
15.1563869999999,68.823318
15.153332,68.8285980000001
15.1449990000001,68.838043
15.139721,68.842773
15.0788879999999,68.892212
15.034721,68.922485
15.027498,68.9272160000001
15.0166660000001,68.9360960000001
15.0116650000001,68.941376
15.005278,68.95166
15.004444,68.957214
15.0116650000001,68.970825
15.0216660000001,68.982498
15.0350000000001,68.9930420000001
15.0447219999999,68.996384
15.0877760000001,69.0080410000001
15.1322210000001,69.0113830000001
15.144444,69.0083309999999
15.1658330000001,68.9902650000001
15.171944,68.9799960000001
15.168333,68.973328
15.2066650000001,68.8994290000001
15.292776,68.87944
15.375277,68.8494420000001
15.382776,68.845276
