"V1","V2"
121.256653,18.5661090000001
121.376648,18.492218
121.58638,18.3830530000001
121.637207,18.3616640000001
121.802467,18.303329
121.845833,18.28833
121.896103,18.2777750000001
121.936653,18.269444
121.949707,18.2688870000001
121.966087,18.272774
122.007767,18.2861100000001
122.024986,18.2963870000001
122.11998,18.376942
122.133041,18.4272190000001
122.133331,18.4333310000001
122.135818,18.4438860000001
122.156647,18.5088880000001
122.164703,18.5180550000001
122.169434,18.5194440000001
122.221649,18.5205540000001
122.229431,18.5205540000001
122.236099,18.5172200000001
122.241653,18.512775
122.323608,18.382496
122.325821,18.3783300000001
122.330551,18.3611070000001
122.342484,18.311943
122.342484,18.309162
122.336929,18.276108
122.323036,18.2505530000001
122.320267,18.246384
122.294983,18.211662
122.263893,18.1744380000001
122.25499,18.168606
122.227768,18.1566620000001
122.219437,18.1508290000001
122.189148,18.1202740000001
122.17276,18.07972
122.173599,18.070553
122.182213,18.03944
122.192467,18.027222
122.194138,18.023888
122.196091,18.003887
122.184418,17.934162
122.172493,17.886383
122.154984,17.831665
122.146942,17.803886
122.146103,17.799442
122.145828,17.783054
122.170258,17.6072199999999
122.173309,17.5938870000001
122.214996,17.469162
122.239967,17.3986050000001
122.241928,17.3933300000001
122.25499,17.365273
122.25943,17.361664
122.295258,17.3419420000001
122.300262,17.3397180000001
122.31749,17.333607
122.319992,17.333885
122.345543,17.3416629999999
122.427467,17.2686079999999
122.418869,17.160828
122.420258,17.1511080000001
122.4272,17.137218
122.433037,17.1322170000001
122.450821,17.1222190000001
122.45694,17.120831
122.483322,17.117218
122.488037,17.118328
122.493317,17.1211090000001
122.498596,17.125275
122.500816,17.1291620000001
122.505257,17.132774
122.516663,17.1388850000001
122.519989,17.1383290000001
122.523041,17.133053
122.524986,17.1277730000001
122.532761,17.103329
122.533333,17.0994420000001
122.518333,17.043888
122.468323,16.88055
122.425262,16.7852750000001
122.309708,16.56361
122.29776,16.543331
122.291931,16.5372199999999
122.282494,16.5294420000001
122.276382,16.5255550000001
122.252907,16.510807
122.207207,16.432774
122.208328,16.420551
122.211647,16.410828
122.216927,16.400272
122.223312,16.394997
122.228317,16.3958280000001
122.232758,16.398331
122.228867,16.3574980000001
122.212486,16.266666
122.206383,16.234161
122.198868,16.226383
122.153656,16.178995
122.141151,16.171661
122.124969,16.15683
122.104813,16.137663
122.091652,16.123997
122.095322,16.1111640000001
122.051933,16.0627750000001
122.041367,16.0524980000001
122.008614,16.029999
122.00444,16.027496
121.998596,16.028332
121.996933,16.02972
121.998596,16.0466650000001
122.003052,16.0558320000001
122.01915,16.0858310000001
122.026093,16.095276
122.035263,16.1061060000001
122.06498,16.142439
122.081161,16.154606
122.092484,16.1696050000001
122.113815,16.2054390000001
122.141373,16.246105
122.141098,16.250832
122.139709,16.254997
122.137207,16.257221
122.103043,16.261944
122.098328,16.261108
122.092758,16.255276
122.075546,16.2344400000001
122.071663,16.2238850000001
122.069992,16.209717
122.020828,16.1744380000001
121.976929,16.1452750000001
121.962196,16.1358300000001
121.954712,16.1324960000001
121.783333,16.0649990000001
121.765266,16.0749970000001
121.758614,16.0763850000001
121.743317,16.0680540000001
121.671654,16.008331
121.66748,16.0044439999999
121.578049,15.918055
121.563309,15.903053
121.556091,15.891666
121.552757,15.8808310000001
121.549988,15.862219
121.548317,15.837776
121.551376,15.8136099999999
121.561371,15.780832
121.568329,15.767498
121.575821,15.755554
121.583328,15.751389
121.590271,15.7508320000001
121.603867,15.7575000000001
121.609711,15.758055
121.635818,15.75111
121.637497,15.7497200000001
121.640549,15.7419410000001
121.6436,15.7316650000001
121.643051,15.7130530000001
121.599716,15.635555
121.495247,15.518332
121.410538,15.380552
121.401382,15.3791640000001
121.398331,15.3777750000001
121.392487,15.371664
121.38443,15.348886
121.37886,15.3322200000001
121.376373,15.3149990000001
121.380257,15.3024980000001
121.400269,15.2577760000001
121.417763,15.228054
121.429977,15.208609
121.432213,15.2066650000001
121.450821,15.1972200000001
121.457207,15.198608
121.463318,15.198608
121.484154,15.180553
121.488037,15.171944
121.54248,15.0216660000001
121.575546,14.9194430000001
121.584991,14.883333
121.588882,14.8705519999999
121.605263,14.8191639999999
121.626923,14.7908330000001
121.636383,14.7794440000001
121.643051,14.7738879999999
121.699997,14.6974980000001
121.690536,14.695831
121.61554,14.6683310000001
121.609421,14.661665
121.607208,14.6552770000001
121.609993,14.620275
121.611649,14.602497
121.642212,14.482498
121.676933,14.3822190000001
121.718048,14.3411080000001
121.724991,14.331942
121.72998,14.3233319999999
121.761383,14.2391640000001
121.761658,14.2269420000001
121.753883,14.204998
121.751663,14.198887
121.747757,14.194164
121.745247,14.192221
121.741653,14.191109
121.738586,14.18861
121.736099,14.1849980000001
121.733597,14.176388
121.733871,14.170832
121.737198,14.1661090000001
121.762497,14.1322190000001
121.769989,14.123608
121.910538,14.009165
121.947197,13.987776
121.958038,13.98222
122.00943,13.958887
122.0336,13.948608
122.105263,13.9227750000001
122.139709,13.9149990000001
122.143883,13.9149990000001
122.156372,13.917776
122.16304,13.9172210000001
122.189972,13.9136100000001
122.233322,13.8972209999999
122.246933,13.9230540000001
122.302467,13.9586090000001
122.303864,13.961109
122.308319,14.0008320000001
122.309418,14.015276
122.266098,14.0483320000001
122.226646,14.0758300000001
122.210823,14.08222
122.203323,14.0819420000001
122.199142,14.084997
122.182213,14.111942
122.168053,14.1358320000001
122.165268,14.146387
122.164429,14.154444
122.165543,14.158054
122.255257,14.2391640000001
122.258331,14.240831
122.271652,14.24472
122.274147,14.2444419999999
122.276382,14.2402740000001
122.277481,14.228609
122.272774,14.2105540000001
122.267761,14.20083
122.264709,14.1883320000001
122.264427,14.1791650000001
122.266937,14.1316640000001
122.267761,14.1272200000001
122.26915,14.1255530000001
122.303589,14.101109
122.31028,14.103402
122.328598,14.1072200000001
122.346649,14.1147190000001
122.349152,14.1183300000001
122.354156,14.1305520000001
122.354713,14.1377770000001
122.353592,14.1411090000001
122.343597,14.1502760000001
122.339432,14.156387
122.337196,14.1636100000001
122.336113,14.168331
122.334991,14.1849980000001
122.335541,14.19972
122.363876,14.24222
122.380257,14.258333
122.449997,14.32111
122.473312,14.340553
122.474991,14.3411080000001
122.515823,14.344721
122.541656,14.3358310000001
122.605553,14.3133319999999
122.67804,14.3377760000001
122.693863,14.3399980000001
122.713318,14.338331
122.771103,14.3197190000001
122.776093,14.317776
122.843048,14.280832
122.851089,14.275276
122.864151,14.266109
122.866089,14.2644440000001
122.929153,14.198887
123.038879,14.0694430000001
123.093872,13.972498
123.0961,13.9652750000001
123.098328,13.8922209999999
123.095543,13.883333
123.089981,13.87583
123.084152,13.872498
123.074158,13.8683300000001
123.069717,13.862219
123.065262,13.849442
123.056213,13.8163640000001
123.051651,13.7974990000001
123.049423,13.779444
123.050812,13.7730540000001
123.056931,13.767776
123.097488,13.743608
123.116653,13.7352750000001
123.118591,13.7333320000001
123.127472,13.7161080000001
123.127197,13.709164
123.122757,13.6974980000001
123.120247,13.693888
123.099991,13.6674980000001
123.132751,13.7072199999999
123.266098,13.7397190000001
123.269707,13.7411080000001
123.316383,13.786665
123.320541,13.7919430000001
123.326393,13.8052770000001
123.327209,13.81361
123.321663,13.8361090000001
123.295532,13.926664
123.268883,13.9433310000001
123.242203,13.9638860000001
123.236649,13.9744420000001
123.229713,14.002222
123.280548,14.0474990000001
123.343048,14.0869430000001
123.361099,14.08111
123.392487,14.0294440000001
123.417763,13.98222
123.4561,13.9619430000001
123.574432,13.9116649999999
123.680542,13.8774970000001
123.924988,13.7891650000001
123.969147,13.7530540000001
123.9711,13.7505550000001
123.975273,13.7377760000001
123.978592,13.7183299999999
123.978317,13.7155530000001
123.971649,13.7072199999999
123.809708,13.68722
123.787491,13.6899990000001
123.774429,13.692776
123.717758,13.7063869999999
123.617752,13.722775
123.601379,13.723608
123.592209,13.7230530000001
123.579987,13.7183299999999
123.57222,13.709997
123.56749,13.703053
123.5522,13.673887
123.536102,13.6288850000001
123.534149,13.619442
123.531937,13.5755540000001
123.534416,13.566942
123.541946,13.5581570000001
123.630539,13.4899980000001
123.63916,13.4861090000001
123.668053,13.480553
123.675262,13.4777759999999
123.679977,13.4727750000001
123.703049,13.4408319999999
123.705551,13.4355550000001
123.734154,13.3699970000001
123.748032,13.3344420000001
123.75,13.3309420000001
123.751938,13.327497
123.757492,13.3227750000001
123.786926,13.301943
123.80748,13.293055
123.813599,13.2902759999999
123.817207,13.28722
123.821114,13.27972
123.821678,13.273009
123.818512,13.2549670000001
123.833328,13.240831
123.828873,13.253887
123.828323,13.256388
123.828873,13.2613890000001
123.830833,13.264999
123.834991,13.2677760000001
123.847214,13.2633320000001
123.849152,13.2616650000001
123.869431,13.235554
123.871368,13.231941
123.871643,13.2291640000001
123.870247,13.227497
123.866928,13.2261090000001
123.856369,13.225275
123.839706,13.226664
123.824158,13.2302760000001
123.810257,13.2347200000001
123.797211,13.2347200000001
123.785812,13.23222
123.782211,13.2291640000001
123.775543,13.2205520000001
123.760536,13.188887
123.757767,13.1783310000001
123.756653,13.1613880000001
123.758331,13.088886
123.760818,13.065275
123.762772,13.0616649999999
123.776382,13.0538860000001
123.788307,13.0494420000001
123.800537,13.0483320000001
123.807747,13.0505540000001
123.838593,13.0830540000001
123.862198,13.114164
123.866653,13.121386
123.867203,13.124441
123.866653,13.1327740000001
123.870247,13.1372200000001
123.877197,13.140276
123.882202,13.1405540000001
123.898331,13.140833
123.902771,13.1405540000001
123.978043,13.106386
123.995819,13.0952760000001
124.013611,13.073053
124.023323,13.0574990000001
124.0336,13.045553
124.078873,13.009998
124.082207,13.008055
124.087196,13.0083330000001
124.09137,13.0116650000001
124.094437,13.0163880000001
124.100807,13.0316659999999
124.104713,13.0486090000001
124.109154,13.0588870000001
124.113037,13.0641650000001
124.123596,13.0705530000001
124.128593,13.07222
124.132477,13.0724980000001
124.174988,13.0736079999999
124.179703,13.07222
124.189148,13.0666660000001
124.192749,13.0633320000001
124.195824,13.057775
124.19693,13.048887
124.195824,13.036665
124.194138,13.020832
124.192749,13.0163880000001
124.153587,12.962219
124.126083,12.9072209999999
124.154709,12.85722
124.155823,12.852776
124.1586,12.8099980000001
124.143883,12.704165
124.136932,12.6666660000001
124.097488,12.554998
124.095261,12.5522210000001
124.086113,12.5436100000001
124.082764,12.540554
124.077477,12.5388870000001
124.037773,12.531666
124.013046,12.5374980000001
123.998596,12.5411090000001
123.990257,12.545277
123.976089,12.5524980000001
123.969147,12.5591640000001
123.87886,12.651388
123.860527,12.692776
123.851379,12.7227750000001
123.848877,12.7319410000001
123.839981,12.8252750000001
123.84137,12.830832
123.860809,12.869442
123.863037,12.870275
123.871094,12.868053
123.884987,12.861387
123.903587,12.850275
123.930267,12.8449969999999
123.935532,12.8452760000001
123.940536,12.846664
124.016388,12.871664
124.024147,12.878054
124.030548,12.8852770000001
124.033051,12.8908330000001
124.046097,12.919998
124.047211,12.9227750000001
124.046654,12.9327750000001
124.039429,12.9491649999999
124.028587,12.9630530000001
124.024147,12.964443
123.896652,12.972775
123.894707,12.972775
123.888321,12.9694420000001
123.884987,12.962219
123.88472,12.939442
123.883881,12.9366650000001
123.859421,12.898054
123.857208,12.895832
123.825546,12.8741650000001
123.809143,12.8630520000001
123.803864,12.861387
123.729156,12.853609
123.636932,12.885555
123.588318,12.9063870000001
123.506653,12.9683300000001
123.491089,12.9816650000001
123.457489,13.022499
123.450546,13.0263880000001
123.421371,13.042221
123.410263,13.044443
123.407761,13.0438880000001
123.373871,13.027498
123.359993,13.0188879999999
123.34166,13.01222
123.325546,13.0086100000001
123.32222,13.0086100000001
123.308029,13.0316659999999
123.298027,13.053331
123.290817,13.1105539999999
123.291367,13.1197190000001
123.293869,13.141666
123.295532,13.146666
123.310806,13.17861
123.246643,13.2913879999999
123.209427,13.3788850000001
123.207489,13.4
123.203598,13.4144440000001
123.201927,13.41861
123.19693,13.4244420000001
123.184708,13.4380530000001
123.16748,13.4511089999999
123.138321,13.46722
123.13472,13.4691640000001
123.06694,13.4988860000001
123.05304,13.5047210000001
123.014709,13.515276
122.99971,13.5186100000001
122.984993,13.517498
122.89444,13.5730530000001
122.890823,13.576109
122.84137,13.620831
122.839432,13.624165
122.832764,13.6383319999999
122.829987,13.650555
122.861923,13.6808320000001
122.86499,13.68611
122.855553,13.7072199999999
122.840271,13.7330530000001
122.775818,13.7869430000001
122.614151,13.891666
122.560997,13.9365670000001
122.525269,13.92111
122.502777,13.8405530000001
122.483322,13.7063869999999
122.484421,13.6966650000001
122.486366,13.6899990000001
122.502777,13.646111
122.577209,13.53611
122.608322,13.499441
122.62886,13.476387
122.650269,13.4463860000001
122.661652,13.427221
122.663879,13.421944
122.669144,13.407221
122.680542,13.3736079999999
122.699997,13.2516650000001
122.702477,13.231941
122.702477,13.223886
122.701103,13.219164
122.61998,13.169998
122.607483,13.1638870000001
122.599991,13.163332
122.592758,13.1638870000001
122.586113,13.166388
122.578323,13.1719440000001
122.562759,13.185555
122.524147,13.23222
122.524696,13.2813870000001
122.524986,13.308332
122.523323,13.3224980000001
122.51915,13.3447210000001
122.518333,13.347219
122.492752,13.402498
122.4897,13.4086090000001
122.403587,13.519165
122.333603,13.5811100000001
122.327477,13.5858310000001
122.31192,13.5936090000001
122.268883,13.6030519999999
122.260818,13.603609
122.248871,13.599165
122.24054,13.594997
122.208328,13.6019420000001
122.176086,13.67222
122.108597,13.7638870000001
122.065536,13.774721
122.060532,13.774721
122.055817,13.77611
121.908867,13.8519420000001
121.830276,13.8972209999999
121.820541,13.9049989999999
121.816383,13.910831
121.816383,13.918055
121.821114,13.931942
121.820541,13.93611
121.81694,13.9399990000001
121.811653,13.943054
121.754707,13.964443
121.75,13.9649980000001
121.740257,13.9652750000001
121.720261,13.965832
121.71666,13.965553
121.701927,13.959164
121.474152,13.834721
121.467209,13.828609
121.462486,13.82111
121.443588,13.789999
121.438583,13.7730540000001
121.436653,13.7575000000001
121.387772,13.6636099999999
121.362762,13.6541650000001
121.334717,13.6372200000001
121.279427,13.5938869999999
121.23027,13.62722
121.186096,13.6427760000001
121.177467,13.64361
121.165817,13.6416660000001
121.131653,13.6333330000001
121.055542,13.66222
121.062759,13.709997
121.062187,13.7174969999999
121.046944,13.7549990000001
121.042213,13.7616650000001
121.038879,13.764444
121.02388,13.7719440000001
121.016098,13.7755550000001
120.998322,13.782221
120.994713,13.782221
120.988037,13.780554
120.974701,13.773888
120.928864,13.775
120.919144,13.8577750000001
120.916092,13.871109
120.911652,13.878885
120.898331,13.8927760000001
120.888893,13.899166
120.879433,13.902498
120.763893,13.929443
120.750267,13.93222
120.742752,13.9330540000001
120.736099,13.9316650000001
120.71666,13.9252760000001
120.7061,13.915554
120.659714,13.8619420000001
120.6586,13.8602749999999
120.657494,13.8308319999999
120.6586,13.8280540000001
120.667213,13.811388
120.676376,13.79361
120.677467,13.7872199999999
120.676651,13.782221
120.673027,13.774721
120.668053,13.768332
120.664703,13.766943
120.661102,13.768332
120.655823,13.7719440000001
120.626373,13.8074990000001
120.62442,13.8108310000001
120.619476,13.8767750000001
120.617203,13.945553
120.619431,13.9649980000001
120.609993,14.1183300000001
120.578873,14.137499
120.588882,14.2158319999999
120.592209,14.23111
120.626923,14.267221
120.640823,14.2761100000001
120.656647,14.2827760000001
120.666656,14.282499
120.676651,14.2819420000001
120.708603,14.289721
120.752777,14.3180540000001
120.768051,14.329443
120.838318,14.394165
120.902481,14.451387
120.973099,14.4771030000001
120.983047,14.486942
120.988037,14.494164
120.993042,14.5108319999999
120.994141,14.518888
120.993874,14.531387
120.991089,14.549166
120.961647,14.6258300000001
120.95665,14.636944
120.94693,14.651665
120.932213,14.6730539999999
120.924103,14.6814269999999
120.90416,14.701942
120.888046,14.7174970000001
120.839432,14.7597220000001
120.837769,14.76111
120.832489,14.7608320000001
120.789703,14.758055
120.770828,14.755554
120.754707,14.753611
120.681091,14.7697200000001
120.61554,14.8063870000001
120.562759,14.8261089999999
120.551651,14.8269419999999
120.546944,14.8216650000001
120.544434,14.8174970000001
120.548599,14.7216640000001
120.550812,14.7105540000001
120.555542,14.6991649999999
120.559982,14.693888
120.578323,14.658054
120.581673,14.6500000000001
120.610809,14.518888
120.612198,14.501944
120.611099,14.492775
120.609711,14.4833320000001
120.603043,14.4622190000001
120.584152,14.4399990000001
120.579712,14.4349980000001
120.576393,14.4333320000001
120.558319,14.425276
120.54332,14.421944
120.540817,14.421944
120.493317,14.42972
120.454163,14.440554
120.3936,14.458609
120.38916,14.471664
120.380814,14.5013890000001
120.3797,14.5091650000001
120.377472,14.528055
120.317757,14.624441
120.302757,14.635832
120.253883,14.6855550000001
120.250267,14.6919420000001
120.24942,14.69722
120.25,14.7024969999999
120.253883,14.731665
120.25972,14.7661090000001
120.277481,14.779165
120.295532,14.7994420000001
120.296944,14.802498
120.296097,14.805553
120.29332,14.8083320000001
120.245247,14.847776
120.214157,14.8274970000001
120.211929,14.81361
120.200821,14.7719440000001
120.193039,14.753611
120.189972,14.749165
120.186653,14.7461089999999
120.179428,14.743053
120.1586,14.739719
120.156097,14.740553
120.132751,14.7508320000001
120.123032,14.7575000000001
120.088593,14.7816659999999
120.086113,14.785276
120.055817,14.886944
120.055542,14.891943
120.055817,14.9316650000001
120.057747,14.9513870000001
120.063873,14.980831
120.064987,14.989719
120.064987,15.020832
120.064987,15.043888
120.064423,15.0513879999999
120.054977,15.0966639999999
120.03804,15.1644440000001
120.012497,15.263887
120.005257,15.2788870000001
119.964996,15.345831
119.939148,15.379719
119.915268,15.398333
119.909988,15.400555
119.906937,15.403887
119.904984,15.4086090000001
119.899429,15.425554
119.897774,15.4363860000001
119.901093,15.4777760000001
119.901932,15.4830530000001
119.904984,15.490553
119.906937,15.491665
119.955551,15.522499
119.908333,15.6227739999999
119.919983,15.705276
119.892586,15.801124
119.913307,15.838053
119.912773,15.84333
119.909149,15.8561080000001
119.863037,15.958609
119.859421,15.9630530000001
119.85582,15.964998
119.851646,15.964998
119.815536,15.953331
119.812477,15.9516640000001
119.812477,15.9416660000001
119.810532,15.929443
119.806931,15.923054
119.80304,15.9211099999999
119.775269,15.9166660000001
119.770538,15.9211099999999
119.753326,15.9580539999999
119.752213,15.962776
119.757767,16.174164
119.784416,16.313885
119.786926,16.3230510000001
119.791367,16.332497
119.799423,16.344997
119.803307,16.3488849999999
119.824158,16.364998
119.886108,16.3966640000001
119.928864,16.3849950000001
119.929703,16.3822170000001
119.933594,16.3622170000001
119.931374,16.33083
119.919144,16.2902760000001
119.935257,16.2427710000001
120.013611,16.1838840000001
120.094437,16.1136090000001
120.095833,16.101387
120.101646,16.075275
120.102768,16.0716630000001
120.126923,16.0544430000001
120.156647,16.0361100000001
120.178589,16.0330539999999
120.198318,16.0305520000001
120.202766,16.0305520000001
120.234993,16.0338860000001
120.258614,16.0386090000001
120.281097,16.046108
120.338043,16.0755540000001
120.368591,16.0936090000001
120.395828,16.120552
120.403587,16.129719
120.421921,16.15583
120.425537,16.164997
120.426643,16.173237
120.418869,16.207497
120.406372,16.2427710000001
120.393333,16.2616649999999
120.388893,16.2663880000001
120.367203,16.284721
120.339706,16.429996
120.318878,16.5766640000001
120.317207,16.631107
120.371094,16.8513870000001
120.388046,16.859718
120.392761,16.864162
120.399719,16.873886
120.449142,16.968605
120.453873,16.9816630000001
120.455551,16.9949950000001
120.45665,17.0113870000001
120.455261,17.0363850000001
120.452477,17.0547180000001
120.431374,17.177773
120.426933,17.188049
120.455833,17.3586080000001
120.45665,17.362495
120.460541,17.3897170000001
120.461113,17.4072189999999
120.458878,17.4161070000001
120.426933,17.5097200000001
120.393883,17.540276
120.390549,17.5416640000001
120.382202,17.5394400000001
120.37915,17.536942
120.377762,17.533333
120.378593,17.5297200000001
120.381927,17.525829
120.379967,17.524166
120.370529,17.5283319999999
120.3647,17.5336070000001
120.346649,17.555832
120.338593,17.5716630000001
120.357483,17.639439
120.372482,17.6802749999999
120.394989,17.692219
120.422211,17.70805
120.439972,17.7324939999999
120.458328,17.8205530000001
120.458328,17.826385
120.450272,17.9291610000001
120.47998,18.0786090000001
120.521378,18.1888850000001
120.526382,18.201939
120.534416,18.213329
120.561096,18.253609
120.595261,18.3149989999999
120.600807,18.3308299999999
120.604431,18.3702740000001
120.601646,18.3930510000001
120.593872,18.424438
120.58194,18.4549940000001
120.572769,18.468052
120.569443,18.4777720000001
120.569153,18.4844400000001
120.570541,18.490829
120.572769,18.495548
120.585274,18.5113870000001
120.625809,18.546387
120.62915,18.548054
120.63472,18.5486070000001
120.639977,18.5469439999999
120.664429,18.538887
120.679428,18.533054
120.703049,18.52861
120.718323,18.526665
120.732681,18.5259700000001
120.740807,18.5280530000001
120.751938,18.532219
120.768051,18.540276
120.784714,18.554718
120.790817,18.561943
120.874977,18.610828
120.89888,18.578331
120.90332,18.5736080000001
120.916931,18.565273
120.931091,18.559998
120.938026,18.5588870000001
120.952766,18.5613859999999
120.959991,18.564442
120.972763,18.5769420000001
120.98349,18.589947
120.991364,18.595276
121.02916,18.608608
121.103317,18.624439
121.120247,18.6274950000001
121.1297,18.627773
121.153587,18.625275
121.175262,18.6172180000001
121.204163,18.6013870000001
121.231369,18.5844420000001
121.256653,18.5661090000001
