"V1","V2"
-52.571388,71.3461
-52.5222239999999,71.344147
-52.4622189999999,71.3474880000001
-52.431671,71.351929
-52.418335,71.352768
-52.402222,71.35054
-52.393333,71.3466490000001
-52.328339,71.2919309999999
-52.328339,71.2877660000001
-52.3330609999999,71.2830510000001
-52.339439,71.27916
-52.347778,71.2749940000001
-52.360832,71.2708280000001
-52.39389,71.2655490000001
-52.411942,71.263885
-52.453613,71.2624970000001
-52.489998,71.2588810000001
-52.592224,71.234985
-52.6027829999999,71.231369
-52.620277,71.2219240000001
-52.635277,71.2094270000001
-52.640839,71.202209
-52.6391679999999,71.188309
-52.636116,71.176926
-52.6388929999999,71.1716460000001
-52.642227,71.169144
-52.935829,71.1472170000001
-52.958893,71.1483309999999
-52.9683299999999,71.1510930000001
-53.077499,71.187485
-53.100838,71.1969300000001
-53.115837,71.2060999999999
-53.149445,71.249146
-53.152779,71.2555540000001
-53.1827769999999,71.3158110000001
-53.1844409999999,71.321381
-53.183327,71.3233180000001
-53.172501,71.333328
-53.166389,71.337204
-53.156944,71.3427580000001
-53.154716,71.3427580000001
-53.15139,71.345261
-53.130554,71.352768
-53.074722,71.3658140000001
-53.001114,71.379425
-52.970551,71.3844300000001
-52.961388,71.3852690000001
-52.926949,71.3849950000001
-52.904167,71.3830410000001
-52.730278,71.3660890000001
-52.673058,71.3588710000001
-52.655556,71.3552550000001
-52.571388,71.3461
