"V1","V2"
112.713318,74.4988710000001
112.784416,74.4955290000001
112.831383,74.4969330000001
112.998032,74.49971
113.049988,74.4977570000001
113.102203,74.4955290000001
113.213043,74.486923
113.288879,74.475815
113.351929,74.463043
113.368874,74.458328
113.39415,74.4483180000001
113.411377,74.43692
113.419983,74.4249880000001
113.433319,74.3938750000001
113.425262,74.3863830000001
113.359711,74.3466490000001
113.323036,74.323044
113.21582,74.238037
113.174423,74.2177580000001
113.15416,74.215271
113.109421,74.2130430000001
113.085541,74.2127689999999
113.02388,74.2061
113.005257,74.202484
112.9711,74.193314
112.958878,74.185532
112.943314,74.170532
112.943588,74.1641540000001
112.939972,74.1572110000001
112.828049,74.098602
112.815117,74.0938260000001
112.787773,74.091934
112.738586,74.092758
112.71138,74.094986
112.631927,74.1030430000001
112.517761,74.1147000000001
112.5,74.1173020000001
112.493042,74.118317
112.407494,74.1269230000001
112.294983,74.137497
112.267487,74.1394350000001
112.206383,74.1324769999999
112.184418,74.131088
112.159416,74.1347200000001
112.116928,74.1494289999999
112.078323,74.164703
112.069717,74.1702580000001
112.048027,74.1810910000001
112.026382,74.19165
112.013321,74.19664
111.962486,74.2105410000001
111.94136,74.214432
111.891098,74.221924
111.804977,74.2299800000001
111.722488,74.2360990000001
111.693039,74.239151
111.613312,74.24942
111.592209,74.2536010000001
111.574997,74.258331
111.483597,74.293594
111.465553,74.3047030000001
111.455551,74.3166660000001
111.454712,74.323044
111.458038,74.3299870000001
111.478592,74.344437
111.493591,74.350266
111.510536,74.354706
111.548027,74.3619230000001
111.568329,74.3641510000001
111.611366,74.3680419999999
111.676376,74.373032
111.700546,74.3733060000001
111.728317,74.371368
111.74971,74.367203
111.766663,74.362488
111.793053,74.3524780000001
111.809982,74.348038
111.831383,74.3438720000001
111.857208,74.343048
111.877762,74.3452609999999
111.968872,74.3797
111.980553,74.3874970000001
111.984154,74.3947140000001
111.975273,74.3999940000001
111.965553,74.4122010000001
111.9711,74.4785920000001
111.973877,74.491928
111.977478,74.4988710000001
112.000267,74.5213780000001
112.012207,74.5291600000001
112.025543,74.536102
112.041092,74.541656
112.078873,74.548599
112.127762,74.548874
112.15387,74.548035
112.181664,74.5460970000001
112.21138,74.542755
112.232758,74.5385890000001
112.373596,74.524429
112.713318,74.4988710000001
