"V1","V2"
156.598846,-8.20305399999995
156.594116,-8.20527799999996
156.588013,-8.20444499999996
156.581085,-8.19916699999999
156.533875,-8.09666600000003
156.531921,-8.09194399999996
156.531097,-8.07888800000001
156.524994,-7.96027900000001
156.524994,-7.954722
156.52832,-7.95138900000001
156.542206,-7.94472200000001
156.548859,-7.94388900000001
156.55719,-7.94666699999993
156.573578,-7.97111099999995
156.58609,-7.99277799999999
156.59079,-8.00694499999997
156.603851,-8.04833399999995
156.608582,-8.07083299999999
156.614685,-8.110277
156.619415,-8.15583399999997
156.618835,-8.16166699999997
156.616913,-8.16638899999998
156.603851,-8.19444499999997
156.601624,-8.19916699999999
156.598846,-8.20305399999995
