"V1","V2"
122.111923,29.7877770000001
122.181931,29.698051
122.184708,29.6877750000001
122.182213,29.675274
122.180267,29.669441
122.177467,29.664162
122.170822,29.6552730000001
122.166092,29.652496
122.129433,29.6636090000001
122.125259,29.667217
122.121918,29.683052
122.12326,29.6863559999999
122.106369,29.710827
122.102203,29.7144390000001
122.097214,29.717216
122.068604,29.725826
122.062759,29.7247160000001
122.039703,29.710552
122.033333,29.7113840000001
122.030823,29.7161060000001
122.030823,29.7280500000001
122.035538,29.739437
122.055817,29.7752760000001
122.061096,29.777222
122.106644,29.78944
122.111923,29.7877770000001
