"V1","V2"
-131.762238,53.1966550000001
-131.630554,53.08416
-131.595551,53.046104
-131.593048,53.0413820000001
-131.594727,53.035271
-131.601654,53.033051
-131.61026,53.0322110000001
-131.628876,53.0324940000001
-131.63974,53.0344390000001
-131.736664,53.0538790000001
-131.755585,53.0586010000001
-131.774445,53.0688860000001
-131.783905,53.0713810000001
-131.794739,53.0730510000001
-131.813629,53.073608
-131.829712,53.0713810000001
-131.943329,53.054993
-131.964722,53.0463869999999
-131.911957,53.005272
-131.908356,53.011108
-131.899445,53.0197140000001
-131.888062,53.026939
-131.87027,53.037498
-131.85611,53.042221
-131.847778,53.0430529999999
-131.831116,53.0430529999999
-131.811676,53.039719
-131.662781,53.007774
-131.644745,53.003883
-131.628601,52.998329
-131.61499,52.991661
-131.609711,52.9880450000001
-131.598053,52.9752660000001
-131.595825,52.9647140000001
-131.597504,52.958603
-131.61554,52.9202730000001
-131.662781,52.88221
-131.66806,52.8780439999999
-131.680573,52.871658
-131.6875,52.869156
-131.704437,52.8677670000001
-131.802216,52.8647159999999
-131.808624,52.865829
-131.833618,52.8849950000001
-131.849152,52.9019320000001
-131.87027,52.9227680000001
-131.884735,52.934433
-131.890015,52.9383240000001
-131.898346,52.9411009999999
-131.906677,52.9402690000001
-131.938599,52.9349900000001
-131.944733,52.931664
-131.982483,52.879715
-131.978607,52.8755490000001
-131.968597,52.8744350000001
-131.952789,52.8752670000001
-131.945282,52.8769380000001
-131.931396,52.88166
-131.856384,52.8561020000001
-131.775574,52.71666
-131.767517,52.713882
-131.733612,52.6986010000001
-131.726929,52.695541
-131.723053,52.691101
-131.683899,52.64222
-131.681396,52.637497
-131.659454,52.581665
-131.572784,52.5299910000001
-131.565277,52.5316620000001
-131.556671,52.532211
-131.545837,52.5302730000001
-131.481934,52.507774
-131.467499,52.5013890000001
-131.423615,52.4608230000001
-131.42749,52.4149930000001
-131.398499,52.377827
-131.39534,52.3754920000001
-131.390167,52.37466
-131.367493,52.381828
-131.365494,52.384491
-131.365997,52.390987
-131.367157,52.39716
-131.357483,52.4033200000001
-131.358337,52.414154
-131.353058,52.4183270000001
-131.328339,52.4311070000001
-131.313049,52.4341580000001
-131.272522,52.438881
-131.255585,52.440269
-131.236389,52.4391560000001
-131.232483,52.434715
-131.247498,52.3658290000001
-131.250854,52.359161
-131.258362,52.3477710000001
-131.263062,52.342766
-131.303116,52.3321
-131.319778,52.3351060000001
-131.330597,52.3327709999999
-131.332489,52.29361
-131.328339,52.284996
-131.324432,52.280823
-131.271393,52.2777710000001
-131.259186,52.284164
-131.256134,52.2908330000001
-131.248322,52.3022160000001
-131.179718,52.317772
-131.171936,52.3194429999999
-131.136414,52.311378
-131.095001,52.2861100000001
-131.015015,52.2255480000001
-131.007507,52.2172090000001
-131.00528,52.2066570000001
-131.011688,52.1936040000001
-131.015564,52.1877670000001
-131.024719,52.178047
-131.030304,52.173882
-131.036407,52.1708300000001
-131.04306,52.168327
-131.115128,52.168289
-131.166107,52.1255490000001
-131.180573,52.121658
-131.26474,52.119713
-131.298889,52.1502689999999
-131.36026,52.1891560000001
-131.366943,52.1924900000001
-131.389465,52.2058260000001
-131.411682,52.2205430000001
-131.551117,52.3338780000001
-131.573334,52.360825
-131.58194,52.3799900000001
-131.582764,52.3852690000001
-131.580566,52.390549
-131.577789,52.393608
-131.570831,52.396103
-131.548065,52.400543
-131.539734,52.4011000000001
-131.529724,52.4002690000001
-131.520294,52.397774
-131.561401,52.4316640000001
-131.661682,52.478325
-131.679169,52.4836040000001
-131.709442,52.491104
-131.762238,52.5049970000001
-131.775299,52.5116650000001
-131.892792,52.5827710000001
-132.017517,52.67749
-132.08194,52.7274859999999
-132.084717,52.732208
-132.060272,52.755272
-132.010284,52.7752690000001
-132.002502,52.7769390000001
-131.993042,52.774437
-131.973053,52.7647170000001
-131.963898,52.7566600000001
-131.944458,52.73555
-131.933624,52.728043
-131.926941,52.7247090000001
-131.917511,52.7224879999999
-131.917236,52.7258220000001
-131.937225,52.7636110000001
-131.939728,52.7683260000001
-131.95166,52.7811050000001
-131.962219,52.788605
-131.968872,52.791939
-132.03418,52.8127670000001
-132.061676,52.8138810000001
-132.058044,52.804161
-132.055573,52.7936100000001
-132.102478,52.7494350000001
-132.11026,52.748047
-132.12027,52.748878
-132.127472,52.750832
-132.214172,52.8047100000001
-132.219452,52.8083270000001
-132.228882,52.816383
-132.316406,52.9022140000001
-132.344147,52.931664
-132.346954,52.936378
-132.343048,52.942215
-132.329712,52.9458240000001
-132.313629,52.948044
-132.255585,52.9547119999999
-132.24527,52.95388
-132.238037,52.951935
-132.167786,52.9280470000001
-132.156403,52.9588850000001
-132.112488,52.9877700000001
-132.11026,52.99305
-132.112762,52.9977720000001
-132.119446,53.001106
-132.256134,53.0288770000001
-132.266968,53.0308230000001
-132.295013,53.0311050000001
-132.411957,53.031937
-132.479706,53.027214
-132.496094,53.032768
-132.507782,53.04055
-132.511963,53.0447160000001
-132.552795,53.0897140000001
-132.555573,53.094437
-132.563629,53.13916
-132.562225,53.1452710000001
-132.556671,53.149437
-132.549164,53.1511000000001
-132.539459,53.1488800000001
-132.525848,53.1422200000001
-132.501404,53.133881
-132.481659,53.130821
-132.451111,53.1280440000001
-132.413635,53.127487
-132.378601,53.1294330000001
-132.210815,53.141663
-132.070831,53.153877
-132.063904,53.15638
-132.05777,53.159714
-132.030579,53.1799930000001
-132.007507,53.1947100000001
-131.928345,53.230545
-131.921387,53.2330470000001
-131.811127,53.253609
-131.801941,53.253326
-131.794464,53.251389
-131.790558,53.2472149999999
-131.762238,53.1966550000001
