"V1","V2"
24.7916640000001,37.9983290000001
24.962776,37.8724980000001
24.998608,37.767776
24.998886,37.7638850000001
24.997219,37.7599949999999
24.9858320000001,37.7336040000001
24.9602780000001,37.6855550000001
24.947498,37.6930540000001
24.9166640000001,37.7155530000001
24.9144440000001,37.7180480000001
24.873055,37.7663880000001
24.8305550000001,37.8144380000001
24.768608,37.871109
24.7655530000001,37.8736040000001
24.752777,37.878326
24.7369420000001,37.881104
24.716942,37.8733290000001
24.713333,37.872772
24.6936069999999,37.926941
24.6902769999999,37.9513850000001
24.6905520000001,37.9555510000001
24.692219,37.9594420000001
24.6969409999999,37.965828
24.703331,37.9697190000001
24.7438890000001,37.9905549999999
24.7780530000001,37.996941
24.7916640000001,37.9983290000001
