"V1","V2"
-75.021393,23.106388
-75.016403,23.104164
-75.008896,23.1036110000001
-74.967514,23.1047210000001
-74.96167,23.1027760000001
-74.925293,23.0869410000001
-74.8502809999999,23.0041660000001
-74.847504,22.9999999999999
-74.841125,22.9649960000001
-74.83223,22.901108
-74.8277889999999,22.865555
-74.830566,22.860832
-74.835281,22.8583300000001
-74.840561,22.856667
-74.847504,22.856388
-74.853348,22.8580549999999
-74.9005579999999,22.948608
-74.910004,22.9672200000001
-74.9258419999999,23.006107
-74.9358369999999,23.0238880000001
-74.963058,23.0602760000001
-74.969177,23.0680540000001
-74.9722289999999,23.07111
-74.976669,23.074165
-74.9866789999999,23.0788879999999
-74.993057,23.079998
-75.035568,23.0844420000001
-75.0505679999999,23.085552
-75.065002,23.085552
-75.084167,23.0888859999999
-75.092117,23.096497
-75.10112,23.100832
-75.1237869999999,23.1136670000001
-75.1292879999999,23.116831
-75.168617,23.142832
-75.163284,23.154163
-75.161285,23.1564980000001
-75.156944,23.159496
-75.13195,23.150166
-75.127609,23.1458300000001
-75.126122,23.1431640000001
-75.123947,23.1373330000001
-75.126282,23.1353320000001
-75.1337809999999,23.136166
-75.1429439999999,23.1404970000001
-75.1447909999999,23.1406650000001
-75.143616,23.1376650000001
-75.1416169999999,23.135498
-75.126617,23.1238310000001
-75.123947,23.121998
-75.090454,23.1063330000001
-75.082779,23.104664
-75.0730589999999,23.1094440000001
-75.068344,23.111942
-75.0858459999999,23.137997
-75.1075129999999,23.1647189999999
-75.108063,23.2702750000001
-75.121124,23.3311079999999
-75.126678,23.346107
-75.131393,23.355274
-75.136673,23.363888
-75.179459,23.3980520000001
-75.2572329999999,23.4897190000001
-75.3033449999999,23.630276
-75.3075099999999,23.667774
-75.303894,23.664997
-75.2863919999999,23.6466640000001
-75.274734,23.629997
-75.109451,23.3483310000001
-75.100006,23.3299980000001
-75.098068,23.3249970000001
-75.084732,23.2711110000001
-75.0825039999999,23.2599980000001
-75.0822299999999,23.2536090000001
-75.084167,23.2352749999999
-75.0855559999999,23.228886
-75.0855559999999,23.209721
-75.078903,23.176109
-75.072784,23.154999
-75.0688929999999,23.145275
-75.066116,23.140831
-75.055008,23.130554
-75.030014,23.1124990000001
-75.021393,23.106388
