"V1","V2"
82.560257,77.4619289999999
82.5380400000001,77.4583280000001
82.5036010000001,77.4588780000001
82.2055510000001,77.483322
82.1583250000001,77.4894260000001
82.1383210000001,77.493317
82.125809,77.498871
82.120255,77.5063780000001
82.1344300000001,77.5113830000001
82.1676940000001,77.515808
82.2052610000001,77.5194400000001
82.23526,77.5213780000001
82.2736050000001,77.521927
82.4166560000001,77.5124970000001
82.4438630000001,77.510269
82.4674840000001,77.5072170000001
82.5036010000001,77.4985960000001
82.5755460000001,77.4810940000001
82.580826,77.473602
82.5744320000001,77.466934
82.560257,77.4619289999999
