"V1","V2"
-96.360825,28.4024960000001
-96.363892,28.401108
-96.3702699999999,28.4027750000001
-96.367767,28.408886
-96.3644409999999,28.4127730000001
-96.3402859999999,28.4313849999999
-96.335556,28.4338839999999
-96.325012,28.4438860000001
-96.32251,28.4472160000001
-96.313049,28.4552730000001
-96.297775,28.4597170000001
-96.279449,28.470829
-96.266113,28.477772
-96.236938,28.487774
-96.2336119999999,28.4883270000001
-96.229996,28.48555
-96.232498,28.480827
-96.2419429999999,28.477772
-96.2444459999999,28.475552
-96.248428,28.474161
-96.2530669999999,28.4711070000001
-96.261124,28.465828
-96.26445,28.461941
-96.280563,28.4486050000001
-96.285278,28.4461060000001
-96.2980499999999,28.4369390000001
-96.303604,28.4349940000001
-96.326675,28.4233280000001
-96.335556,28.4174960000001
-96.3427729999999,28.4108280000001
-96.351669,28.4049950000001
-96.3555599999999,28.403049
-96.360825,28.4024960000001
