"V1","V2"
115.454987,-20.782501
115.401932,-20.8577769999999
115.378036,-20.8761099999999
115.368874,-20.880833
115.358871,-20.8627779999999
115.35582,-20.859165
115.341927,-20.851665
115.335823,-20.852501
115.3311,-20.855
115.316673,-20.875557
115.312759,-20.879166
115.306931,-20.876667
115.303864,-20.8727759999999
115.301933,-20.8686099999999
115.298027,-20.856667
115.299988,-20.8316689999999
115.301376,-20.818611
115.304153,-20.8133349999999
115.312759,-20.801113
115.341087,-20.764725
115.401657,-20.689442
115.408867,-20.6827769999999
115.425262,-20.6711119999999
115.429977,-20.668888
115.435257,-20.667221
115.441093,-20.667221
115.44664,-20.668888
115.449997,-20.6719439999999
115.45166,-20.6769449999999
115.464157,-20.742222
115.463043,-20.760559
115.459717,-20.772778
115.454987,-20.782501
