"V1","V2"
-66.9983369999999,66.493042
-66.99028,66.4891509999999
-66.976105,66.4891509999999
-66.963333,66.487198
-66.873322,66.468597
-66.868881,66.464432
-66.871384,66.4605410000001
-66.878052,66.458328
-66.9361109999999,66.445526
-66.948883,66.444702
-66.987213,66.4452509999999
-67.0302889999999,66.4524840000001
-67.036667,66.4561
-67.03833,66.4724880000001
-67.038055,66.4780430000001
-67.035278,66.4847110000001
-67.025009,66.4899750000001
-67.0069579999999,66.493042
-66.9983369999999,66.493042
