"V1","V2"
-75.527222,35.2355500000001
-75.610001,35.2222140000001
-75.65361,35.2255480000001
-75.536667,35.268326
-75.531387,35.2708280000001
-75.5219419999999,35.2780460000001
-75.517227,35.2897190000001
-75.512512,35.3077700000001
-75.491943,35.418053
-75.465012,35.579994
-75.4647219999999,35.5911030000001
-75.474167,35.6347200000001
-75.482773,35.6697160000001
-75.504181,35.7274859999999
-75.5108339999999,35.7402729999999
-75.527222,35.7647170000001
-75.528061,35.769989
-75.52417,35.774162
-75.520004,35.7761000000001
-75.518066,35.7769390000001
-75.512512,35.7772140000001
-75.508621,35.7736050000001
-75.494995,35.753052
-75.482773,35.7308199999999
-75.4769439999999,35.7147140000001
-75.451675,35.61805
-75.447769,35.6030500000001
-75.4474949999999,35.582497
-75.483063,35.345825
-75.488892,35.325272
-75.515839,35.246384
-75.527222,35.2355500000001
