"V1","V2"
123.194977,-1.2974999999999
123.230553,-1.398889
123.257217,-1.38444399999997
123.260818,-1.38111099999998
123.313599,-1.30388899999997
123.333328,-1.26805599999994
123.339432,-1.25361099999998
123.349716,-1.23666700000001
123.357208,-1.23055599999998
123.366928,-1.22638899999998
123.372482,-1.22499999999997
123.378593,-1.22416699999997
123.401932,-1.22305499999999
123.407211,-1.22416699999997
123.455261,-1.23666700000001
123.538307,-1.27694500000001
123.547211,-1.28166700000003
123.553307,-1.289444
123.553864,-1.30499999999995
123.553864,-1.31888900000001
123.552757,-1.33111099999991
123.533333,-1.42972200000003
123.531372,-1.43472200000002
123.528587,-1.43861099999992
123.521652,-1.44555500000001
123.457207,-1.50444499999992
123.453323,-1.50722200000001
123.448318,-1.50916699999993
123.413597,-1.522222
123.407211,-1.523056
123.361366,-1.51416699999999
123.356644,-1.49833299999995
123.353867,-1.46666599999986
123.35054,-1.45638899999994
123.323608,-1.42444399999994
123.320267,-1.42083299999996
123.309982,-1.41749999999996
123.29776,-1.41888899999998
123.292763,-1.42083299999996
123.284714,-1.42638899999997
123.274429,-1.436667
123.271652,-1.440833
123.267487,-1.45027799999997
123.255257,-1.48611099999999
123.252487,-1.49694399999998
123.245529,-1.54472199999992
123.24498,-1.56472199999996
123.246933,-1.58333299999993
123.183868,-1.62305500000002
123.179153,-1.625
123.166092,-1.62444399999993
123.161926,-1.621667
123.122208,-1.59277800000001
123.1147,-1.58666699999992
123.109154,-1.57833299999993
123.109993,-1.56555599999996
123.115257,-1.55722200000002
123.118874,-1.55388900000003
123.131088,-1.54555599999992
123.136108,-1.54361099999994
123.144989,-1.53861099999995
123.153053,-1.53333299999997
123.173599,-1.51944400000002
123.1772,-1.51611100000002
123.179703,-1.51194500000003
123.181931,-1.50722200000001
123.183319,-1.50166699999994
123.183319,-1.49472199999997
123.181931,-1.48250000000002
123.157379,-1.36755599999992
123.12915,-1.33111099999991
123.097488,-1.34750000000003
123.093597,-1.35027799999995
123.088043,-1.358611
123.039978,-1.43388900000002
123.03804,-1.43861099999992
123.032494,-1.46055599999994
123.030548,-1.46555499999994
123.02832,-1.47027800000001
123.020264,-1.48250000000002
122.988037,-1.518889
122.974991,-1.53333299999997
122.916656,-1.58472199999994
122.909149,-1.59083299999992
122.904427,-1.59277800000001
122.893333,-1.59555599999999
122.887207,-1.59638899999999
122.881088,-1.59555599999999
122.875526,-1.59416699999991
122.871368,-1.59138899999999
122.861099,-1.58111100000002
122.858322,-1.57722199999995
122.806374,-1.45722199999994
122.804977,-1.45166699999999
122.803589,-1.4325
122.803589,-1.40638899999999
122.803589,-1.37916699999988
122.805817,-1.36000000000001
122.833054,-1.28055599999993
122.837196,-1.27083299999998
122.848038,-1.25444499999998
122.891373,-1.19416699999994
122.897491,-1.18666699999989
122.905823,-1.18111099999999
122.910538,-1.17916700000001
122.922211,-1.17694399999999
123.181091,-1.14611099999996
123.186653,-1.14749999999998
123.19136,-1.149722
123.198318,-1.15638899999993
123.231934,-1.20583299999993
123.237488,-1.21416699999997
123.240807,-1.22416699999997
123.238876,-1.22916699999996
123.227768,-1.24555500000002
123.220833,-1.2525
123.216927,-1.25527799999998
123.205261,-1.25722200000001
123.200272,-1.25916699999999
123.196373,-1.26194499999997
123.194977,-1.26749999999998
123.194977,-1.2974999999999
