"V1","V2"
-62.0897219999999,49.3863830000001
-62.08139,49.3855510000001
-62.051666,49.390274
-62.0436169999999,49.3905490000001
-62.025276,49.3874970000001
-61.8922269999999,49.351387
-61.875557,49.344994
-61.8258359999999,49.31221
-61.821114,49.308884
-61.6633299999999,49.149162
-61.661667,49.14444
-61.670837,49.134163
-61.7022249999999,49.111107
-61.735558,49.0961
-61.7961119999999,49.078049
-62.019997,49.069443
-62.029167,49.069443
-62.195549,49.0749970000001
-62.368057,49.0991590000001
-62.726105,49.154709
-62.7822189999999,49.165825
-62.9466629999999,49.198875
-63.089996,49.228043
-63.097778,49.2305450000001
-63.209442,49.270828
-63.2308269999999,49.280273
-63.2427749999999,49.2874980000001
-63.253059,49.294998
-63.269997,49.311104
-63.275833,49.314713
-63.2833329999999,49.3177719999999
-63.387222,49.3438800000001
-63.4169459999999,49.35083
-63.501297,49.3703840000001
-63.5372239999999,49.379715
-63.5730589999999,49.3966600000001
-63.6161119999999,49.4469380000001
-63.6219409999999,49.4555510000001
-63.6208339999999,49.4611050000001
-63.6166609999999,49.46666
-63.6133349999999,49.473045
-63.6125029999999,49.478874
-63.6161119999999,49.488327
-63.61972,49.492767
-63.662773,49.533051
-63.6788859999999,49.5447160000001
-63.7144469999999,49.5663830000001
-63.841942,49.63916
-63.881943,49.6591570000001
-63.918335,49.674438
-64.0155639999999,49.7024920000001
-64.3069459999999,49.777489
-64.382217,49.7894360000001
-64.3899989999999,49.7897190000001
-64.418335,49.801659
-64.511124,49.858604
-64.513901,49.8636090000001
-64.510284,49.8685990000001
-64.501114,49.878044
-64.4961089999999,49.8830490000001
-64.4908289999999,49.8869399999999
-64.472778,49.8958280000001
-64.458618,49.9008260000001
-64.445541,49.904434
-64.2269439999999,49.9483260000001
-64.203613,49.950272
-64.142776,49.948044
-64.133057,49.9472120000001
-64.123886,49.9452670000001
-64.029175,49.9244380000001
-63.9588929999999,49.8980480000001
-63.6158369999999,49.849159
-63.545006,49.8433230000001
-63.492226,49.840828
-63.475273,49.840546
-63.3469469999999,49.8202740000001
-63.309723,49.813881
-63.136116,49.7808229999999
-63.074448,49.7641600000001
-62.996109,49.7366560000001
-62.786667,49.6763840000001
-62.7105559999999,49.66082
-62.545555,49.5999980000001
-62.4436109999999,49.5472180000001
-62.340553,49.486938
-62.2122189999999,49.4144360000001
-62.205833,49.4113770000001
-62.188889,49.4058230000001
-62.169167,49.4011
-62.099167,49.387772
-62.0897219999999,49.3863830000001
