"V1","V2"
-77.946655,69.6466520000001
-77.944992,69.639709
-77.946106,69.6333310000001
-77.965836,69.624985
-78.070282,69.5927580000001
-78.169998,69.570541
-78.3119349999999,69.5430450000001
-78.397781,69.5208280000001
-78.5050049999999,69.4888760000001
-78.576401,69.5016630000001
-78.5880579999999,69.506104
-78.6113889999999,69.50943
-78.626099,69.5099950000001
-78.6461179999999,69.5099950000001
-78.6644439999999,69.5074920000001
-78.6852719999999,69.498322
-78.698044,69.489151
-78.7188869999999,69.4799800000001
-78.7569579999999,69.467484
-78.8019409999999,69.455826
-78.8175049999999,69.4527740000001
-78.838608,69.4513850000001
-78.853058,69.4541630000001
-78.861938,69.4574890000001
-78.868332,69.460541
-78.8738859999999,69.464706
-78.88028,69.4769290000001
-78.8786009999999,69.4799800000001
-78.874161,69.4869230000001
-78.865005,69.4949800000001
-78.841385,69.508041
-78.826111,69.511658
-78.809723,69.5141600000001
-78.783325,69.521103
-78.764175,69.527206
-78.717773,69.544708
-78.6952669999999,69.5569310000001
-78.674438,69.5683290000001
-78.6527859999999,69.58194
-78.628052,69.6085970000001
-78.6155549999999,69.617477
-78.5863949999999,69.6319270000001
-78.575836,69.636383
-78.5225069999999,69.648331
-78.4997249999999,69.650543
-78.4827729999999,69.6494289999999
-78.400284,69.643326
-78.2608339999999,69.659988
-78.24527,69.6636050000001
-78.229446,69.671646
-78.228058,69.6774750000001
-78.236938,69.6885830000001
-78.244995,69.693314
-78.2569579999999,69.7058259999999
-78.2636259999999,69.7136080000001
-78.2691649999999,69.728043
-78.268616,69.732208
-78.265839,69.7338710000001
-78.180557,69.752213
-78.164169,69.752487
-78.154175,69.750549
-78.141953,69.7424770000001
-78.080002,69.7294309999999
-78.018341,69.7083280000001
-77.992767,69.6994170000001
-77.982773,69.6947020000001
-77.973892,69.6885830000001
-77.96611,69.681656
-77.955566,69.66832
-77.946655,69.6466520000001
