"V1","V2"
-88.84584,29.7763860000001
-88.858612,29.7583310000001
-88.853333,29.768055
-88.828613,29.845829
-88.823624,29.862495
-88.820847,29.890553
-88.8194579999999,29.922218
-88.820007,29.93055
-88.8336179999999,29.9941600000001
-88.838608,30.0108300000001
-88.842499,30.0227740000001
-88.8547209999999,30.0441630000001
-88.8602749999999,30.0516620000001
-88.865829,30.0563850000001
-88.868744,30.0606040000001
-88.857773,30.052219
-88.846664,30.0397190000001
-88.8427729999999,30.033333
-88.8377839999999,30.0224989999999
-88.8197329999999,29.980274
-88.817505,29.9733280000001
-88.810822,29.946941
-88.8080439999999,29.9261050000001
-88.805832,29.906384
-88.807495,29.884441
-88.8083339999999,29.8774950000001
-88.8169559999999,29.8383289999999
-88.8194579999999,29.8302760000001
-88.8238979999999,29.8197170000001
-88.84584,29.7763860000001
