"V1","V2"
-81.710281,12.4908330000001
-81.7130579999999,12.4902760000001
-81.715836,12.4908330000001
-81.719727,12.4941650000001
-81.7222289999999,12.49861
-81.7227779999999,12.501665
-81.720566,12.540554
-81.719727,12.5499990000001
-81.7138979999999,12.5649990000001
-81.7047269999999,12.580276
-81.6963959999999,12.589443
-81.688339,12.5911100000001
-81.6833339999999,12.5888880000001
-81.681671,12.587221
-81.680283,12.584999
-81.680008,12.581944
-81.6905669999999,12.533609
-81.691391,12.530832
-81.702515,12.507221
-81.710281,12.4908330000001
