"V1","V2"
127.9561,34.800827
127.962196,34.798332
127.968048,34.7999950000001
127.990257,34.8172150000001
128.001923,34.8208309999999
128.032471,34.817772
128.055542,34.813324
128.069122,34.8083270000001
128.073303,34.80471
128.075531,34.7999950000001
128.062469,34.7063830000001
128.060791,34.701103
128.056641,34.6974870000001
128.044434,34.6949920000001
127.984993,34.696938
127.977203,34.6977690000001
127.888603,34.7105480000001
127.880257,34.7122120000001
127.860527,34.7197110000001
127.857208,34.723877
127.852768,34.738884
127.82222,34.843048
127.826927,34.8558270000001
127.836929,34.879715
127.867752,34.917496
127.875526,34.9261020000001
127.879967,34.9294360000001
127.885818,34.931107
127.898613,34.933052
127.915268,34.929993
127.921371,34.9272160000001
127.926651,34.924164
127.930817,34.9205470000001
127.933868,34.9161000000001
127.936096,34.911377
127.937714,34.901924
127.909714,34.874161
127.906647,34.869156
127.909149,34.8472140000001
127.910263,34.841934
127.916382,34.832771
127.9561,34.800827
