"V1","V2"
-135.592224,69.4822080000001
-135.574432,69.4466400000001
-135.619995,69.4685970000001
-135.629425,69.4722140000001
-135.665283,69.4813689999999
-135.693604,69.486649
-135.740814,69.4930419999999
-135.778351,69.4960940000001
-135.810547,69.497757
-135.815552,69.502487
-135.8125,69.508041
-135.795288,69.5166630000001
-135.785553,69.5199890000001
-135.773895,69.522766
-135.761139,69.5244290000001
-135.74527,69.5247040000001
-135.666107,69.5058289999999
-135.599426,69.486099
-135.592224,69.4822080000001
