"V1","V2"
56.183331,25.654989
56.2380410000001,25.6261100000001
56.2697219999999,25.636015
56.322777,25.611111
56.3336110000001,25.605553
56.3458330000001,25.596943
56.348053,25.5916630000001
56.368332,25.5258329999999
56.3691640000001,25.5130540000001
56.3652730000001,25.465832
56.3602750000001,25.421108
56.3655550000001,25.382221
56.3758320000001,25.3419420000001
56.38166,25.3208310000001
56.3727720000001,25.2616649999999
56.3574980000001,25.1016650000001
56.356384,25.081665
56.3566670000001,25.0691640000001
56.3735280000001,24.979382
56.3652730000001,24.9794430000001
56.35305,24.977497
56.347496,24.9758300000001
56.342773,24.9733310000001
56.339012,24.969444
56.335274,24.966389
56.333885,24.9602780000001
56.3341600000001,24.9541659999999
56.3391650000001,24.926109
56.3402710000001,24.920555
56.3399960000001,24.907497
56.338608,24.9013860000001
56.3358310000001,24.896664
56.33194,24.89333
56.3222200000001,24.8891640000001
56.3105550000001,24.886108
56.296104,24.8788870000001
56.2888870000001,24.872498
56.2852710000001,24.867775
56.280472,24.857273
56.2780530000001,24.8538860000001
56.2683260000001,24.848331
56.2533260000001,24.841942
56.2261050000001,24.8336110000001
56.1887660000001,24.8249970000001
56.179718,24.7816660000001
56.146385,24.741943
56.141106,24.7402760000001
56.104164,24.7347220000001
56.0769420000001,24.7380519999999
56.071106,24.739719
56.0616610000001,24.7447200000001
56.053886,24.752777
55.9827730000001,24.862778
55.9783330000001,24.872776
55.9774930000001,24.8783300000001
55.9794390000001,24.883888
55.9827730000001,24.8877749999999
55.987495,24.8899990000001
55.993607,24.8911090000001
56.0005490000001,24.8911090000001
56.0133290000001,24.8888850000001
56.024162,24.883888
56.0330510000001,24.878609
56.0508270000001,24.8661080000001
56.037498,24.938889
56.031944,24.9538880000001
56.026665,24.9624979999999
56.0188830000001,24.9691660000001
56.009438,24.9747200000001
55.990829,24.9794430000001
55.9765700000001,24.9819870000001
55.954437,24.9836080000001
55.936104,24.981388
55.9297180000001,24.979721
55.914719,24.9733310000001
55.8955540000001,24.9636080000001
55.8819430000001,24.9555550000001
55.866386,24.942219
55.8455510000001,24.9202770000001
55.820274,24.8936079999999
55.807777,24.8780520000001
55.804993,24.872498
55.803604,24.866386
55.8030550000001,24.8602750000001
55.803604,24.8411100000001
55.8138890000001,24.729721
55.8200000000001,24.7016640000001
55.843605,24.6497190000001
55.812492,24.5961070000001
55.783882,24.5738870000001
55.78083,24.5705530000001
55.7794420000001,24.5638890000001
55.7813869999999,24.553333
55.797775,24.476944
55.8200000000001,24.4166640000001
55.815277,24.3188860000001
55.811943,24.314999
55.779999,24.2591630000001
55.776665,24.2477760000001
55.776108,24.2408330000001
55.7772219999999,24.2352750000001
55.779999,24.2308310000001
55.784996,24.228333
55.8594440000001,24.2136080000001
55.865555,24.2144430000001
55.8852770000001,24.2233310000001
55.894165,24.229164
55.9036100000001,24.233887
55.9091639999999,24.2355539999999
55.928055,24.2377780000001
55.935829,24.237221
55.9491650000001,24.234722
55.953331,24.231667
55.9561080000001,24.226665
56.0227740000001,24.087219
56.024437,24.0822220000001
56.0247190000001,24.076111
56.015274,24.07111
55.998886,24.0661090000001
55.8752750000001,24.035
55.801384,24.019997
55.6874920000001,24.03083
55.67305,24.0313870000001
55.6463850000001,24.02972
55.62944,24.0261080000001
55.510277,23.9727750000001
55.533607,23.907776
55.54277,23.902222
55.547218,23.8991660000001
55.5574950000001,23.8880540000001
55.559441,23.8838880000001
55.561386,23.871944
55.5652770000001,23.7805520000001
55.56472,23.7736090000001
55.561386,23.7619440000001
55.558884,23.758053
55.485832,23.6416660000001
55.421944,23.5072210000001
55.361382,23.326111
55.347221,23.289165
55.340553,23.2744410000001
55.3274989999999,23.250553
55.319717,23.237221
55.296387,23.2013850000001
55.2674940000001,23.157776
55.2441640000001,23.1219439999999
55.2416610000001,23.117496
55.2383270000001,23.1058310000001
55.214996,23.0205540000001
55.2138820000001,23.014442
55.212776,23.0005530000001
55.2122189999999,22.9183310000001
55.2133329999999,22.894165
55.2172160000001,22.8516650000001
55.2186050000001,22.8205530000001
55.21833,22.8074990000001
55.2172160000001,22.79361
55.1991650000001,22.6997180000001
55.141659,22.6333290000001
52.583328,22.9388900000001
51.583328,24.116659
51.5836110000001,24.25972
51.623329,24.264442
51.7258300000001,24.2611080000001
51.7736050000001,24.178333
51.769997,24.152496
51.7727740000001,24.1291660000001
51.7869420000001,24.049721
51.789444,24.039719
51.798729,24.0163310000001
51.801941,24.0102769999999
51.807777,24.0024990000001
51.8114169999999,23.999996
51.8166659999999,23.9963870000001
51.8280490000001,23.993053
51.854164,23.9880520000001
51.9341660000001,23.987499
52.080551,23.9555549999999
52.0913850000001,23.9563870000001
52.2074969999999,23.9699969999999
52.2316670000001,23.973888
52.25444,23.98
52.321533,23.999084
52.340271,24.0049970000001
52.429718,24.049721
52.438606,24.054996
52.523048,24.121666
52.57666,24.1855550000001
52.581665,24.1944429999999
52.5913850000001,24.1997180000001
52.6183320000001,24.200554
52.630554,24.1963880000001
52.637772,24.1897200000001
52.6536100000001,24.1666640000001
52.6724930000001,24.1430549999999
52.681938,24.136387
52.772217,24.136387
52.9436040000001,24.1377750000001
53.0555499999999,24.121666
53.0802760000001,24.124165
53.145828,24.1358300000001
53.2244420000001,24.136108
53.325829,24.1027760000001
53.4149930000001,24.107498
53.4597170000001,24.1061100000001
53.523331,24.089443
53.5355529999999,24.086109
53.5533290000001,24.0738870000001
53.5605550000001,24.0672190000001
53.5647200000001,24.0569420000001
53.570274,24.0488849999999
53.5808260000001,24.044167
53.5947190000001,24.044167
53.874161,24.059719
54.1186070000001,24.139442
54.128883,24.1438870000001
54.186386,24.183052
54.245827,24.2177770000001
54.381943,24.2522200000001
54.424164,24.281666
54.430832,24.289719
54.4563830000001,24.3352780000001
54.469444,24.366943
54.4761050000001,24.406944
54.478882,24.4136090000001
54.4944379999999,24.436108
54.5055540000001,24.4397200000001
54.5169370000001,24.4388890000001
54.5391619999999,24.4327770000001
54.5491640000001,24.43222
54.5591660000001,24.434444
54.570274,24.438053
54.5808260000001,24.443886
54.6691670000001,24.66333
54.657494,24.717777
54.648605,24.721664
54.650276,24.7469440000001
54.7077710000001,24.801388
54.946388,24.953609
55.0063710000001,24.9760440000001
55.016937,24.983055
55.049995,25.0058330000001
55.066383,25.0180550000001
55.1297150000001,25.0855520000001
55.1780549999999,25.1388850000001
55.1916660000001,25.1541629999999
55.205551,25.1702770000001
55.2169420000001,25.188053
55.2291640000001,25.2047200000001
55.263885,25.24361
55.301941,25.2819440000001
55.326714,25.3055949999999
55.3308260000001,25.3119430000001
55.3697200000001,25.3611110000001
55.4248500000001,25.394241
55.4591600000001,25.407497
55.46833,25.41333
55.4794390000001,25.4274980000001
55.4930190000001,25.459438
55.504166,25.47361
55.518074,25.511868
55.5274959999999,25.539997
55.53833,25.5591659999999
55.5436100000001,25.567776
55.550552,25.5758320000001
55.559715,25.5816650000001
55.56879,25.5814630000001
55.5680770000001,25.570807
55.562397,25.5622829999999
55.545582,25.5480749999999
55.5420300000001,25.5388389999999
55.544399,25.5260519999999
55.5503199999999,25.519423
55.5597920000001,25.5187110000001
55.5787350000001,25.5260519999999
55.5917590000001,25.5267620000001
55.6284600000001,25.532919
55.6358030000001,25.5400240000001
55.6391179999999,25.550678
55.6367490000001,25.5608619999999
55.642197,25.5753060000001
55.652496,25.589165
55.6911090000001,25.6230550000001
55.747101,25.6611139999999
55.8552700000001,25.717499
55.8636090000001,25.7233310000001
56.020271,25.8758320000001
56.0272220000001,25.883888
56.0313870000001,25.8947220000001
56.0436099999999,25.928608
56.07222,26.0197220000001
56.0749970000001,26.0322190000001
56.0799410000001,26.065559
56.1474910000001,26.08416
56.158878,26.0836110000001
56.185551,26.0147210000001
56.165821,25.9080509999999
56.1391600000001,25.8325
56.140831,25.734989
56.1472210000001,25.6661090000001
56.15897,25.6625000000001
56.183331,25.654989
