"V1","V2"
108.832489,2.84499899999997
108.826393,2.84416599999997
108.774429,2.88111100000003
108.772217,2.88611100000003
108.773613,2.89138800000001
108.781769,2.89980200000008
108.795532,2.90861000000001
108.816093,2.92222200000003
108.826393,2.93249900000001
108.83194,2.940833
108.836113,2.95027699999997
108.837486,2.95583299999998
108.838043,2.96888800000011
108.840271,2.98722200000009
108.842209,2.99222200000008
108.844994,2.99611000000004
108.849152,2.99888800000002
108.858597,3.00305500000002
108.871643,3.00361100000003
108.883331,3.00166700000011
108.891373,2.99611000000004
108.89415,2.99222200000008
108.896378,2.98722200000009
108.897774,2.981944
108.897774,2.97499900000003
108.888893,2.89916600000004
108.888046,2.89277700000002
108.886108,2.88805500000012
108.84137,2.84972100000005
108.837486,2.84694400000012
108.832489,2.84499899999997
