"V1","V2"
-135.28891,69.3094180000001
-135.297516,69.3049770000001
-135.33139,69.322769
-135.348053,69.3305510000001
-135.386139,69.3449860000001
-135.397797,69.348038
-135.440002,69.3558200000001
-135.486938,69.3621980000001
-135.515015,69.3674770000001
-135.526947,69.3705290000001
-135.559998,69.3802640000001
-135.565277,69.384995
-135.565552,69.390549
-135.559998,69.3966520000001
-135.549988,69.399994
-135.524445,69.4035950000001
-135.507233,69.4030460000001
-135.420288,69.3974910000001
-135.365814,69.3936
-135.337769,69.3885960000001
-135.328064,69.384995
-135.272247,69.358322
-135.271393,69.346939
-135.277222,69.328323
-135.283325,69.315262
-135.28891,69.3094180000001
