"V1","V2"
-92.963898,61.8791580000001
-92.99527,61.8511050000001
-93.001678,61.8472140000001
-93.0519409999999,61.829437
-93.070282,61.825272
-93.079727,61.826942
-93.0866699999999,61.829437
-93.115829,61.860275
-93.12027,61.8644410000001
-93.1269379999999,61.8685990000001
-93.135834,61.8724899999999
-93.1480559999999,61.8758240000001
-93.1797179999999,61.8755490000001
-93.189438,61.874161
-93.2111209999999,61.875267
-93.218887,61.8794330000001
-93.223328,61.8883290000001
-93.226105,61.908325
-93.2236179999999,61.913048
-93.218887,61.918884
-93.2094419999999,61.9211040000001
-93.0725099999999,61.9299930000001
-93.06221,61.93055
-92.969452,61.8883290000001
-92.962784,61.8841629999999
-92.963898,61.8791580000001
