"V1","V2"
113.588043,22.7505530000001
113.576103,22.748882
113.56192,22.7505530000001
113.551933,22.755554
113.459152,22.820274
113.450546,22.826385
113.423866,22.8499980000001
113.389977,22.88694
113.388321,22.8919410000001
113.387207,22.897495
113.391373,22.900551
113.407494,22.9055520000001
113.41304,22.9072190000001
113.425812,22.9083289999999
113.472488,22.904442
113.478867,22.903328
113.483871,22.900829
113.492203,22.8944400000001
113.559708,22.8258290000001
113.598602,22.774998
113.604767,22.7667729999999
113.605553,22.761387
113.602768,22.756943
113.598877,22.753609
113.588043,22.7505530000001
