"V1","V2"
28.165833,69.9122160000001
28.1972200000001,69.9063870000001
28.2266650000001,69.9022220000001
28.2761080000001,69.896652
28.3102759999999,69.890823
28.32333,69.8874969999999
28.339165,69.87944
28.3447189999999,69.874985
28.3583300000001,69.85083
28.3583300000001,69.845551
28.366665,69.836105
28.371944,69.831665
28.3797190000001,69.8274990000001
28.4049990000001,69.8216550000001
28.694721,69.7686
28.744164,69.75972
28.909721,69.733887
28.94611,69.728607
28.992222,69.7224880000001
29.0094410000001,69.7205510000001
29.098888,69.7080540000001
29.106667,69.703888
29.1274990000001,69.685822
29.1761090000001,69.6352690000001
29.183887,69.626099
29.29472,69.4952700000001
29.299721,69.48555
29.299721,69.4802700000001
29.285553,69.4636080000001
29.2691650000001,69.4519350000001
29.122219,69.370819
29.0641630000001,69.3438870000001
29.033333,69.3305510000001
29.002499,69.3172150000001
28.9916650000001,69.3138890000001
28.931664,69.2886050000001
28.9219440000001,69.284164
28.902775,69.274994
28.8363879999999,69.242767
28.826942,69.238052
28.819164,69.231934
28.7966650000001,69.188324
28.7841640000001,69.1605529999999
28.781666,69.1497190000001
28.7819440000001,69.134155
28.7844430000001,69.123886
28.7869420000001,69.1191560000001
28.802219,69.1055450000001
28.827499,69.0935970000001
28.8577770000001,69.0822140000001
28.890553,69.0713809999999
28.9573400000001,69.05162
28.9133300000001,69.0433200000001
28.877777,69.036102
28.8555530000001,69.0297090000001
28.7463870000001,68.9972079999999
28.4569440000001,68.91832
28.446663,68.9147190000001
28.4391630000001,68.908325
28.431942,68.896942
28.4322200000001,68.886383
28.447498,68.878326
28.4624979999999,68.875275
28.4791640000001,68.873596
28.5091630000001,68.8727720000001
28.5649990000001,68.8744350000001
28.7058300000001,68.878326
28.7377780000001,68.875824
28.792774,68.857773
28.812775,68.850266
28.8155520000001,68.848877
28.820553,68.844437
28.803333,68.8158260000001
28.796108,68.804443
28.7641639999999,68.7577670000001
28.7591630000001,68.7519380000001
28.7386090000001,68.734161
28.654999,68.679993
28.525833,68.5897220000001
28.5102770000001,68.578049
28.4658319999999,68.5408330000001
28.458611,68.534714
28.457497,68.531937
28.559998,68.3858180000001
28.6630550000001,68.239441
28.6933330000001,68.197495
28.6966630000001,68.1933290000001
28.8233300000001,68.1724850000001
29.16,68.116653
29.3569410000001,68.0824890000001
29.3836100000001,68.062485
29.539444,67.9388890000001
29.691666,67.815277
29.7274969999999,67.8033290000001
29.902496,67.740829
30.02861,67.6947169999999
29.9777760000001,67.5724950000001
29.964722,67.5444340000001
29.95472,67.5327760000001
29.932777,67.5138850000001
29.899998,67.4924930000001
29.8816640000001,67.4835970000001
29.7455520000001,67.4163819999999
29.5252760000001,67.293884
29.1569440000001,67.0308230000001
29.1341630000001,67.0136110000001
29.092499,66.9758300000001
29.087776,66.9699860000001
29.0830540000001,66.958603
29.079998,66.943604
29.075275,66.911377
29.0749970000001,66.8958280000001
29.0749970000001,66.8799900000001
29.0772210000001,66.874985
29.0863880000001,66.8608249999999
29.09333,66.851379
29.0977750000001,66.8469390000001
29.1230550000001,66.824707
29.134441,66.8161009999999
29.2027740000001,66.7744290000001
29.2211070000001,66.766937
29.2461090000001,66.75499
29.2597200000001,66.746658
29.273331,66.7383270000001
29.318886,66.7088780000001
29.329998,66.700272
29.3502770000001,66.682495
29.3594440000001,66.6733250000001
29.385548,66.6283110000001
29.4141650000001,66.5999910000001
29.554443,66.470276
29.5679240000001,66.4285740000001
29.5730550000001,66.4113770000001
29.574718,66.4069370000001
29.5774990000001,66.4016570000001
29.5833320000001,66.392212
29.5902750000001,66.3827670000001
29.625275,66.33638
29.6386110000001,66.3224950000001
29.7708320000001,66.2141570000001
29.7822190000001,66.2052760000001
29.799164,66.19249
29.8261110000001,66.1755520000001
29.849998,66.1636050000001
29.8763890000001,66.1522220000001
29.897221,66.140823
29.9102750000001,66.1269380000001
29.918888,66.112778
29.9483299999999,66.0497130000001
30.0322190000001,65.9222110000001
30.0911100000001,65.8427730000001
30.096664,65.833328
30.102497,65.8186039999999
30.1341630000001,65.719162
30.1349980000001,65.7091520000001
30.135277,65.7035980000001
30.13361,65.676941
30.1238860000001,65.664993
30.1116640000001,65.665268
30.0852780000001,65.671387
30.0680540000001,65.679443
30.0361100000001,65.6899869999999
30.024441,65.6911010000001
29.9924960000001,65.6852720000001
29.8188860000001,65.6533200000001
29.8341639999999,65.5883330000001
29.798054,65.537491
29.779163,65.530273
29.761387,65.5230410000001
29.746109,65.514435
29.738331,65.4811100000001
29.7397190000001,65.4555510000001
29.7455520000001,65.4147190000001
29.7500000000001,65.3527680000001
29.749443,65.347763
29.747498,65.341934
29.706108,65.319717
29.6799960000001,65.306931
29.6622200000001,65.2988740000001
29.620831,65.276657
29.6052740000001,65.2658230000001
29.598888,65.25972
29.5969430000001,65.253876
29.596386,65.2488859999999
29.5991630000001,65.2436070000001
29.6030539999999,65.2394410000001
29.609444,65.2352749999999
29.626389,65.227493
29.6397210000001,65.224442
29.6522220000001,65.223328
29.6655540000001,65.223328
29.737221,65.2266540000001
29.7874980000001,65.226379
29.813889,65.224442
29.827499,65.2224879999999
29.8430520000001,65.2199860000001
29.853611,65.21611
29.866108,65.2080540000001
29.8699990000001,65.203323
29.8727759999999,65.198318
29.874443,65.125824
29.873886,65.1208189999999
29.864719,65.116653
29.836666,65.106934
29.806942,65.0991520000001
29.773888,65.094711
29.7263870000001,65.0924990000001
29.683609,65.084442
29.6647190000001,65.079163
29.65472,65.075546
29.637218,65.0683290000001
29.6288870000001,65.063049
29.6224980000001,65.056381
29.6166650000001,65.044998
29.609444,65.023041
29.6063879999999,65.0072170000001
29.6066670000001,65.0016630000001
29.6099970000001,64.991943
29.6366650000001,64.928055
29.644997,64.9138790000001
29.652775,64.9047090000001
29.6719439999999,64.887207
29.7144430000001,64.852219
29.730553,64.839432
29.7366640000001,64.8349910000001
29.7549969999999,64.8224950000001
29.7744410000001,64.8097080000001
29.7941670000001,64.7972110000001
29.804722,64.7938840000001
29.818333,64.792496
29.8430520000001,64.792496
29.8916660000001,64.7930449999999
29.9263880000001,64.7947080000001
29.950275,64.7955470000001
30.048054,64.7955470000001
30.074444,64.79361
30.087776,64.791656
30.1158330000001,64.785828
30.1263890000001,64.7824860000001
30.140831,64.774155
30.1447220000001,64.7699890000001
30.209164,64.6727750000001
30.2105520000001,64.6677700000001
30.208611,64.6624910000001
30.1991650000001,64.6502689999999
30.186386,64.6377719999999
30.178886,64.6316530000001
30.1702769999999,64.628052
30.141666,64.6194310000001
30.0724980000001,64.604431
30.033333,64.599152
30.0205540000001,64.5961000000001
29.9808310000001,64.585831
29.9749980000001,64.5811000000001
29.9749980000001,64.5744319999999
29.9869420000001,64.5530549999999
30.00967,64.512863
30.011387,64.5116580000001
30.048885,64.502487
30.068607,64.49472
30.0872190000001,64.483047
30.0886080000001,64.478333
30.088333,64.4677730000001
30.0830540000001,64.452209
30.061386,64.422485
30.053608,64.404999
30.065552,64.396942
30.118889,64.369156
30.1272200000001,64.3649900000001
30.135277,64.361374
30.1561090000001,64.354156
30.1702769999999,64.3513790000001
30.1969410000001,64.348877
30.3216630000001,64.329437
30.3594440000001,64.319717
30.389721,64.3094330000001
30.5527759999999,64.248322
30.5608330000001,64.2444310000001
30.5666660000001,64.23999
30.573887,64.23082
30.5766640000001,64.2261050000001
30.5780530000001,64.2213750000001
30.6111110000001,64.101654
30.6144410000001,64.0866550000001
30.611664,64.0758210000001
30.6088870000001,64.064987
30.5952760000001,64.046936
30.558887,64.0205540000001
30.5436100000001,64.0099950000001
30.5286100000001,64
30.4886090000001,63.9777760000001
30.471943,63.968887
30.3980520000001,63.93055
30.27861,63.832771
30.2636110000001,63.8222200000001
30.2558330000001,63.8177720000001
30.2105520000001,63.8008270000001
30.1349980000001,63.779999
30.1147190000001,63.7752760000001
30.063053,63.7666630000001
30.033054,63.7608260000001
30.0130540000001,63.7563860000001
30.004719,63.7527769999999
29.9967120000001,63.748024
29.993332,63.7436070000001
29.995831,63.7388840000001
30.00333,63.729439
30.2063870000001,63.612778
30.2283330000001,63.6005550000001
30.244442,63.593048
30.2547190000001,63.5897219999999
30.3088870000001,63.5724950000001
30.3574980000001,63.5599980000001
30.3913880000001,63.5499950000001
30.3994410000001,63.546104
30.452499,63.5080490000001
30.461941,63.4991610000001
30.4727750000001,63.48555
30.477497,63.4811100000001
30.481667,63.478607
30.6488880000001,63.4397200000001
30.714722,63.4244380000001
30.91222,63.3536070000001
31.186386,63.2383270000001
31.219719,63.223053
31.2366640000001,63.2102740000001
31.2422220000001,63.205551
31.2458310000001,63.201111
31.383053,63.06916
31.5149990000001,62.986938
31.5241660000001,62.9783330000001
31.5889280000001,62.9144130000001
31.574997,62.901382
31.521664,62.8533330000001
31.5013890000001,62.8355480000001
31.480553,62.8188860000001
31.467499,62.8063890000001
31.4299960000001,62.758888
31.321941,62.6152730000001
31.3105550000001,62.598053
31.294167,62.564163
31.280277,62.53611
31.269165,62.518608
31.25972,62.5077740000001
31.251942,62.5033260000001
31.0827750000001,62.4130549999999
30.9641650000001,62.339165
30.834442,62.2713850000001
30.7925,62.2538830000001
30.704166,62.2105480000001
30.6325000000001,62.1661070000001
30.3961110000001,62.0166630000001
30.300552,61.956108
30.2038880000001,61.8905490000001
30.1551020000001,61.856346
30.1421740000001,61.846954
30.005554,61.7394410000001
29.9913859999999,61.7294390000001
29.809166,61.6083300000001
29.79472,61.5991590000001
29.6833310000001,61.5338820000001
29.652496,61.5177760000001
29.497498,61.436661
29.3624990000001,61.364166
29.3480530000001,61.3552700000001
29.334164,61.3452760000001
29.3019410000001,61.3183290000001
29.2850760000001,61.3028640000001
29.277496,61.294716
29.271111,61.2894440000001
29.2497220000001,61.2758329999999
29.213608,61.253326
29.1741640000001,61.2352750000001
29.157497,61.2288820000001
29.071941,61.19944
28.9708330000001,61.1627730000001
28.820553,61.106941
28.812775,61.1033330000001
28.7199970000001,61.045273
28.674164,61.001663
28.6522220000001,60.9761050000001
28.6388850000001,60.9661100000001
28.6311070000001,60.9624940000001
28.6224980000001,60.959717
28.612499,60.9588850000001
28.577774,60.961662
28.5477750000001,60.9588850000001
28.5291630000001,60.954994
28.5205540000001,60.9522170000001
28.466389,60.9252779999999
28.3888850000001,60.8866650000001
28.351109,60.865829
28.344166,60.861382
28.3380549999999,60.8558270000001
28.334442,60.849998
28.332497,60.844162
28.326385,60.8388820000001
28.2986110000001,60.8205490000001
28.2694440000001,60.804161
28.246387,60.7933269999999
28.0938870000001,60.7122190000001
27.8847200000001,60.5891649999999
27.8078310000001,60.5464020000001
27.806664,60.5486070000001
27.7899970000001,60.5661090000001
27.785275,60.5705490000001
27.7747190000001,60.5738830000001
27.762775,60.574715
27.7522200000001,60.574165
27.74361,60.572495
27.7394410000001,60.567497
27.7349970000001,60.551666
27.7341650000001,60.535553
27.738052,60.5113830000001
27.6711080000001,60.50444
27.606667,60.506104
27.4766650000001,60.5063860000001
27.4722210000001,60.502495
27.473053,60.476387
27.295555,60.5038830000001
27.2719420000001,60.525276
27.270832,60.5419390000001
27.2230530000001,60.5819400000001
27.2152750000001,60.585548
27.031387,60.538887
27.0255550000001,60.533333
27.020554,60.5269389999999
26.967499,60.445274
26.9602780000001,60.44194
26.952499,60.445549
26.9052770000001,60.4761050000001
26.811108,60.472771
26.7394410000001,60.448883
26.6669430000001,60.4266660000001
26.5636100000001,60.428055
26.5030520000001,60.443054
26.4972190000001,60.446938
26.4836080000001,60.459999
26.474998,60.4686050000001
26.473053,60.473328
26.4741630000001,60.479164
26.48,60.48555
26.564163,60.574165
26.5758320000001,60.585548
26.594997,60.5980530000001
26.6172220000001,60.6058269999999
26.6288870000001,60.6080550000001
26.648888,60.608887
26.668331,60.607498
26.688889,60.597771
26.702499,60.5861050000001
26.7349970000001,60.5752720000001
26.753887,60.5716630000001
26.754997,60.5772170000001
26.721943,60.617775
26.695274,60.640831
26.68861,60.644165
26.6591640000001,60.647499
26.645554,60.645271
26.615555,60.6402740000001
26.6072200000001,60.6369399999999
26.5460890000001,60.5819169999999
26.5269430000001,60.565277
26.4619410000001,60.5075000000001
26.456944,60.5008320000001
26.4538880000001,60.4949950000001
26.4527739999999,60.4838870000001
26.4594420000001,60.4694440000001
26.468052,60.4605480000001
26.4716640000001,60.455826
26.4783330000001,60.446938
26.48222,60.4369429999999
26.4791640000001,60.4311070000001
26.472775,60.4263840000001
26.4586110000001,60.4161070000001
26.4216650000001,60.3919370000001
26.4113880000001,60.3913880000001
26.146111,60.393883
26.0611079999999,60.423882
26.051388,60.4274980000001
26.0466650000001,60.415833
26.111664,60.3302760000001
26.1097220000001,60.3247150000001
26.104721,60.3180540000001
26.0944440000001,60.306107
26.083054,60.2949980000001
26.0744440000001,60.2930530000001
26.041943,60.2930530000001
26.0369420000001,60.2961040000001
26.038055,60.3019410000001
26.0436100000001,60.3072200000001
26.046387,60.313606
26.0444410000001,60.3183289999999
26.040554,60.3224950000001
25.996109,60.344719
25.8936080000001,60.388054
25.884163,60.3913880000001
25.8380550000001,60.401108
25.838333,60.395828
25.8636090000001,60.385826
25.87833,60.379997
25.909443,60.3602750000001
25.915276,60.355827
25.9180530000001,60.351387
25.928608,60.248604
25.9277760000001,60.2444380000001
25.9199980000001,60.241661
25.9102750000001,60.2402730000001
25.899166,60.2402730000001
25.887497,60.241661
25.881664,60.245552
25.880554,60.251106
25.8777770000001,60.2608260000001
25.873886,60.2708280000001
25.8708310000001,60.2755510000001
25.8649980000001,60.2794420000001
25.753887,60.3147200000001
25.7447760000001,60.3102190000001
25.7404420000001,60.3073880000001
25.7427750000001,60.298054
25.7416650000001,60.2905499999999
25.745552,60.2861100000001
25.788055,60.2686080000001
25.7999990000001,60.26722
25.829166,60.2708280000001
25.8411100000001,60.26944
25.8458330000001,60.2649990000001
25.7802770000001,60.232773
25.7694440000001,60.2344440000001
25.720554,60.248055
25.6741640000001,60.2752760000001
25.6536100000001,60.2916639999999
25.649719,60.2963870000001
25.647778,60.301109
25.647778,60.335548
25.657497,60.3374940000001
25.6675000000001,60.3374940000001
25.693554,60.339382
25.694553,60.342216
25.6933859999999,60.345219
25.6902770000001,60.3569409999999
25.683331,60.36055
25.672497,60.3627780000001
25.66222,60.362221
25.6527750000001,60.3602750000001
25.5761110000001,60.328888
25.5452770000001,60.3111040000001
25.4894409999999,60.2458270000001
25.478886,60.2483290000001
25.3677750000001,60.255829
25.2008320000001,60.241943
25.1922190000001,60.2399980000001
25.1488880000001,60.22361
25.146385,60.2194440000001
25.156109,60.2163850000001
25.1808320000001,60.213333
25.1933330000001,60.2108309999999
25.2011110000001,60.2074969999999
25.2033310000001,60.202774
25.1952739999999,60.1863860000001
25.188053,60.18222
25.0658300000001,60.156105
24.9588780000001,60.1366810000001
24.9494360000001,60.135559
24.85083,60.136658
24.75111,60.13694
24.6033330000001,60.121941
24.608887,60.0952760000001
24.608055,60.0897220000001
24.5919420000001,60.0566640000001
24.586666,60.053055
24.4822200000001,59.991386
24.4627760000001,59.989441
24.4211040000001,59.987221
24.421387,60.027222
24.3666650000001,60.068054
24.355,60.070549
24.333054,60.071938
24.2922210000001,60.0686040000001
24.285275,60.0644379999999
24.2819440000001,60.059441
24.2169420000001,60.039444
24.0741649999999,60.015274
23.7972180000001,59.961937
23.701939,59.9544369999999
23.628326,59.9522170000001
23.6180500000001,59.9519420000001
23.5613570000001,59.970669
23.5097900000001,59.968491
23.434444,59.950554
23.4266620000001,59.953888
23.430828,59.9602740000001
23.479443,59.9966660000001
23.5219420000001,60.019165
23.5374980000001,60.0252760000001
23.5425,60.0311050000001
23.5461079999999,60.067215
23.53833,60.0697169999999
23.519444,60.066109
23.4938890000001,60.0583270000001
23.365829,59.942215
23.2524990000001,59.8391650000001
23.246109,59.8366620000001
23.1938860000001,59.827774
22.909721,59.8049930000001
22.8897210000001,59.806389
22.8919410000001,59.810829
22.934719,59.840553
23.0869410000001,59.8791660000001
23.1149980000001,59.884438
23.1561090000001,59.8836060000001
23.1655539999999,59.886108
23.257217,59.919441
23.2966609999999,59.958611
23.3255770000001,60.0000000000001
23.338333,60.0199969999999
23.335278,60.0274960000001
23.33083,60.028328
23.317234,60.0206600000001
23.3112340000001,60.014832
23.2970090000001,60.0000000000001
23.2802730000001,59.9794390000001
23.250549,59.9452739999999
23.234718,59.9324950000001
23.2249950000001,59.926109
23.2155490000001,59.924995
23.117496,59.9224930000001
23.1072200000001,59.9224930000001
23.101109,59.926109
23.0980530000001,59.930832
23.0975,59.9358290000001
23.107777,59.96833
23.114441,59.972221
23.166939,59.9852750000001
23.2024959999999,59.9933320000001
23.2185630000001,60.0000000000001
23.2247200000001,60.0033260000001
23.25972,60.0355530000001
23.2500000000001,60.038605
23.1983300000001,60.047218
23.185555,60.0483320000001
23.146664,60.046104
23.126389,60.0441670000001
23.1094440000001,60.039444
23.101665,60.036385
23.0838850000001,60.0322190000001
23.0738870000001,60.031387
23.0494420000001,60.03611
22.995831,60.054443
22.987778,60.057777
22.985554,60.062775
22.9924960000001,60.0811080000001
23.003609,60.0913850000001
23.0172880000001,60.101219
23.0436099999999,60.1166610000001
23.0419430000001,60.120827
23.027775,60.1280520000001
23.0224990000001,60.1291660000001
22.967499,60.1119380000001
22.9061090000001,60.1263890000001
22.874443,60.1455540000001
22.86972,60.179161
22.9013860000001,60.213333
22.9072190000001,60.2183300000001
22.919998,60.227219
22.9336089999999,60.234718
22.964443,60.2483290000001
22.971107,60.25222
23.0113870000001,60.277496
23.023052,60.286942
23.0863880000001,60.34166
23.0869410000001,60.346939
23.0788879999999,60.350555
23.0669440000001,60.3530500000001
23.0558320000001,60.353333
22.919167,60.3041610000001
22.808331,60.2619400000001
22.7938880000001,60.2549970000001
22.7605550000001,60.2441640000001
22.7436099999999,60.239716
22.725555,60.234993
22.699165,60.229164
22.6627769999999,60.222221
22.574997,60.210548
22.5559500000001,60.213326
22.451385,60.2402730000001
22.44722,60.2444380000001
22.4602780000001,60.261108
22.465275,60.2666630000001
22.4802740000001,60.2813869999999
22.488052,60.284996
22.53611,60.312492
22.620277,60.3702770000001
22.62611,60.3749920000001
22.631386,60.3811040000001
22.63361,60.38694
22.632221,60.3919370000001
22.622776,60.3930510000001
22.4836080000001,60.3919370000001
22.2769430000001,60.385826
22.2591630000001,60.398048
22.236664,60.4083330000001
22.1758310000001,60.4313890000001
22.1147190000001,60.448883
22.083611,60.4438860000001
22.014442,60.4652710000001
21.971107,60.4880520000001
21.9491650000001,60.513054
21.9474980000001,60.518608
21.9374960000001,60.5213850000001
21.86972,60.524162
21.8519440000001,60.524162
21.8397220000001,60.524162
21.8374979999999,60.5183259999999
21.8416629999999,60.508049
21.863052,60.4719390000001
21.8030550000001,60.4824980000001
21.796665,60.5558320000001
21.796944,60.561943
21.799999,60.5669400000001
21.81361,60.575829
21.8288880000001,60.5819400000001
21.8305550000001,60.594994
21.824444,60.619164
21.774998,60.6030500000001
21.7663880000001,60.5997160000001
21.6641650000001,60.5524980000001
21.588333,60.506943
21.5877760000001,60.51194
21.576942,60.5624920000001
21.557499,60.5683290000001
21.5455550000001,60.570831
21.518608,60.574715
21.5075,60.574715
21.497219,60.5736080000001
21.489719,60.57
21.4736100000001,60.5647200000001
21.452774,60.5624920000001
21.4299960000001,60.573326
21.418331,60.5852740000001
21.358608,60.6536100000001
21.3547210000001,60.6736070000001
21.3550000000001,60.6836090000001
21.3636090000001,60.686386
21.386108,60.686386
21.3924980000001,60.7555540000001
21.355553,60.8149950000001
21.328331,60.8652730000001
21.3877750000001,60.9408260000001
21.405552,61.030548
21.444443,61.1672210000001
21.493889,61.23555
21.5444410000001,61.2763820000001
21.554443,61.309441
21.5305520000001,61.4472200000001
21.519444,61.5091630000001
21.51083,61.5124970000001
21.497498,61.519997
21.465275,61.550552
21.4725000000001,61.5624920000001
21.4933320000001,61.5738830000001
21.5033300000001,61.573051
21.6033330000001,61.544716
21.6597210000001,61.5336070000001
21.668053,61.5469440000001
21.601387,61.6016620000001
21.535275,61.653328
21.4702760000001,61.755272
21.470833,61.760826
21.4783330000001,61.772774
21.4894410000001,61.7977750000001
21.488052,61.803055
21.410553,61.8905490000001
21.363331,61.9294430000001
21.299603,61.9418260000001
21.288887,61.944717
21.2802770000001,61.948051
21.2533299999999,62.005554
21.285553,62.069443
21.3058320000001,62.108887
21.3338850000001,62.1538850000001
21.3777769999999,62.179443
21.382774,62.1852720000001
21.3899990000001,62.203606
21.388611,62.208885
21.3716660000001,62.2599950000001
21.3366659999999,62.3488850000001
21.327774,62.352219
21.2591629999999,62.3758320000001
21.155552,62.4127730000001
21.1116640000001,62.4516600000001
21.1149980000001,62.491386
21.1252750000001,62.547493
21.0674970000001,62.5916600000001
21.0641630000001,62.596382
21.0647200000001,62.6122209999999
21.1019440000001,62.762772
21.1061100000001,62.76944
21.1124990000001,62.774437
21.130276,62.7877730000001
21.1374970000001,62.791939
21.2980539999999,62.8608320000001
21.339722,62.854721
21.351944,62.8544390000001
21.3624990000001,62.855827
21.3708310000001,62.859161
21.37722,62.863884
21.3825000000001,62.86972
21.396385,62.886665
21.433331,62.9433290000001
21.4458310000001,62.9674990000001
21.450554,63.0063860000001
21.434166,63.0302730000001
21.4347190000001,63.035828
21.4391630000001,63.042496
21.4955519999999,63.065826
21.506107,63.067215
21.5197219999999,63.0661089999999
21.5374980000001,63.059441
21.5444410000001,63.0555500000001
21.547222,63.0452730000001
21.5522190000001,63.0408330000001
21.561108,63.037498
21.6199990000001,63.0186080000001
21.6702770000001,63.0177760000001
21.6797220000001,63.019997
21.686108,63.024994
21.6827770000001,63.0297160000001
21.6777760000001,63.0338819999999
21.6586070000001,63.04583
21.651665,63.0497210000001
21.611385,63.0680540000001
21.5752749999999,63.0758290000001
21.5663870000001,63.079163
21.561108,63.083611
21.5219420000001,63.1205520000001
21.515274,63.129997
21.501663,63.159721
21.492496,63.19194
21.4930529999999,63.1974950000001
21.4977760000001,63.209999
21.504166,63.2147220000001
21.5341639999999,63.228607
21.542774,63.231941
21.5555530000001,63.2294390000001
21.5644419999999,63.2261050000001
21.569443,63.2219390000001
21.5708310000001,63.21666
21.576111,63.2122189999999
21.583054,63.2086110000001
21.63361,63.193054
21.647221,63.19194
21.690277,63.20916
21.8691640000001,63.2569429999999
21.8819430000001,63.25666
21.8908310000001,63.253326
21.8927760000001,63.2061080000001
21.966663,63.183052
22.0861090000001,63.2227710000001
22.179722,63.230827
22.2169420000001,63.2363820000001
22.337219,63.2736049999999
22.342777,63.2794420000001
22.3677749999999,63.3105550000001
22.371387,63.3158260000001
22.355553,63.339722
22.327221,63.3661040000001
22.320274,63.3699950000001
22.298611,63.3758320000001
22.271942,63.386108
22.2030530000001,63.417221
22.1980550000001,63.4213870000001
22.1916660000001,63.430832
22.185555,63.4405520000001
22.1861080000001,63.446106
22.1880530000001,63.463051
22.2838860000001,63.524162
22.2925000000001,63.527222
22.3288880000001,63.5216600000001
22.3377760000001,63.5183260000001
22.37611,63.489716
22.396385,63.4724960000001
22.429443,63.4988860000001
22.489441,63.5658260000001
22.505276,63.5836110000001
22.5129810000001,63.5987320000001
22.504166,63.6077730000001
22.5000000000001,63.617493
22.502777,63.623886
22.589165,63.6955490000001
22.656944,63.6988830000001
22.668888,63.69944
22.6805529999999,63.6977770000001
22.6997180000001,63.685829
22.702774,63.6811070000001
22.707775,63.664993
22.706108,63.653885
22.733608,63.621666
22.7408330000001,63.6177750000001
22.752499,63.618332
22.7805519999999,63.6258320000001
22.824444,63.641388
22.899998,63.6986080000001
22.9313890000001,63.7558290000001
22.930275,63.7608260000001
22.925278,63.7652740000001
22.9183310000001,63.769165
22.923332,63.801109
23.066387,63.8508300000001
23.143055,63.8769380000001
23.1527750000001,63.879166
23.195274,63.8852770000001
23.206108,63.886665
23.3188860000001,63.8966600000001
23.3719440000001,63.938889
23.3688890000001,63.9436040000001
23.371387,63.9869380000001
23.3799970000001,64.042221
23.3847200000001,64.048599
23.395832,64.0499880000001
23.420555,64.0499880000001
23.434719,64.0488740000001
23.511387,64.0363770000001
23.6022190000001,64.0644380000001
23.60833,64.098328
23.6522220000001,64.1408230000001
23.6941640000001,64.1585999999999
23.7116620000001,64.162903
23.722221,64.184158
23.8552740000001,64.2438810000001
23.9266660000001,64.2691650000001
23.923885,64.2849880000001
23.9299960000001,64.2969360000001
23.9922220000001,64.3811040000001
23.999443,64.385818
24.1199990000001,64.436386
24.209721,64.4727629999999
24.278053,64.4969330000001
24.3352780000001,64.5197140000001
24.34333,64.523605
24.359165,64.543045
24.3766630000001,64.579712
24.3758320000001,64.584991
24.367222,64.599442
24.3674960000001,64.610275
24.36861,64.616104
24.3716659999999,64.6222080000001
24.376942,64.628601
24.4249990000001,64.6752780000001
24.5352750000001,64.7413790000001
24.535553,64.752213
24.5369420000001,64.795822
24.542221,64.80249
24.73111,64.8544309999999
24.8033330000001,64.8691560000001
25.0000000000001,64.8922120000001
25.075832,64.9108280000001
25.086388,64.912766
25.09972,64.912216
25.112778,64.9094390000001
25.1197200000001,64.9055480000001
25.1802750000001,64.8669430000001
25.191387,64.847763
25.1963880000001,64.8433230000001
25.227497,64.8208310000001
25.2333300000001,64.8177640000001
25.2463870000001,64.814987
25.2608299999999,64.8135990000001
25.2974970000001,64.8144380000001
25.319443,64.8177640000001
25.339996,64.82193
25.3597220000001,64.826935
25.3641660000001,64.8319400000001
25.366943,64.891663
25.365555,64.902222
25.3608320000001,64.906662
25.3486100000001,64.9086
25.3372189999999,64.907211
25.317219,64.902222
25.3030549999999,64.9038850000001
25.233608,64.9277650000001
25.226665,64.931656
25.190277,64.9619289999999
25.188332,64.9661100000001
25.2080540000001,64.9872129999999
25.2186090000001,64.9891660000001
25.3119430000001,64.9830470000001
25.3233300000001,64.9819340000001
25.339165,64.974442
25.3599970000001,64.962494
25.3761099999999,64.954712
25.407497,64.944717
25.4208300000001,64.944153
25.440552,64.9491580000001
25.4472200000001,64.954712
25.448608,64.960541
25.413055,65.0341640000001
25.370552,65.0794370000001
25.3608320000001,65.088333
25.346943,65.096375
25.298054,65.1080470000001
25.284721,65.1108250000001
25.2674980000001,65.1699980000001
25.293053,65.2663879999999
25.3011090000001,65.2936100000001
25.324997,65.3458250000001
25.3552740000001,65.410828
25.3574980000001,65.445541
25.356941,65.4508210000001
25.3533330000001,65.476944
25.349163,65.4805450000001
25.3108330000001,65.511108
25.296665,65.519165
25.2197189999999,65.5524900000001
25.210552,65.556107
25.196941,65.5588840000001
25.18222,65.560272
25.16972,65.5599980000001
25.1533319999999,65.5516660000001
25.140831,65.551102
25.1233330000001,65.5574950000001
25.1088869999999,65.5652770000001
25.0947190000001,65.573318
25.0927350000001,65.5918730000001
25.0866660000001,65.6030430000001
25.079441,65.6069340000001
25.070274,65.61055
24.8980520000001,65.6470180000001
24.8844409999999,65.6497649999999
24.7961080000001,65.658325
24.7716639999999,65.656662
24.752499,65.650543
24.7447200000001,65.645828
24.669167,65.6547090000001
24.562775,65.7233280000001
24.5574990000001,65.7277680000001
24.554722,65.7324980000001
24.553333,65.753876
24.553608,65.764709
24.5538860000001,65.7755430000001
24.5563890000001,65.786942
24.561943,65.79332
24.629997,65.8544310000001
24.689163,65.896103
24.631386,65.8891599999999
24.6216660000001,65.886108
24.5633320000001,65.8302760000001
24.5608330000001,65.8191530000001
24.5386090000001,65.7952730000001
24.4489520000001,65.794273
24.419998,65.768326
24.409443,65.7663880000001
24.2261090000001,65.771942
24.2144430000001,65.774994
24.1766660000001,65.7891540000001
24.1733320000001,65.7938840000001
24.1670070000001,65.8140260000001
24.16861,65.8199920000001
24.1666640000001,65.8305510000001
24.160553,65.839996
24.0313870000001,66.0202640000001
23.9677770000001,66.072495
23.948608,66.1013790000001
23.9402770000001,66.1213840000001
23.930832,66.135544
23.925552,66.139999
23.9124980000001,66.148331
23.89333,66.155273
23.879444,66.1580510000001
23.864166,66.159164
23.8480529999999,66.161377
23.8202739999999,66.166656
23.808331,66.1697080000001
23.754719,66.1849980000001
23.7352750000001,66.19194
23.7277760000001,66.1958310000001
23.722221,66.2002719999999
23.719166,66.204987
23.684719,66.263321
23.6663859999999,66.302216
23.6619420000001,66.31221
23.660831,66.317215
23.639164,66.4305420000001
23.640274,66.4360960000001
23.6466640000001,66.448318
23.6522220000001,66.4547120000001
23.6588860000001,66.4605410000001
23.6663859999999,66.4652710000001
23.7252770000001,66.500824
23.80722,66.537766
23.8269420000001,66.5438840000001
23.861942,66.548599
23.871944,66.5516660000001
23.878609,66.5572200000001
23.8841630000001,66.5638890000001
23.8874970000001,66.5699920000001
23.891941,66.5816650000001
23.9027750000001,66.680267
23.900833,66.712494
23.8911090000001,66.737778
23.8899989999999,66.743042
23.893608,66.749161
23.9369430000001,66.786942
23.9480550000001,66.788879
23.987778,66.790268
23.999722,66.791382
24.006386,66.7949980000001
24.0077739999999,66.800552
24.0011099999999,66.8102720000001
23.949997,66.8708189999999
23.941109,66.8799900000001
23.9358330000001,66.8841550000001
23.8669430000001,66.931107
23.787777,66.9813840000001
23.757774,66.9919430000001
23.744442,67.0000000000001
23.7311100000001,67.008331
23.68111,67.0474850000001
23.5805550000001,67.147491
23.571663,67.1566620000001
23.570553,67.161942
23.586666,67.2349850000001
23.594444,67.246384
23.6055530000001,67.2594300000001
23.6144410000001,67.263321
23.624722,67.2663880000001
23.63583,67.2686
23.6830520000001,67.275543
23.708054,67.2780460000001
23.7316670000001,67.281662
23.7416650000001,67.2847140000001
23.7497220000001,67.2894440000001
23.773331,67.3144380000001
23.781944,67.3263850000001
23.783054,67.3322140000001
23.7688870000001,67.410828
23.7677760000001,67.4161070000001
23.7619440000001,67.420273
23.7349970000001,67.4261020000001
23.5819440000001,67.4499970000001
23.549164,67.4533230000001
23.5366630000001,67.451935
23.5274960000001,67.4480440000001
23.5119439999999,67.438599
23.5005530000001,67.4363860000001
23.486942,67.438049
23.4744420000001,67.4411010000001
23.464165,67.444717
23.44833,67.4524990000001
23.43111,67.4655460000001
23.428886,67.47583
23.4299960000001,67.4858250000001
23.4333310000001,67.491943
23.4719430000001,67.5563810000001
23.507774,67.6655430000001
23.491386,67.712494
23.469997,67.8169400000001
23.4711070000001,67.8227690000001
23.4833300000001,67.863052
23.486942,67.869156
23.492496,67.875824
23.511108,67.8836060000001
23.545555,67.889999
23.5963860000001,67.8952639999999
23.6077770000001,67.897491
23.644722,67.9130550000001
23.652775,67.9180449999999
23.659721,67.923599
23.665554,67.929993
23.6672210000001,67.936386
23.6661110000001,67.9416660000001
23.6569440000001,67.9508210000001
23.6488880000001,67.954712
23.6383320000001,67.9580540000001
23.531666,67.992493
23.3944440000001,68.0424960000001
23.3769420000001,68.055542
23.3674960000001,68.064713
23.3533330000001,68.0836030000001
23.0669440000001,68.286377
23.058609,68.2902680000001
23.048054,68.2938839999999
22.9694440000001,68.3177640000001
22.936386,68.3222200000001
22.910275,68.328323
22.8997190000001,68.3316650000001
22.8636090000001,68.3574980000001
22.8297200000001,68.383881
22.823608,68.388046
22.6738849999999,68.420822
22.659721,68.4224850000001
22.581665,68.427216
22.5000000000001,68.440132
22.430553,68.4516600000001
22.3719440000001,68.463608
22.1675,68.4644319999999
22.150833,68.4655460000001
22.0638890000001,68.476105
22.0505520000001,68.479156
22.0419430000001,68.4830470000001
22.0380550000001,68.487778
22.0350000000001,68.498047
22.0224989999999,68.5066530000001
22.0038870000001,68.5194400000001
21.997776,68.523605
21.9594420000001,68.5438840000001
21.9338870000001,68.5552670000001
21.8972209999999,68.569992
21.881386,68.572495
21.864719,68.5736080000001
21.824718,68.5702670000001
21.809166,68.570541
21.7733310000001,68.5744320000001
21.7575000000001,68.576935
21.7355540000001,68.583603
21.71833,68.5911100000001
21.710552,68.600555
21.7111090000001,68.606384
21.714165,68.612488
21.710278,68.6172180000001
21.701664,68.620819
21.6427760000001,68.6424870000001
21.623055,68.649429
21.6011090000001,68.656097
21.585278,68.6585999999999
21.550552,68.6616520000001
21.500832,68.66832
21.4874990000001,68.6713869999999
21.4655530000001,68.6780550000001
21.452774,68.686661
21.448608,68.6911010000001
21.420555,68.724152
21.216663,68.8161010000001
21.207775,68.819717
21.081387,68.866653
21.0588870000001,68.8733220000001
21.0247189999999,68.8774870000001
20.990833,68.87944
20.9594420000001,68.87999
20.944721,68.8813779999999
20.9152760000001,68.886658
20.9041630000001,68.889999
20.8952750000001,68.8936000000001
20.8886110000001,68.898041
20.8827739999999,68.9077760000001
20.8830530000001,68.9133300000001
20.888885,68.9258270000001
20.915554,68.9394380000001
20.93111,68.946381
20.938332,68.952774
20.9388890000001,68.958328
20.9327770000001,68.9683230000001
20.9286080000001,68.9730529999999
20.9088860000001,68.9855500000001
20.884441,68.997498
20.8666650000001,69.0049900000001
20.8463860000001,69.011932
20.791664,69.0233310000001
20.744164,69.031097
20.650063,69.0437930000001
20.6041640000001,69.0530549999999
20.580929,69.0603029999999
20.6094440000001,69.069443
20.674999,69.0872190000001
20.6974980000001,69.092773
20.7238879999999,69.095825
20.738331,69.0963750000001
20.773888,69.0935970000001
20.8222200000001,69.08638
20.835831,69.0836030000001
20.9355550000001,69.0586090000001
20.980553,69.045273
21.033054,69.0333250000001
21.059444,69.0344390000001
21.0674970000001,69.0391540000001
21.0741650000001,69.0449980000001
21.084721,69.0580440000001
21.101387,69.0833280000001
21.109722,69.0961000000001
21.1124990000001,69.1022190000001
21.113052,69.1080470000001
21.0791660000001,69.1177670000001
21.066109,69.1263890000001
21.053608,69.140549
21.042221,69.160828
21.0280529999999,69.208054
21.032497,69.213043
21.0391650000001,69.218887
21.0549960000001,69.2286070000001
21.320831,69.3261110000001
21.6819419999999,69.2847140000001
21.9946020000001,69.0783690000001
22.041386,69.052216
22.208332,68.9549870000001
22.2030530000001,68.9511110000001
22.197498,68.944717
22.194164,68.9385990000001
22.1972200000001,68.928055
22.2788889999999,68.8816530000001
22.3466640000001,68.8447110000001
22.34861,68.8424990000001
22.363888,68.8047180000001
22.3697200000001,68.7861020000001
22.398331,68.711105
22.5000000000001,68.728989
22.5499990000001,68.7377779999999
22.8027760000001,68.691376
22.8636090000001,68.693054
23.0638890000001,68.695541
23.0724980000001,68.6916660000001
23.0991629999999,68.674713
23.139442,68.6491550000001
23.1647189999999,68.6374970000001
23.18861,68.6311040000001
23.2041659999999,68.6286010000001
23.260555,68.636383
23.2819440000001,68.6424870000001
23.2913860000001,68.6463780000001
23.333054,68.6594390000001
23.4077760000001,68.680832
23.4672199999999,68.6916660000001
23.5174980000001,68.698608
23.5830540000001,68.7052760000001
23.664165,68.71138
23.6797220000001,68.710831
23.692776,68.7122190000001
23.7036090000001,68.715271
23.7119410000001,68.7199860000001
23.740833,68.742493
23.762497,68.75943
23.7838860000001,68.776382
23.7961080000001,68.789154
23.802219,68.795822
23.816666,68.819992
23.8213880000001,68.825272
23.829998,68.8299870000001
23.856388,68.832489
23.8994410000001,68.8338780000001
23.976387,68.832489
24.0291630000001,68.8266599999999
24.0447199999999,68.8238830000001
24.0555530000001,68.8205410000001
24.0661090000001,68.81694
24.082775,68.8091580000001
24.088608,68.8047180000001
24.0922200000001,68.799988
24.0980530000001,68.795822
24.120552,68.7836
24.1966629999999,68.751663
24.2155530000001,68.746384
24.338333,68.7136080000001
24.351387,68.710541
24.3633310000001,68.7083280000001
24.4169430000001,68.7016600000001
24.450275,68.698883
24.513332,68.6958310000001
24.578888,68.691376
24.628887,68.68721
24.6902769999999,68.6763760000001
24.754444,68.660263
24.773331,68.6527710000001
24.7977749999999,68.6408230000001
24.8116650000001,68.632492
24.8288879999999,68.619431
24.8344420000001,68.6149900000001
24.8436239999999,68.6060180000001
24.855862,68.59201
24.859203,68.587341
24.934917,68.5808110000001
25.0763850000001,68.6213840000001
25.0958330000001,68.6291660000001
25.1033330000001,68.6347200000001
25.1097219999999,68.6410980000001
25.111385,68.6466520000001
25.104721,68.656387
25.103054,68.666656
25.1061100000001,68.6780550000001
25.15472,68.7677760000001
25.1666640000001,68.785828
25.173054,68.7922210000001
25.188332,68.8033290000001
25.2144430000001,68.8174900000001
25.2341650000001,68.825272
25.363888,68.873886
25.38472,68.880554
25.4069440000001,68.886383
25.43111,68.8905490000001
25.444443,68.8916630000001
25.473331,68.892212
25.4902759999999,68.890823
25.508053,68.8883210000001
25.554443,68.880264
25.57111,68.8786010000001
25.585552,68.878876
25.612221,68.8813779999999
25.623333,68.884155
25.632221,68.8888850000001
25.647499,68.8997190000001
25.6527750000001,68.9063870000001
25.6613880000001,68.911652
25.692219,68.933884
25.7611079999999,68.989166
25.7683300000001,69.045273
25.73222,69.109161
25.708332,69.206375
25.707775,69.2116550000001
25.713333,69.255264
25.7394410000001,69.3183290000001
25.749722,69.3361050000001
25.7549970000001,69.3422090000001
25.7705540000001,69.353882
25.8116650000001,69.3686070000001
25.8297200000001,69.378052
25.8336110000001,69.3841550000001
25.8358309999999,69.389435
25.874165,69.486374
25.9491650000001,69.578049
25.957497,69.5902710000001
25.9636080000001,69.601944
25.9711070000001,69.618881
25.9733310000001,69.6241610000001
25.97472,69.630264
25.974163,69.6352690000001
25.9647220000001,69.649719
25.9477769999999,69.6580509999999
25.9424970000001,69.6622159999999
25.941944,69.667221
25.9458310000001,69.673325
25.952774,69.679993
25.9658320000001,69.691376
25.978333,69.701935
25.988331,69.7066650000001
25.9988859999999,69.710541
26.0099980000001,69.7133330000001
26.1005549999999,69.726379
26.134441,69.7349850000001
26.15583,69.742493
26.1741640000001,69.751663
26.3694419999999,69.849991
26.378052,69.854431
26.394997,69.8655550000001
26.4022220000001,69.8719330000001
26.4161110000001,69.889999
26.4241640000001,69.901932
26.4358329999999,69.9144440000001
26.4499970000001,69.927216
26.470554,69.9352720000001
26.483055,69.9374850000001
26.601944,69.9502720000001
26.616386,69.95166
26.80658,69.952057
26.85722,69.9486080000001
26.8652760000001,69.944717
26.8661080000001,69.934433
26.8722189999999,69.929718
26.884998,69.926666
26.90361,69.9241640000001
27.03722,69.9080510000001
27.054443,69.9074860000001
27.0688860000001,69.9086
27.08083,69.910553
27.206108,69.933319
27.2805519999999,69.94722
27.2919430000001,69.9499970000001
27.3030550000001,69.9538879999999
27.310276,69.9602660000001
27.306942,69.970276
27.3038860000001,69.9752660000001
27.2974970000001,69.9794310000001
27.295555,69.9844360000001
27.299999,69.990555
27.421387,70.0166630000001
27.567497,70.0638890000001
27.57333,70.0688780000001
27.5994420000001,70.0724950000001
27.873055,70.0880430000001
27.902496,70.0888820000001
27.918888,70.0883330000001
27.926556,70.087158
27.936108,70.084442
27.9441640000001,70.0802760000001
27.960552,70.06694
27.9688870000001,70.0574950000001
27.97472,70.04805
27.9749980000001,70.04277
27.9725,70.037216
27.973331,70.0163880000001
27.979164,70.006653
27.984722,70.002213
27.998055,69.9936070000001
28.0941660000001,69.9385990000001
28.1099970000001,69.9305420000001
28.152496,69.915543
28.165833,69.9122160000001
