"V1","V2"
-74.049179,-48.446114
-74.065842,-48.491394
-74.074173,-48.4911119999999
-74.095291,-48.482224
-74.177231,-48.4447249999999
-74.18306,-48.4416729999999
-74.235001,-48.406952
-74.239731,-48.403336
-74.243347,-48.3988949999999
-74.248611,-48.388893
-74.2499999999999,-48.383339
-74.248901,-48.376396
-74.244446,-48.3725049999999
-74.238892,-48.369446
-74.222778,-48.3669509999999
-74.204178,-48.366394
-74.193619,-48.3669509999999
-74.175293,-48.369446
-74.168335,-48.3719479999999
-74.074722,-48.4155579999999
-74.0627899999999,-48.421669
-74.054459,-48.429726
-74.050842,-48.4341739999999
-74.048065,-48.4391709999999
-74.049179,-48.446114
