"V1","V2"
-60.7180559999999,-68.75473
-60.736389,-68.757233
-60.770279,-68.7563929999999
-60.809723,-68.754456
-60.8616709999999,-68.749451
-60.8811109999999,-68.746124
-60.9341739999999,-68.736389
-61.058617,-68.7002869999999
-61.077507,-68.6930689999999
-61.080559,-68.686401
-61.081673,-68.679459
-61.063057,-68.6677859999999
-61.044449,-68.661392
-60.990005,-68.653061
-60.898338,-68.6508479999999
-60.866394,-68.653625
-60.8297269999999,-68.661118
-60.811951,-68.665283
-60.7944489999999,-68.670563
-60.765709,-68.681732
-60.745834,-68.690567
-60.723335,-68.703339
-60.702782,-68.716675
-60.696114,-68.723068
-60.6894449999999,-68.730835
-60.686394,-68.736115
-60.688614,-68.7433469999999
-60.698059,-68.749176
-60.7180559999999,-68.75473
