"V1","V2"
94.3077550000001,80.016937
94.1716460000001,79.981369
94.1499940000001,79.976929
94.0463710000001,79.9672090000001
94.0172120000001,79.9647060000001
93.983597,79.963043
93.9424740000001,79.963043
93.927475,79.9683230000001
93.963043,80.005829
93.9882509999999,80.009781
94.033875,80.0083310000001
94.0633089999999,80.010818
94.1480410000001,80.0194400000001
94.2033230000001,80.0255430000001
94.2288670000001,80.02887
94.2466430000001,80.034149
94.2711030000001,80.0361020000001
94.3063660000001,80.0336000000001
94.321106,80.0285950000001
94.3255460000001,80.0219270000001
94.3077550000001,80.016937
