"V1","V2"
-75.281403,-48.890007
-75.202789,-49.0305559999999
-75.201401,-49.036392
-75.201401,-49.042503
-75.2025149999999,-49.049446
-75.239731,-49.073334
-75.251114,-49.079445
-75.257782,-49.081947
-75.313065,-48.968895
-75.32251,-48.954445
-75.4191739999999,-48.9802779999999
-75.422226,-48.9855579999999
-75.424179,-48.991669
-75.455002,-49.028618
-75.463623,-49.036949
-75.474167,-49.043892
-75.481949,-49.045563
-75.4999999999999,-49.046394
-75.628342,-48.9802779999999
-75.640015,-48.974167
-75.647232,-48.965279
-75.6530609999999,-48.9558329999999
-75.656677,-48.938896
-75.656952,-48.9266739999999
-75.6547239999999,-48.912781
-75.650848,-48.9005579999999
-75.633347,-48.8686139999999
-75.625565,-48.8594509999999
-75.618896,-48.8569489999999
-75.545013,-48.841118
-75.369171,-48.849167
-75.3527829999999,-48.852783
-75.314453,-48.8636169999999
-75.30278,-48.8700029999999
-75.281403,-48.890007
