"V1","V2"
127.183037,-0.528888999999992
127.159149,-0.53222199999999
127.118042,-0.526666999999918
127.1147,-0.523332999999923
127.106934,-0.499443999999983
127.10498,-0.29722199999992
127.106369,-0.291667000000018
127.133881,-0.271110999999962
127.143333,-0.267222000000004
127.154427,-0.264443999999912
127.196091,-0.25805600000001
127.215271,-0.256666999999993
127.233871,-0.256110999999919
127.238037,-0.258889000000011
127.243271,-0.267773999999918
127.259163,-0.284167000000025
127.280548,-0.378056000000015
127.281097,-0.384166999999991
127.263893,-0.464999999999975
127.25499,-0.495277999999985
127.253052,-0.5
127.209152,-0.520555999999999
127.199707,-0.524721999999997
127.183037,-0.528888999999992
