"V1","V2"
-74.9250029999999,-48.155838
-74.818619,-48.1741709999999
-74.811401,-48.172501
-74.8063959999999,-48.1761169999999
-74.803894,-48.1811139999999
-74.80278,-48.186951
-74.8022309999999,-48.199448
-74.805283,-48.220001
-74.836945,-48.361946
-74.840561,-48.3666689999999
-74.8444519999999,-48.371391
-74.850006,-48.374451
-74.857788,-48.376114
-74.865845,-48.3769449999999
-74.8855589999999,-48.3749999999999
-74.8941799999999,-48.375839
-74.9419559999999,-48.398613
-74.9655609999999,-48.4102779999999
-74.993622,-48.425835
-75.025558,-48.4447249999999
-75.035004,-48.4447249999999
-75.044174,-48.443611
-75.051392,-48.441116
-75.055008,-48.438057
-75.195007,-48.229172
-75.256958,-48.103889
-75.257507,-48.099167
-75.256958,-48.0733339999999
-75.2505649999999,-48.071114
-75.224457,-48.06945
-75.2150119999999,-48.070557
-75.155014,-48.07917
-75.0386199999999,-48.098335
-75.0111239999999,-48.108337
-74.999176,-48.114723
-74.930008,-48.152229
-74.9250029999999,-48.155838
