"V1","V2"
22.873608,63.799995
22.8683320000001,63.770554
22.853333,63.776939
22.816944,63.780548
22.770275,63.784164
22.7508320000001,63.7797160000001
22.706665,63.7752760000001
22.6794430000001,63.785271
22.672497,63.789162
22.671387,63.7944410000001
22.672222,63.79805
22.6769410000001,63.804443
22.683609,63.809441
22.703053,63.820549
22.80611,63.8769380000001
22.866665,63.8741610000001
22.8805540000001,63.8727719999999
22.8922200000001,63.871109
22.897499,63.8669430000001
22.916943,63.8330540000001
22.9183310000001,63.827774
22.9172210000001,63.821938
22.9116629999999,63.8163830000001
22.887775,63.815277
22.879997,63.811386
22.8763890000001,63.806107
22.873608,63.799995
