"V1","V2"
-74.2719419999999,64.4136050000001
-74.285004,64.4130400000001
-74.357498,64.4210970000001
-74.377213,64.4244230000001
-74.423325,64.4438630000001
-74.4372099999999,64.4502719999999
-74.439438,64.4533230000001
-74.338608,64.494705
-74.3316799999999,64.4969330000001
-74.31041,64.49884
-74.2852779999999,64.481659
-74.228607,64.4510960000001
-74.205841,64.4474789999999
-74.18306,64.4430390000001
-74.1733249999999,64.439148
-74.174713,64.434982
-74.178329,64.433868
-74.2719419999999,64.4136050000001
