"V1","V2"
-65.6669459999999,-65.687225
-65.712234,-65.696671
-65.759171,-65.698334
-65.7752839999999,-65.697784
-65.803894,-65.696121
-65.8527829999999,-65.690002
-65.868347,-65.6905669999999
-65.8838959999999,-65.692505
-65.898346,-65.698334
-65.9033359999999,-65.705002
-65.8988949999999,-65.711121
-65.876114,-65.7300109999999
-65.865005,-65.736115
-65.8341669999999,-65.7611239999999
-65.828339,-65.7738949999999
-65.82695,-65.780289
-65.82695,-65.838898
-65.866394,-65.848068
-65.973068,-65.870285
-65.988617,-65.8719479999999
-66.066681,-65.880005
-66.113892,-65.881668
-66.13028,-65.8794559999999
-66.147232,-65.875
-66.1611179999999,-65.868896
-66.164459,-65.851959
-66.162231,-65.8325039999999
-66.1602779999999,-65.8258359999999
-66.153625,-65.8125
-66.1466669999999,-65.799454
-66.055283,-65.689453
-66.033066,-65.6755679999999
-65.996124,-65.655014
-65.953064,-65.633896
-65.94223,-65.626953
-65.9402919999999,-65.620285
-65.943893,-65.588058
-65.950562,-65.555557
-65.948898,-65.549179
-65.9441679999999,-65.5425109999999
-65.9327849999999,-65.535568
-65.918335,-65.5297239999999
-65.888901,-65.520844
-65.843613,-65.512787
-65.797791,-65.505844
-65.7669529999999,-65.5047299999999
-65.594452,-65.517792
-65.603622,-65.589737
-65.606674,-65.602783
-65.6361239999999,-65.6689
-65.640839,-65.6755679999999
-65.652237,-65.681396
-65.6669459999999,-65.687225
