"V1","V2"
59.239433,69.1758120000001
59.2489550000001,69.137299
59.175552,69.166382
59.1633219999999,69.1716460000001
59.123116,69.1935420000001
59.1180500000001,69.1969300000001
59.1038820000001,69.2083279999999
59.0983280000001,69.214432
59.08416,69.225815
59.075272,69.231659
59.045273,69.247757
58.983047,69.266937
58.9483260000001,69.2763820000001
58.8636090000001,69.2994230000001
58.7694400000001,69.328049
58.7605510000001,69.333603
58.766106,69.339706
58.7863850000001,69.338043
58.8738780000001,69.3244320000001
59.034721,69.281662
59.193878,69.2338710000001
59.1994320000001,69.2280430000001
59.2372130000001,69.182205
59.239433,69.1758120000001
