"V1","V2"
-61.621666,57.3355480000001
-61.611115,57.334991
-61.6055599999999,57.3355480000001
-61.594444,57.33416
-61.589996,57.330276
-61.5894389999999,57.325272
-61.591942,57.321381
-61.608337,57.3083270000001
-61.652222,57.29055
-61.658051,57.2902760000001
-61.734726,57.2902760000001
-61.739998,57.291939
-61.7533339999999,57.3024900000001
-61.763618,57.3116610000001
-61.7666629999999,57.315269
-61.767776,57.319717
-61.7686079999999,57.324997
-61.767502,57.328331
-61.752228,57.360275
-61.748886,57.3655469999999
-61.7450029999999,57.369156
-61.726944,57.3744350000001
-61.702499,57.3727650000001
-61.693329,57.3680500000001
-61.677498,57.3572160000001
-61.6322169999999,57.337769
-61.621666,57.3355480000001
