"V1","V2"
-22.549168,73.0072170000001
-22.5286139999999,73.006104
-22.4999999999999,73.003998
-22.46833,73.0016630000001
-22.447498,72.9994200000001
-22.305557,72.981369
-22.242222,72.972763
-22.181389,72.9533230000001
-22.146111,72.9388730000001
-22.1194459999999,72.929977
-22.101391,72.925812
-22.08778,72.925262
-22.0311129999999,72.9241490000001
-21.978611,72.9344180000001
-21.96833,72.9338680000001
-21.9066659999999,72.920258
-21.9016649999999,72.915543
-21.8933329999999,72.9010930000001
-21.891109,72.8952640000001
-21.8905559999999,72.888885
-22.008892,72.84137
-22.055836,72.8308259999999
-22.074444,72.827209
-22.1336099999999,72.8260960000001
-22.1522219999999,72.823608
-22.1874999999999,72.8119200000001
-22.191944,72.805817
-22.134724,72.7941440000001
-22.0833319999999,72.7888790000001
-22.049446,72.786102
-22.0091669999999,72.7836000000001
-21.991108,72.780273
-21.961109,72.76944
-21.87389,72.719437
-21.865833,72.7138820000001
-21.871666,72.707489
-21.896946,72.682755
-21.90472,72.676651
-21.915833,72.6758120000001
-21.964443,72.678589
-22.0091669999999,72.6849820000001
-22.0472219999999,72.6905360000001
-22.266666,72.7033230000001
-22.494999,72.708328
-22.4999999999999,72.707886
-22.529446,72.7052610000001
-22.672501,72.741928
-22.789444,72.8066410000001
-22.905834,72.8361049999999
-22.948608,72.8433230000001
-23.114723,72.8683170000001
-23.132221,72.8705290000001
-23.154167,72.8713680000001
-23.398888,72.869705
-23.466389,72.868591
-23.681389,72.8816530000001
-23.743053,72.8927610000001
-23.813889,72.901657
-23.8761099999999,72.906937
-24.0297239999999,72.914154
-24.071667,72.9147030000001
-24.16972,72.914154
-24.224998,72.9116520000001
-24.320557,72.9027710000001
-24.3719439999999,72.8994290000001
-24.489998,72.8952640000001
-24.508057,72.894989
-24.528614,72.895828
-24.541389,72.8977660000001
-24.567501,72.9127660000001
-24.5872229999999,72.951096
-24.5888899999999,72.9574890000001
-24.583332,72.9688720000001
-24.576389,72.974991
-24.564724,72.978592
-24.5274999999999,72.9841460000001
-24.1744419999999,73.0013890000001
-24.02,73.006943
-23.944443,73.0066530000001
-23.7925,73.011108
-23.5997239999999,73.0249940000001
-23.456944,73.0424800000001
-23.386112,73.052475
-23.327499,73.0591429999999
-23.2733349999999,73.062759
-23.203888,73.064423
-23.163334,73.063873
-23.1219439999999,73.0613710000001
-23.082779,73.056091
-23.064724,73.052765
-22.942497,73.0330510000001
-22.7302779999999,73.017487
-22.549168,73.0072170000001
