"V1","V2"
-91.7866669999999,29.4861070000001
-91.839722,29.481937
-91.8444519999999,29.483051
-91.987778,29.550831
-92.0274959999999,29.5711099999999
-92.036392,29.5786090000001
-92.037216,29.584164
-92.034439,29.591663
-92.023056,29.603886
-92.0116729999999,29.614719
-92.007233,29.6177750000001
-92.0025019999999,29.619717
-91.926392,29.643608
-91.9194489999999,29.6452750000001
-91.9105529999999,29.6452750000001
-91.868057,29.637775
-91.856384,29.6349950000001
-91.738327,29.576942
-91.7241669999999,29.558609
-91.779175,29.4891620000001
-91.7866669999999,29.4861070000001
