"V1","V2"
-123,48.4460980000001
-123.008347,48.4452670000001
-123.095284,48.474991
-123.121933,48.484718
-123.13945,48.494156
-123.148621,48.501663
-123.155563,48.511108
-123.176102,48.548882
-123.17749,48.554436
-123.179169,48.585266
-123.178329,48.5922160000001
-123.175827,48.5947110000001
-123.155273,48.6149980000001
-123.149727,48.6180500000001
-123.141388,48.6188810000001
-123.113617,48.6149980000001
-123.10556,48.6130520000001
-123.102219,48.6088870000001
-123.099731,48.603882
-123.03833,48.561378
-122.995003,48.5297160000001
-122.962219,48.455269
-122.963058,48.4499970000001
-123,48.4460980000001
