"V1","V2"
-113.135559,29.0197220000001
-113.139717,29.017776
-113.18251,29.035553
-113.207779,29.048054
-113.2314,29.061943
-113.24057,29.067776
-113.357224,29.1708300000001
-113.410568,29.2197190000001
-113.525009,29.344997
-113.592216,29.4258310000001
-113.598068,29.434166
-113.600281,29.4391630000001
-113.600571,29.4522210000001
-113.588623,29.5836110000001
-113.585281,29.586109
-113.580566,29.587498
-113.575287,29.5866660000001
-113.527786,29.5719409999999
-113.50029,29.557499
-113.469727,29.535831
-113.40918,29.4861110000001
-113.405289,29.4824980000001
-113.396667,29.4699970000001
-113.373611,29.422775
-113.365013,29.403332
-113.36528,29.396664
-113.366959,29.3911090000001
-113.37056,29.3802759999999
-113.376678,29.3716660000001
-113.380836,29.3616640000001
-113.384743,29.3438870000001
-113.384171,29.3247180000001
-113.381958,29.32
-113.371117,29.315552
-113.365013,29.3138890000001
-113.310013,29.300552
-113.276398,29.2986110000001
-113.260834,29.298054
-113.195847,29.2283330000001
-113.190567,29.1536100000001
-113.189453,29.1411090000001
-113.186951,29.130276
-113.167793,29.0863880000001
-113.161118,29.078609
-113.156403,29.0758320000001
-113.144997,29.071941
-113.126678,29.0638890000001
-113.124451,29.0588870000001
-113.124733,29.052219
-113.126953,29.0397190000001
-113.130569,29.029163
-113.135559,29.0197220000001
