"V1","V2"
128.838867,72.5766600000001
128.777191,72.5460970000001
128.762558,72.54026
128.73053,72.5336
128.6922,72.5280460000001
128.65332,72.523605
128.631622,72.524994
128.609406,72.527481
128.574982,72.544434
128.529694,72.550812
128.486633,72.5533140000001
128.46637,72.5524750000001
128.44693,72.550262
128.38443,72.5505370000001
128.362183,72.5530400000001
128.338287,72.5580290000001
128.267761,72.579437
128.236084,72.5899810000001
128.22052,72.595535
128.185516,72.6121980000001
128.169708,72.6177520000001
128.149994,72.622757
128.100525,72.6319580000001
128.226624,72.6374970000001
128.444122,72.6577610000001
128.502777,72.664429
128.538574,72.6674800000001
128.626068,72.6713710000001
128.688293,72.672211
128.733032,72.6669309999999
128.800812,72.658035
128.86969,72.6463780000001
128.893585,72.641373
128.909149,72.6361079999999
128.961914,72.6013790000001
128.972198,72.59082
128.932465,72.587494
128.891937,72.585541
128.853027,72.5811000000001
128.838867,72.5766600000001
