"V1","V2"
117.404709,23.771111
117.467148,23.755619
117.470833,23.7563860000001
117.483871,23.756943
117.489433,23.7549970000001
117.49942,23.7497180000001
117.506653,23.7424930000001
117.509163,23.738049
117.50972,23.732494
117.507492,23.7263830000001
117.504707,23.7219390000001
117.414429,23.6022190000001
117.39415,23.5852740000001
117.36026,23.5697170000001
117.353317,23.5699960000001
117.311653,23.57972
117.309418,23.5841639999999
117.338882,23.6949959999999
117.368317,23.759998
117.371368,23.764442
117.378311,23.771942
117.38443,23.7727740000001
117.398041,23.7724989999999
117.404709,23.771111
