"V1","V2"
155.620789,50.806099
155.588013,50.8027730000001
155.556915,50.804161
155.546936,50.80555
155.527191,50.809715
155.498291,50.817497
155.480804,50.828049
155.473022,50.835548
155.46109,50.8505480000001
155.449402,50.872215
155.447693,50.880013
155.447754,50.897774
155.474396,50.9205470000001
155.482727,50.9261020000001
155.494415,50.929993
155.505554,50.931107
155.569702,50.934158
155.580261,50.934158
155.600525,50.9313810000001
155.63916,50.92083
155.646942,50.9130480000001
155.650818,50.905823
155.666077,50.8705440000001
155.669708,50.856659
155.661102,50.831108
155.658875,50.824715
155.64444,50.8136060000001
155.620789,50.806099
