"V1","V2"
-55.285561,72.681091
-55.3713839999999,72.6260830000001
-55.479439,72.5711060000001
-55.5199969999999,72.5547030000001
-55.532776,72.5516509999999
-55.550278,72.5535890000001
-55.566948,72.5644230000001
-55.586113,72.580826
-55.583885,72.5869289999999
-55.5780559999999,72.5910950000001
-55.5413889999999,72.5961000000001
-55.520554,72.597488
-55.5052799999999,72.600266
-55.484444,72.6072080000001
-55.4813839999999,72.609146
-55.488892,72.6136020000001
-55.499725,72.616089
-55.624718,72.6269230000001
-55.6692199999999,72.6239170000001
-55.685555,72.6185910000001
-55.6966629999999,72.6133120000001
-55.7136149999999,72.610535
-55.7369459999999,72.609985
-55.835556,72.611099
-55.849442,72.611374
-55.847496,72.6169280000001
-55.825836,72.6458280000001
-55.821671,72.6510930000001
-55.815552,72.654984
-55.808052,72.6569370000001
-55.708893,72.6688690000001
-55.685387,72.673759
-55.677727,72.6755910000001
-55.6422269999999,72.6866460000001
-55.623055,72.6952509999999
-55.605835,72.704163
-55.601395,72.7102660000001
-55.599442,72.7219240000001
-55.607224,72.732483
-55.612221,72.737488
-55.6169429999999,72.75
-55.6177749999999,72.7549900000001
-55.605003,72.757217
-55.40139,72.791931
-55.229996,72.8191530000001
-55.2269439999999,72.821106
-55.1974719999999,72.845322
-55.172501,72.8461
-55.1519389999999,72.845535
-55.0613859999999,72.8319400000001
-54.989441,72.8191530000001
-54.974442,72.815811
-54.9647219999999,72.811371
-54.963615,72.808029
-54.96611,72.8016510000001
-55.0938869999999,72.732483
-55.102226,72.729431
-55.139725,72.7169340000001
-55.156944,72.7138820000001
-55.214722,72.7091520000001
-55.232216,72.7055510000001
-55.2452769999999,72.701935
-55.2697219999999,72.6924740000001
-55.285561,72.681091
