"V1","V2"
119.461647,-8.44027699999987
119.496643,-8.48694399999999
119.521103,-8.48444399999994
119.540543,-8.48444399999994
119.564987,-8.49249800000001
119.567757,-8.496666
119.584991,-8.55694399999993
119.585541,-8.56305500000002
119.573318,-8.58611099999996
119.567207,-8.59361100000001
119.558319,-8.59833300000003
119.552757,-8.59972199999993
119.540543,-8.60083200000003
119.5336,-8.60083200000003
119.528053,-8.59972199999993
119.525269,-8.59555399999994
119.525269,-8.58861199999996
119.52388,-8.58333199999998
119.51915,-8.57444399999997
119.514427,-8.57249999999999
119.507492,-8.57249999999999
119.491089,-8.57638900000001
119.4561,-8.60305399999993
119.437759,-8.67000000000002
119.437759,-8.67666600000001
119.443863,-8.70583299999993
119.445824,-8.71055599999994
119.451653,-8.72022399999997
119.463608,-8.74055499999997
119.46582,-8.74527699999993
119.458038,-8.75139000000001
119.453323,-8.753334
119.447197,-8.75416799999999
119.378036,-8.74110999999988
119.375809,-8.73833299999995
119.373871,-8.72416699999991
119.375259,-8.72027800000001
119.377808,-8.71820200000002
119.382751,-8.71416699999992
119.40416,-8.680834
119.406647,-8.66333400000002
119.406097,-8.65722299999999
119.40416,-8.65249999999997
119.397774,-8.63805600000001
119.414429,-8.44777900000003
119.416931,-8.44361099999992
119.443863,-8.42805699999997
119.449997,-8.42888799999997
119.45546,-8.42999099999992
119.461647,-8.44027699999987
