"V1","V2"
-73.74556,-44.743614
-73.754181,-44.743614
-73.763062,-44.7425
-73.822235,-44.6799999999999
-73.8255619999999,-44.584724
-73.8230589999999,-44.571671
-73.819458,-44.566948
-73.809448,-44.5608369999999
-73.8033449999999,-44.5583339999999
-73.713623,-44.54306
-73.7055659999999,-44.542229
-73.6961209999999,-44.542778
-73.688614,-44.544449
-73.675568,-44.549446
-73.664459,-44.555557
-73.660004,-44.559174
-73.6566769999999,-44.563339
-73.629181,-44.615837
-73.6266779999999,-44.620834
-73.5902859999999,-44.698616
-73.5888979999999,-44.70417
-73.589737,-44.7097239999999
-73.593063,-44.714447
-73.5988919999999,-44.716949
-73.605835,-44.718613
-73.7113949999999,-44.7419509999999
-73.74556,-44.743614
