"V1","V2"
-38.936951,-13.5625
-38.941391,-13.565279
-38.979446,-13.564724
-38.9844509999999,-13.5625
-38.98122,-13.5216639999999
-38.964443,-13.498845
-39.0154499999999,-13.484751
-39.041115,-13.4622229999999
-39.0430599999999,-13.4572239999999
-39.0386119999999,-13.397779
-39.0363919999999,-13.3930569999999
-39.032784,-13.3897229999999
-39.02639,-13.3891679999999
-38.9177779999999,-13.38139
-38.912224,-13.382778
-38.908058,-13.3855569999999
-38.903893,-13.395279
-38.896118,-13.448891
-38.895836,-13.461945
-38.8966669999999,-13.4680559999999
-38.898056,-13.473612
-38.906395,-13.4933339999999
-38.934174,-13.558613
-38.936951,-13.5625
