"V1","V2"
-54.077499,47.4794310000001
-54.0830609999999,47.4749910000001
-54.0930559999999,47.483047
-54.096664,47.4872130000001
-54.101112,47.496384
-54.101944,47.5013890000001
-54.0997239999999,47.558884
-54.098335,47.589714
-54.0972209999999,47.6052700000001
-54.09333,47.63166
-54.083611,47.6797179999999
-54.078613,47.68499
-54.071388,47.6855469999999
-54.067505,47.6811070000001
-54.060555,47.6511
-54.078056,47.563881
-54.059723,47.5322110000001
-54.058891,47.5272140000001
-54.077499,47.4794310000001
