"V1","V2"
128.219971,-8.21055599999994
128.233582,-8.264723
128.233032,-8.27083399999998
128.230804,-8.27555699999988
128.218567,-8.28361099999995
128.208313,-8.28722199999993
128.188293,-8.28777899999994
128.130249,-8.28444499999995
128.11911,-8.28166800000002
128.095245,-8.271389
128.086914,-8.26611099999991
128.079956,-8.25944500000003
128.082184,-8.25444599999992
128.099121,-8.21722199999994
128.101898,-8.21333299999992
128.106903,-8.21111100000002
128.113007,-8.21055599999994
128.118561,-8.21193499999998
128.118561,-8.21333299999992
128.12384,-8.21444500000001
128.149414,-8.21666499999992
128.169983,-8.21666499999992
128.180817,-8.21388799999994
128.195251,-8.20777699999996
128.206085,-8.20499999999998
128.212463,-8.20444499999996
128.217194,-8.20638799999995
128.219971,-8.21055599999994
