"V1","V2"
-80.0897219999999,59.7519380000001
-80.166946,59.742493
-80.17778,59.7441560000001
-80.184158,59.747772
-80.184723,59.752777
-80.128876,59.8238830000001
-80.1150049999999,59.837769
-80.103058,59.8449940000001
-80.015015,59.8849950000001
-80.007782,59.886108
-79.9469449999999,59.8802720000001
-79.9377749999999,59.8777689999999
-79.9299929999999,59.8736039999999
-79.8841709999999,59.8583300000001
-79.878876,59.8547130000001
-79.883621,59.8499980000001
-79.9066619999999,59.8280490000001
-79.922226,59.815544
-79.928055,59.8116610000001
-80.0252839999999,59.7644420000001
-80.0897219999999,59.7519380000001
