"V1","V2"
149.719696,-1.433333
149.790253,-1.57666699999993
149.790802,-1.58138899999994
149.731903,-1.60333299999996
149.715515,-1.57861100000002
149.709961,-1.57027799999997
149.703308,-1.56361099999998
149.699127,-1.560833
149.681915,-1.55722200000002
149.680542,-1.56277799999998
149.681915,-1.57527800000003
149.681366,-1.58138899999994
149.678589,-1.585556
149.673035,-1.58694500000001
149.6633,-1.58277800000002
149.659424,-1.57999999999993
149.558014,-1.50055600000002
149.533325,-1.46972199999993
149.530548,-1.46555499999994
149.527771,-1.45444399999997
149.528595,-1.44833299999999
149.542755,-1.41472199999998
149.544983,-1.40999999999997
149.564148,-1.37027799999998
149.579956,-1.35527799999994
149.622467,-1.359444
149.627167,-1.36138899999992
149.6633,-1.38666699999993
149.710785,-1.42166699999996
149.716919,-1.42916700000001
149.719696,-1.433333
