"V1","V2"
-71.106949,-54.871948
-71.0730589999999,-54.88028
-71.052505,-54.878616
-71.044174,-54.876671
-71.0294489999999,-54.8716739999999
-71.023056,-54.86834
-71.01445,-54.859726
-71.0069579999999,-54.856949
-70.998611,-54.856674
-70.946671,-54.878891
-70.912231,-54.9244459999999
-70.918625,-54.9277799999999
-70.935562,-54.931396
-70.968903,-54.9319459999999
-71.060287,-54.9552839999999
-71.072235,-54.955002
-71.0816799999999,-54.953613
-71.1497339999999,-54.934174
-71.2050019999999,-54.90667
-71.321671,-54.948334
-71.32695,-54.952225
-71.335281,-54.95417
-71.345001,-54.9552839999999
-71.404175,-54.945557
-71.409729,-54.941948
-71.453339,-54.8900069999999
-71.45668,-54.8850019999999
-71.453613,-54.879723
-71.40834,-54.830833
-71.403061,-54.826668
-71.3969569999999,-54.825005
-71.3533479999999,-54.829445
-71.199448,-54.848335
-71.1347349999999,-54.860283
-71.106949,-54.871948
