"V1","V2"
125.138321,-14.648611
125.132751,-14.648611
125.089157,-14.626389
125.085274,-14.623055
125.084717,-14.617222
125.086113,-14.6036109999999
125.092484,-14.544445
125.113876,-14.488888
125.116653,-14.484444
125.150269,-14.443056
125.15416,-14.440277
125.159416,-14.438334
125.164993,-14.439722
125.173309,-14.445833
125.20694,-14.4825
125.209152,-14.486944
125.208038,-14.49361
125.185257,-14.598888
125.153587,-14.611389
125.149429,-14.614166
125.146652,-14.6186099999999
125.138321,-14.648611
