"V1","V2"
-18.2430529999999,78.750824
-18.292778,78.739426
-18.325832,78.7972110000001
-18.327499,78.8030400000001
-18.325279,78.8146970000001
-18.320557,78.8269350000001
-18.3094439999999,78.844437
-18.297222,78.8560940000001
-18.288055,78.86026
-18.2716669999999,78.8655400000001
-18.244999,78.8691410000001
-18.23,78.8694310000001
-18.209999,78.8694310000001
-18.184444,78.8677520000001
-18.16861,78.86499
-18.151943,78.8574830000001
-18.0755579999999,78.817764
-18.0805549999999,78.805542
-18.086945,78.800262
-18.0958329999999,78.794434
-18.1119459999999,78.78804
-18.13028,78.781937
-18.193611,78.7624970000001
-18.2430529999999,78.750824
