"V1","V2"
-165.69696,54.084717
-165.763367,54.0644380000001
-165.771942,54.0633240000001
-165.782501,54.0635990000001
-165.848907,54.0702670000001
-165.897522,54.02887
-165.906158,54.049164
-165.90976,54.0535960000001
-165.915833,54.0569310000001
-165.935028,54.060822
-165.967529,54.062202
-165.986664,54.051384
-165.992249,54.0477680000001
-166.03894,54.0361100000001
-166.046417,54.0388790000001
-166.06723,54.0538790000001
-166.1203,54.1124880000001
-166.123077,54.116379
-166.092773,54.165543
-166.089172,54.1708300000001
-166.070587,54.1788790000001
-165.982239,54.214706
-165.973602,54.216103
-165.947784,54.2199860000001
-165.938324,54.220543
-165.66449,54.1274800000001
-165.656952,54.1247020000001
-165.657257,54.118599
-165.672241,54.0977710000001
-165.683624,54.090546
-165.69696,54.084717
