"V1","V2"
134.58609,-6.39166699999993
134.592194,-6.39916699999998
134.597748,-6.40722299999999
134.603851,-6.42166600000002
134.604401,-6.42777699999994
134.599121,-6.44277799999998
134.549713,-6.53000100000003
134.546936,-6.53388899999993
134.542206,-6.53583300000003
134.536652,-6.53472199999993
134.527771,-6.53000100000003
134.511383,-6.518889
134.507751,-6.515556
134.485229,-6.47138899999999
134.455658,-6.42756499999996
134.436325,-6.43231799999995
134.386246,-6.39397000000002
134.366638,-6.39583399999998
134.361084,-6.39444400000002
134.358582,-6.39027800000002
134.34552,-6.36250000000001
134.34552,-6.356944
134.378296,-6.32138900000001
134.4086,-6.29972199999997
134.441345,-6.28472199999999
134.44693,-6.28333299999991
134.45163,-6.28555599999999
134.452789,-6.28803299999993
134.453583,-6.29166699999996
134.463867,-6.30166599999995
134.55719,-6.37249899999989
134.571625,-6.37861099999998
134.575806,-6.38138900000001
134.58609,-6.39166699999993
