"V1","V2"
-84.7227779999999,65.5460970000001
-84.733887,65.5447080000001
-84.7461089999999,65.5458220000001
-84.784729,65.556641
-84.803604,65.565536
-84.828613,65.578873
-84.840836,65.5880430000001
-84.8480529999999,65.597488
-84.853333,65.6069340000001
-84.8522189999999,65.6119230000001
-84.857773,65.645828
-84.8588869999999,65.6508180000001
-84.866394,65.6599880000001
-84.878601,65.6691440000001
-84.9002839999999,65.67804
-85.02861,65.7116550000001
-85.0630489999999,65.723312
-85.073898,65.7277680000001
-85.08223,65.7322080000001
-85.1069489999999,65.7505489999999
-85.118057,65.764709
-85.181946,65.9455260000001
-85.1730499999999,65.9947050000001
-85.1438899999999,66.021103
-85.137222,66.0233150000001
-85.0816799999999,66.026657
-85.057495,66.0260930000001
-84.9375,66.010544
-84.924713,66.008041
-84.9102779999999,66.0000000000001
-84.887222,65.9455260000001
-84.8833309999999,65.9408110000001
-84.80777,65.8958280000001
-84.7550049999999,65.8533170000001
-84.71611,65.8172150000001
-84.714172,65.8072050000001
-84.7127839999999,65.8022
-84.707779,65.7927550000001
-84.637222,65.712204
-84.597504,65.6966400000001
-84.58667,65.6922000000001
-84.5741729999999,65.63916
-84.576111,65.6291500000001
-84.585007,65.6191410000001
-84.5986179999999,65.608597
-84.66777,65.560532
-84.7227779999999,65.5460970000001
