"V1","V2"
117.847763,3.79722199999998
117.84166,3.79638899999998
117.811653,3.80055500000003
117.799988,3.80277700000005
117.794983,3.80472200000003
117.760818,3.82527700000009
117.752487,3.83083300000004
117.73082,3.86361099999999
117.733322,3.86499999999995
117.749153,3.86972100000014
117.754707,3.87110999999999
117.761383,3.87110999999999
117.773277,3.86920400000002
117.788307,3.86222199999997
117.801933,3.85527800000011
117.830833,3.83611100000013
117.838318,3.83000000000004
117.845261,3.82305500000007
117.854156,3.81166600000012
117.854156,3.80472200000003
117.851929,3.80000000000013
117.847763,3.79722199999998
