"V1","V2"
-129.432495,53.151382
-129.352783,53.0722200000001
-129.290009,52.9936070000001
-129.287506,52.978043
-129.289459,52.971931
-129.295837,52.96888
-129.312225,52.9669340000001
-129.341095,52.97332
-129.414185,53.0105510000001
-129.419159,53.014442
-129.421387,53.0191570000001
-129.424713,53.0402760000001
-129.429169,53.0497210000001
-129.475281,53.1019360000001
-129.50528,53.126381
-129.511963,53.129715
-129.521942,53.1311039999999
-129.537506,53.1283260000001
-129.544739,53.1283260000001
-129.547241,53.1330490000001
-129.548065,53.149162
-129.546967,53.1602710000001
-129.538605,53.1716609999999
-129.521667,53.183601
-129.514465,53.1858220000001
-129.498596,53.188599
-129.490265,53.1888810000001
-129.47998,53.1877670000001
-129.470551,53.185265
-129.462769,53.1799930000001
-129.432495,53.151382
