"V1","V2"
-41.095833,63.2211000000001
-41.092773,63.211662
-41.1150049999999,63.2097170000001
-41.147781,63.2141570000001
-41.215279,63.219154
-41.2205509999999,63.2138820000001
-41.230553,63.21138
-41.253891,63.2133260000001
-41.430832,63.2313770000001
-41.441109,63.23555
-41.491112,63.2636110000001
-41.5155559999999,63.282211
-41.525276,63.291382
-41.538895,63.30027
-41.616943,63.339157
-41.7063899999999,63.382767
-41.715279,63.3866580000001
-41.7274929999999,63.3905490000001
-41.751114,63.3961030000001
-41.763618,63.397491
-41.798615,63.4041600000001
-41.809723,63.407768
-41.845833,63.424995
-41.8519439999999,63.4294360000001
-41.8594439999999,63.4385990000001
-41.868332,63.452774
-41.872498,63.461937
-41.8719409999999,63.46666
-41.865005,63.472214
-41.854721,63.4772110000001
-41.845001,63.4808200000001
-41.825562,63.48555
-41.784172,63.4922179999999
-41.7308269999999,63.4966580000001
-41.708611,63.4961010000001
-41.69722,63.494995
-41.673615,63.489716
-41.66333,63.48555
-41.6116709999999,63.4602740000001
-41.556862,63.4194340000001
-41.4424969999999,63.4013820000001
-41.284172,63.3488770000001
-41.261391,63.3430480000001
-41.236946,63.3347170000001
-41.226944,63.330276
-41.2113879999999,63.3216630000001
-41.1441649999999,63.2772140000001
-41.125832,63.2588880000001
-41.104172,63.2352680000001
-41.095833,63.2211000000001
