"V1","V2"
90.6602630000001,22.356384
90.640274,22.3083310000001
90.6361080000001,22.348331
90.63443,22.3644409999999
90.632202,22.3758280000001
90.616089,22.4197160000001
90.613876,22.42194
90.604431,22.42305
90.601089,22.4247170000001
90.599152,22.427494
90.598328,22.435272
90.6013790000001,22.4413830000001
90.6074830000001,22.4499970000001
90.61026,22.451939
90.6147,22.4522170000001
90.620819,22.4455490000001
90.6510930000001,22.39555
90.6552580000001,22.386662
90.6594239999999,22.3724980000001
90.6611020000001,22.360554
90.6602630000001,22.356384
