"V1","V2"
-146.772247,-76.714172
-146.799469,-76.7164
-146.835297,-76.7152859999999
-147.049469,-76.703613
-147.072784,-76.702225
-147.091949,-76.6972349999999
-147.1203,-76.6858369999999
-147.139191,-76.6733399999999
-147.246948,-76.583893
-147.251404,-76.57695
-147.238342,-76.5691679999999
-147.222504,-76.5625
-147.095581,-76.51889
-147.076965,-76.513336
-147.059723,-76.512512
-146.955566,-76.540009
-146.931671,-76.544174
-146.872528,-76.549728
-146.841675,-76.551392
-146.818085,-76.5558469999999
-146.760834,-76.570557
-146.741669,-76.583069
-146.729462,-76.672226
-146.730011,-76.695007
-146.747803,-76.7111209999999
-146.772247,-76.714172
