"V1","V2"
174.399414,-41.115837
174.396362,-41.146393
174.380249,-41.198334
174.37439,-41.2030559999999
174.264709,-41.235558
174.198303,-41.234444
174.193298,-41.232498
174.203033,-41.226952
174.255554,-41.216393
174.33609,-41.186661
174.344421,-41.18306
174.366058,-41.162498
174.36969,-41.1558299999999
174.371887,-41.148613
174.366913,-41.145004
174.358582,-41.147781
174.347473,-41.14695
174.330261,-41.1416699999999
174.324127,-41.138893
174.322754,-41.1324999999999
174.377167,-41.108894
174.386932,-41.106949
174.398041,-41.10778
174.399414,-41.115837
