"V1","V2"
-126.873322,50.6633220000001
-126.834167,50.6341630000001
-126.831123,50.629158
-126.835831,50.6252670000001
-126.902496,50.6138839999999
-126.912514,50.6136090000001
-127.016663,50.638329
-127.025284,50.6399920000001
-127.04277,50.6374970000001
-127.058327,50.632492
-127.101936,50.627487
-127.122498,50.627213
-127.132217,50.6283260000001
-127.140556,50.6297150000001
-127.14473,50.633881
-127.143341,50.6388850000001
-127.131668,50.6522140000001
-127.127213,50.656097
-127.109161,50.665268
-127.093887,50.669159
-127.086403,50.6697160000001
-126.890289,50.6672130000001
-126.879707,50.6661
-126.873322,50.6633220000001
