"V1","V2"
-59.6655579999999,-62.5569459999999
-59.6794509999999,-62.55806
-59.722504,-62.550003
-59.871117,-62.527779
-59.886391,-62.525284
-59.9069519999999,-62.5166699999999
-59.966393,-62.482506
-59.979446,-62.457504
-59.9791719999999,-62.450836
-59.97084,-62.4436109999999
-59.958336,-62.439728
-59.93084,-62.4374999999999
-59.747505,-62.435562
-59.7327799999999,-62.436951
-59.7169489999999,-62.4408339999999
-59.566948,-62.481117
-59.553337,-62.486389
-59.542229,-62.498611
-59.542503,-62.50528
-59.5452799999999,-62.511948
-59.550835,-62.519173
-59.562782,-62.52417
-59.613892,-62.5444489999999
-59.63945,-62.5519489999999
-59.6655579999999,-62.5569459999999
