"V1","V2"
-74.7527919999999,-45.707779
-74.759171,-45.710281
-74.76889,-45.7097239999999
-74.7925109999999,-45.70195
-74.798065,-45.6988909999999
-74.866959,-45.6563949999999
-74.8766779999999,-45.649727
-74.880005,-45.645279
-74.8813929999999,-45.639725
-74.881668,-45.633339
-74.880005,-45.627228
-74.869171,-45.605835
-74.856674,-45.601112
-74.8377839999999,-45.601669
-74.820557,-45.604172
-74.808334,-45.609726
-74.799454,-45.617226
-74.789459,-45.6302799999999
-74.770004,-45.657227
-74.7630619999999,-45.671951
-74.7499999999999,-45.7025069999999
-74.7527919999999,-45.707779
