"V1","V2"
-54.661385,70.372482
-54.8555599999999,70.368317
-54.901939,70.36998
-54.921669,70.3722079999999
-54.934723,70.375534
-54.958611,70.3833310000001
-54.9780499999999,70.3916630000001
-54.992775,70.4024810000001
-55.0066679999999,70.4210970000001
-55.0186079999999,70.4394230000001
-55.021111,70.4444270000001
-55.027779,70.483047
-55.013062,70.484421
-54.970833,70.48082
-54.9344409999999,70.478592
-54.9016649999999,70.4733120000001
-54.868889,70.467209
-54.8555599999999,70.4644320000001
-54.737221,70.4335940000001
-54.6747209999999,70.4080350000001
-54.661667,70.399429
-54.653053,70.389435
-54.646667,70.37886
-54.650276,70.3741460000001
-54.661385,70.372482
