"V1","V2"
21.9827770000001,60.3241650000001
21.972221,60.323608
21.9597210000001,60.3247150000001
21.946388,60.3269420000001
21.899441,60.3352740000001
21.8188860000001,60.3580549999999
21.7963869999999,60.3686070000001
21.789997,60.372498
21.785275,60.3769380000001
21.784721,60.3877720000001
21.8049960000001,60.4594420000001
21.8074990000001,60.465553
21.816109,60.467773
21.8266640000001,60.4663850000001
21.8963850000001,60.444443
21.9333310000001,60.416664
21.996666,60.358887
21.9994430000001,60.3374940000001
21.9972189999999,60.331383
21.9827770000001,60.3241650000001
