"V1","V2"
-55.470001,-63.143333
-55.463341,-63.14917
-55.3127819999999,-63.179169
-55.2352829999999,-63.1841739999999
-55.096672,-63.198059
-55.083618,-63.200279
-55.04834,-63.20945
-55.02417,-63.219727
-55.017502,-63.225563
-55.0025019999999,-63.250557
-55.001114,-63.25695
-55.0002819999999,-63.263618
-55.001114,-63.277229
-55.002785,-63.2838899999999
-55.016113,-63.3058399999999
-55.030838,-63.320839
-55.04084,-63.328896
-55.0638959999999,-63.3397289999999
-55.098892,-63.350838
-55.121391,-63.3555599999999
-55.148056,-63.360001
-55.190559,-63.363892
-55.249168,-63.365837
-55.279167,-63.365562
-55.325562,-63.36306
-55.5413889999999,-63.335556
-55.666672,-63.319725
-55.854172,-63.3011169999999
-55.868896,-63.301392
-55.9916689999999,-63.335838
-56.000557,-63.340836
-56.002785,-63.3477779999999
-56.0758359999999,-63.3855589999999
-56.26445,-63.43084
-56.277504,-63.433617
-56.305557,-63.436951
-56.3497239999999,-63.437782
-56.3802799999999,-63.4361109999999
-56.396393,-63.433891
-56.413338,-63.430283
-56.521118,-63.3866729999999
-56.530006,-63.3808359999999
-56.5363919999999,-63.375
-56.540001,-63.370834
-56.543335,-63.364449
-56.5450059999999,-63.351395
-56.542778,-63.344452
-56.537781,-63.3372269999999
-56.5272289999999,-63.329445
-56.4480589999999,-63.275284
-56.426392,-63.260834
-56.3422239999999,-63.215561
-56.317505,-63.2075039999999
-56.0363919999999,-63.138618
-56.010284,-63.132782
-55.827507,-63.1219479999999
-55.811668,-63.1241679999999
-55.79528,-63.1275019999999
-55.777504,-63.132225
-55.751114,-63.142227
-55.735001,-63.144447
-55.706673,-63.142502
-55.667503,-63.133614
-55.6305619999999,-63.121391
-55.6174999999999,-63.11834
-55.603889,-63.1166689999999
-55.589172,-63.116394
-55.5738909999999,-63.117226
-55.55806,-63.1191709999999
-55.525841,-63.1233369999999
-55.491112,-63.132507
-55.4791719999999,-63.137779
-55.470001,-63.143333
