"V1","V2"
-19.346947,78.811371
-19.336666,78.8105320000001
-19.316944,78.8105320000001
-19.292225,78.81192
-19.220276,78.8216550000001
-19.20472,78.8208310000001
-19.1941639999999,78.818054
-19.18222,78.8038640000001
-19.190556,78.7980350000001
-19.211945,78.7955320000001
-19.2413859999999,78.794144
-19.2716669999999,78.7947080000001
-19.2969469999999,78.795258
-19.3280559999999,78.7988740000001
-19.357777,78.798599
-19.41111,78.793045
-19.4197199999999,78.7891539999999
-19.4177779999999,78.7833249999999
-19.401665,78.779434
-19.355835,78.7772060000001
-19.326111,78.777481
-19.2550009999999,78.781937
-19.185555,78.774429
-19.159443,78.7708279999999
-19.163334,78.7669370000001
-19.274723,78.741364
-19.343334,78.7302700000001
-19.4161109999999,78.7244260000001
-19.475555,78.7247010000001
-19.50639,78.7272030000001
-19.5297239999999,78.7302700000001
-19.556389,78.7358090000001
-19.719166,78.774429
-19.7363849999999,78.7799840000001
-19.7483329999999,78.7855380000001
-19.7550009999999,78.7905430000001
-19.7566679999999,78.795258
-19.7536129999999,78.8010860000001
-19.745831,78.8072050000001
-19.715,78.819153
-19.6886099999999,78.8291630000001
-19.4072229999999,78.925537
-19.363056,78.9371950000001
-19.3347239999999,78.9433140000001
-19.3011129999999,78.9485930000001
-19.241665,78.9533230000001
-19.208889,78.954163
-19.190834,78.953049
-19.186386,78.9466400000001
-19.204998,78.877472
-19.2886119999999,78.8633120000001
-19.3255579999999,78.853317
-19.34861,78.816086
-19.346947,78.811371
