"V1","V2"
-73.416672,-42.5563959999999
-73.4189,-42.558334
-73.4365079999999,-42.5549389999999
-73.445847,-42.5286179999999
-73.450562,-42.51889
-73.4569549999999,-42.510284
-73.472778,-42.501114
-73.5661159999999,-42.464447
-73.579727,-42.460281
-73.611954,-42.4552839999999
-73.623611,-42.449722
-73.627792,-42.446114
-73.652237,-42.3925019999999
-73.654175,-42.3875049999999
-73.6527859999999,-42.3813929999999
-73.6480559999999,-42.378334
-73.634445,-42.375
-73.611115,-42.37278
-73.576675,-42.372505
-73.55278,-42.376671
-73.5358429999999,-42.3850019999999
-73.5316769999999,-42.3888929999999
-73.4169459999999,-42.520561
-73.414734,-42.525558
-73.416672,-42.5563959999999
