"V1","V2"
11.1958329999999,57.3108290000001
11.0791659999999,57.2502750000001
11.0583320000001,57.2408290000001
11.023888,57.229721
10.9974990000001,57.223328
10.9822220000001,57.221664
10.9619430000001,57.238052
10.9499990000001,57.2458270000001
10.9338870000001,57.2502750000001
10.9224990000001,57.250832
10.9077760000001,57.248329
10.896111,57.24472
10.8847220000001,57.2455519999999
10.874998,57.2477720000001
10.865,57.2522200000001
10.855,57.260826
10.8544430000001,57.263054
10.860554,57.2672200000001
10.918055,57.3011090000001
10.921389,57.3027730000001
11.025833,57.320274
11.1444440000001,57.3313830000001
11.150276,57.331665
11.1838870000001,57.3274990000001
11.1888890000001,57.3263850000001
11.191944,57.324997
11.194443,57.322777
11.196943,57.3141630000001
11.1958329999999,57.3108290000001
