"V1","V2"
-86.319458,78.883606
-86.3880619999999,78.883041
-86.4147189999999,78.88443
-86.444443,78.8872070000001
-86.4691619999999,78.889709
-86.484436,78.8927610000001
-86.4769439999999,78.8963780000001
-86.436386,78.9111020000001
-86.386673,78.9249880000001
-86.366104,78.9297030000001
-86.346115,78.9396970000001
-86.328613,78.950821
-86.29277,78.9830470000001
-86.2852779999999,78.993317
-86.2836149999999,78.9980320000001
-86.046951,79.0385890000001
-85.990829,79.0469360000001
-85.924438,79.053864
-85.8961179999999,79.0569310000001
-85.820007,79.061371
-85.712509,79.064148
-85.646118,79.0644230000001
-85.3213959999999,79.053864
-85.2633359999999,79.048874
-85.2161099999999,79.041367
-85.199722,79.037491
-85.182495,79.0313720000001
-85.1672209999999,79.0208280000001
-85.169449,79.014709
-85.176392,79.008881
-85.186661,79.0027770000001
-85.2094419999999,78.993591
-85.22583,78.9885860000001
-85.246948,78.9841460000001
-85.301392,78.975266
-85.46611,78.958328
-85.546661,78.9524840000001
-85.765564,78.9341430000001
-86.026947,78.910263
-86.213898,78.8916630000001
-86.244995,78.8883210000001
-86.284164,78.885269
-86.319458,78.883606
