"V1","V2"
127.770264,-3.25444499999986
127.695824,-3.25499999999994
127.675812,-3.25444499999986
127.670258,-3.25305599999996
127.658043,-3.24472199999997
127.639427,-3.22916700000002
127.636108,-3.22583300000002
127.638893,-3.22166600000003
127.651932,-3.20777799999996
127.6586,-3.20111099999997
127.699707,-3.166945
127.708076,-3.160594
127.714996,-3.15805499999999
127.752487,-3.15305499999999
127.75943,-3.15305499999999
127.787491,-3.17305599999997
127.789703,-3.17777799999993
127.790268,-3.18388900000002
127.791656,-3.21555599999994
127.789703,-3.23944399999999
127.788307,-3.24472199999997
127.785538,-3.24888899999996
127.776657,-3.25388899999996
127.770264,-3.25444499999986
