"V1","V2"
-21.0830569999999,76.5691530000001
-21.088333,76.566666
-21.096111,76.565262
-21.147499,76.5574800000001
-21.174168,76.5555420000001
-21.237221,76.5613710000001
-21.310558,76.566666
-21.382778,76.568878
-21.40361,76.5683290000001
-21.4302789999999,76.5716550000001
-21.453609,76.576935
-21.521114,76.5977630000001
-21.547222,76.6088710000001
-21.547501,76.6152650000001
-21.527225,76.621094
-21.451389,76.6413730000001
-21.4361109999999,76.6447140000001
-21.3955539999999,76.6483310000001
-21.05389,76.643875
-20.963886,76.62915
-20.965553,76.623306
-20.972775,76.620255
-21.0427779999999,76.6102600000001
-21.124722,76.589706
-21.124722,76.5841520000001
-21.0958329999999,76.5752720000001
-21.0830569999999,76.5691530000001
