"V1","V2"
-33.252228,67.295258
-33.2663959999999,67.2949830000001
-33.2830579999999,67.2960970000001
-33.2872239999999,67.298599
-33.328888,67.3324890000001
-33.327782,67.336105
-33.323616,67.3405460000001
-33.315277,67.348038
-33.31028,67.3516540000001
-33.265556,67.374146
-33.261391,67.3755340000001
-33.25695,67.376083
-33.253059,67.371643
-33.2519449999999,67.3636020000001
-33.251671,67.353592
-33.2502819999999,67.353317
-33.2452769999999,67.3438720000001
-33.243332,67.3380430000001
-33.242775,67.2980350000001
-33.252228,67.295258
