"V1","V2"
-63.859444,50.1977689999999
-63.873611,50.194435
-63.890282,50.19471
-63.8999939999999,50.1960980000001
-63.908607,50.1986010000001
-63.916107,50.20166
-63.920837,50.2055510000001
-63.930557,50.218597
-63.931389,50.2238770000001
-63.930557,50.2294310000001
-63.9269489999999,50.236107
-63.9227749999999,50.241661
-63.916664,50.2447130000001
-63.9099959999999,50.2466580000001
-63.901939,50.247215
-63.889725,50.2422180000001
-63.8655549999999,50.228325
-63.859444,50.224709
-63.8547209999999,50.220825
-63.852783,50.2161030000001
-63.853615,50.210548
-63.855835,50.2044370000001
-63.859444,50.1977689999999
