"V1","V2"
96.4321900000001,2.34305499999999
96.4149780000001,2.33972200000005
96.3360900000001,2.35138800000004
96.3305360000001,2.35277700000006
96.3258060000001,2.35472200000004
96.314133,2.36361100000011
96.3094020000001,2.37249900000006
96.2977450000001,2.40055500000011
96.2971950000001,2.41916600000008
96.295807,2.42472200000003
96.059402,2.57861100000014
96.0319210000001,2.59249899999992
96.0222020000001,2.59638799999999
95.8777470000001,2.64361099999996
95.8619079999999,2.64861099999996
95.818863,2.65472200000005
95.702194,2.76694400000014
95.695511,2.78055500000011
95.6913450000001,2.79694400000005
95.6913450000001,2.80388799999997
95.6927340000001,2.80944399999993
95.696915,2.81888900000001
95.7049710000001,2.83111099999996
95.7885740000001,2.93527700000004
95.7921910000001,2.93861099999998
95.8735810000001,2.92305500000003
95.883316,2.91888899999998
95.8913570000001,2.91333299999997
95.8988650000001,2.9072220000001
95.907745,2.895555
95.914139,2.88111100000003
95.9783020000001,2.79499999999996
95.9963530000001,2.77777700000013
96.0127559999999,2.76694400000014
96.029144,2.76277700000014
96.0491330000001,2.76222200000007
96.0749819999999,2.76083300000005
96.0810850000001,2.76000000000005
96.086639,2.75861100000009
96.101074,2.7525
96.113586,2.7444440000001
96.1235810000001,2.73416600000002
96.16275,2.68277699999999
96.213593,2.63055500000013
96.2930300000001,2.57333300000005
96.347198,2.53833300000014
96.403854,2.51833299999998
96.4313510000001,2.50333300000005
96.458862,2.46222200000005
96.459412,2.43555500000002
96.4710850000001,2.40194400000013
96.484131,2.3711100000001
96.483582,2.36638800000003
96.4799650000001,2.36305499999992
96.47052,2.35888900000003
96.4321900000001,2.34305499999999
