"V1","V2"
95.3424680000001,5.77416600000004
95.3358000000001,5.77416600000004
95.2924650000001,5.78555500000004
95.2835850000001,5.79027700000012
95.2766420000001,5.79722100000004
95.217743,5.881665
95.212189,5.88999899999999
95.2108,5.89527700000002
95.2102510000001,5.90138800000011
95.211639,5.90555500000011
95.217743,5.9130540000001
95.222473,5.91388799999999
95.333588,5.89749900000004
95.3410800000001,5.89138799999995
95.381638,5.84972099999999
95.3830259999999,5.84416600000009
95.380188,5.83754199999998
95.3807980000001,5.81916599999994
95.380249,5.80610899999999
95.3471980000001,5.77611100000007
95.3424680000001,5.77416600000004
