"V1","V2"
95.133041,76.7027740000001
95.224701,76.6730350000001
95.2399750000001,76.6683200000001
95.326935,76.661102
95.32193,76.6530460000001
95.3047030000001,76.648605
95.284424,76.644989
95.260818,76.6422120000001
95.231369,76.6416630000001
95.198593,76.641937
95.09137,76.645264
95.026093,76.6455380000001
94.9466399999999,76.640549
94.9230350000001,76.6380460000001
94.8824770000001,76.630814
94.8530430000001,76.629974
94.8391570000001,76.631363
94.823608,76.636108
94.8163760000001,76.6422120000001
94.813034,76.64888
94.8208310000001,76.656097
94.834991,76.6616520000001
94.8755340000001,76.668869
94.9599910000001,76.6822050000001
94.9752660000001,76.6833190000001
95.0030520000001,76.680817
95.0266570000001,76.6774750000001
95.0513760000001,76.675812
95.071655,76.679428
95.0827640000001,76.685806
95.124084,76.712357
95.121643,76.708038
95.133041,76.7027740000001
