"V1","V2"
-96.8083339999999,72.9263760000001
-96.9152829999999,72.9177550000001
-96.955276,72.9205319999999
-96.968338,72.9238740000001
-96.990555,72.931091
-97.017776,72.9405360000001
-97.032227,72.9466400000001
-97.0613859999999,72.9633180000001
-97.089722,72.981659
-97.105835,72.998322
-97.111938,73.004715
-97.136948,73.045822
-97.1397249999999,73.051926
-97.141953,73.064148
-97.142776,73.0752720000001
-97.141113,73.0855410000001
-97.1277769999999,73.095825
-97.069733,73.136932
-97.059433,73.142212
-97.045547,73.1474910000001
-97.003342,73.1597140000001
-96.946945,73.172485
-96.904449,73.1799770000001
-96.848053,73.187485
-96.809433,73.1891480000001
-96.786392,73.1880340000001
-96.771942,73.181656
-96.75528,73.1758120000001
-96.6530609999999,73.136383
-96.6022189999999,73.0991520000001
-96.580841,73.0811
-96.5750119999999,73.0749970000001
-96.568619,73.0621950000001
-96.565826,73.056091
-96.564713,73.0505370000001
-96.565552,73.044708
-96.573624,73.033325
-96.636673,72.9658200000001
-96.643341,72.96138
-96.65834,72.9541630000001
-96.69722,72.94165
-96.743057,72.933594
-96.7650149999999,72.930817
-96.8083339999999,72.9263760000001
