"V1","V2"
156.706635,-7.89722299999994
156.703033,-7.95083299999993
156.565247,-7.75805600000001
156.545532,-7.75194499999992
156.509979,-7.71583399999992
156.504425,-7.70777799999996
156.500275,-7.69833299999999
156.497467,-7.68722200000002
156.496063,-7.65611100000001
156.496063,-7.64944500000001
156.497467,-7.63694500000003
156.49884,-7.63166599999994
156.511383,-7.61000000000001
156.518036,-7.60305499999993
156.521637,-7.59972199999993
156.554413,-7.57861100000002
156.582458,-7.57055600000001
156.585236,-7.57055600000001
156.621613,-7.58750099999997
156.625793,-7.59027799999996
156.779144,-7.70305499999995
156.805817,-7.72277700000001
156.808594,-7.72666600000002
156.809418,-7.732778
156.808594,-7.75666699999994
156.80719,-7.76194500000003
156.803864,-7.76944400000002
156.790802,-7.79055599999992
156.776367,-7.81027799999998
156.768311,-7.81555599999996
156.749695,-7.82444500000003
156.72995,-7.83861200000001
156.723572,-7.84611100000001
156.715515,-7.86527699999994
156.708588,-7.88555600000001
156.706635,-7.89722299999994
