"V1","V2"
152.002197,-2.82888899999995
151.959137,-2.84611100000001
151.946625,-2.84472199999993
151.941345,-2.84333299999992
151.937195,-2.84055599999994
151.931641,-2.83249999999998
151.921906,-2.80777799999993
151.920807,-2.80222199999992
151.928864,-2.71861099999995
151.929688,-2.71249999999998
151.932465,-2.70833299999998
151.939148,-2.70833299999998
151.944702,-2.709722
151.985779,-2.72500000000002
151.98996,-2.72750000000002
151.996613,-2.73444499999999
152.006378,-2.74555499999997
152.009155,-2.74944399999998
152.009705,-2.75583399999994
152.011932,-2.79055599999998
152.011932,-2.81805600000001
152.009705,-2.82277799999997
152.002197,-2.82888899999995
