"V1","V2"
4.98638799999992,61.1044390000001
4.98000000000002,61.093605
4.96805500000005,61.0855480000001
4.95361000000003,61.0788880000001
4.91000000000003,61.0655520000001
4.87694400000004,61.0852740000001
4.87305500000014,61.090271
4.86749900000012,61.094444
4.85611100000006,61.094719
4.84888799999999,61.0913850000001
4.81777800000009,61.071663
4.81472199999996,61.066109
4.80472200000003,61.0444410000001
4.79944400000011,61.0486070000001
4.79527800000005,61.053329
4.79444400000011,61.0597149999999
4.78805499999999,61.1463850000001
4.79111100000006,61.1519390000001
4.84999900000008,61.1799930000001
4.92777700000011,61.1899950000001
4.93888900000007,61.1883319999999
4.94583299999994,61.184998
4.959722,61.1763840000001
4.96222200000011,61.1708300000001
4.98583300000001,61.117493
4.98694400000011,61.1113820000001
4.98638799999992,61.1044390000001
