"V1","V2"
-116.87944,70.5474850000001
-116.88945,70.543869
-116.923317,70.5427550000001
-117.036118,70.5463710000001
-117.183319,70.5374910000001
-117.20195,70.5377660000001
-117.220001,70.539154
-117.275558,70.550262
-117.288887,70.55304
-117.297783,70.5569310000001
-117.301666,70.56192
-117.297783,70.571381
-117.260834,70.5847170000001
-117.251404,70.587204
-117.238052,70.5891569999999
-117.2164,70.5910950000001
-117.199432,70.5916600000001
-117.16333,70.588593
-116.894447,70.556091
-116.883621,70.5527650000001
-116.87944,70.5474850000001
