"V1","V2"
84.945251,74.477768
84.939148,74.470825
84.9199830000001,74.4674840000001
84.897766,74.4647059999999
84.872482,74.463043
84.81192,74.463882
84.712769,74.4711
84.6841430000001,74.470261
84.560257,74.4605410000001
84.541367,74.4569400000001
84.548035,74.4502720000001
84.5991520000001,74.44693
84.6183170000001,74.443588
84.7371980000001,74.4158169999999
84.753326,74.4116519999999
84.766388,74.4066470000001
84.760269,74.3997190000001
84.7444310000001,74.3952640000001
84.661926,74.3986049999999
84.6108090000001,74.401932
84.4991460000001,74.4141540000001
84.4541630000001,74.4191440000001
84.438034,74.4233090000001
84.4058230000001,74.4316560000001
84.3797000000001,74.4419250000001
84.373032,74.4485930000001
84.3758090000001,74.456375
84.43248,74.4669340000001
84.492477,74.4763790000001
84.5336000000001,74.482483
84.6922,74.5027470000001
84.704987,74.50444
84.7305450000001,74.5061040000001
84.7622070000001,74.506378
84.893326,74.5041660000001
84.9222110000001,74.4972080000001
84.9385830000001,74.4847110000001
84.945251,74.477768
