"V1","V2"
-129.602478,53.057213
-129.610809,53.056656
-129.692505,53.0758290000001
-129.701935,53.0783309999999
-129.708344,53.0816649999999
-129.723053,53.099159
-129.736115,53.122215
-129.738312,53.127213
-129.732758,53.1311039999999
-129.716949,53.133881
-129.699738,53.134995
-129.66806,53.1361080000001
-129.662506,53.135551
-129.654449,53.1327670000001
-129.650848,53.130547
-129.644165,53.127213
-129.620819,53.112495
-129.615814,53.1086040000001
-129.588043,53.0847170000001
-129.584167,53.0802760000001
-129.58194,53.0755540000001
-129.586121,53.0699920000001
-129.596649,53.0611040000001
-129.602478,53.057213
