"V1","V2"
128.754425,34.8769380000001
128.743011,34.788048
128.741913,34.7816620000001
128.685516,34.724159
128.679962,34.7222140000001
128.641937,34.70916
128.636108,34.7072140000001
128.612457,34.701103
128.594116,34.6977690000001
128.588287,34.6994320000001
128.585236,34.7038800000001
128.601074,34.7602770000001
128.604126,34.8091580000001
128.6008,34.8305510000001
128.597748,34.8349910000001
128.591919,34.8366550000001
128.552185,34.823608
128.539703,34.8161010000001
128.535797,34.811935
128.526093,34.8058240000001
128.521088,34.8091580000001
128.498016,34.8322140000001
128.494965,34.8363800000001
128.490509,34.8458250000001
128.488556,34.856384
128.490509,34.868881
128.494415,34.8802720000001
128.501923,34.887497
128.507202,34.889992
128.641083,34.9524920000001
128.663605,34.9602740000001
128.71109,34.976654
128.72821,34.9430470000001
128.72995,34.942215
128.735229,34.933327
128.754425,34.8827669999999
128.754425,34.8769380000001
