"V1","V2"
153.258331,-3.49888900000002
153.242462,-3.49944399999998
153.237183,-3.49805500000002
153.21109,-3.48861099999993
153.206909,-3.48583300000001
153.192474,-3.47277699999995
153.193848,-3.46861100000001
153.197205,-3.46527800000001
153.22052,-3.44888900000001
153.224121,-3.44666699999993
153.228027,-3.44555499999996
153.233582,-3.44666699999993
153.23996,-3.45444400000002
153.255554,-3.47972199999998
153.259705,-3.48916700000001
153.260254,-3.49527799999993
153.258331,-3.49888900000002
