"V1","V2"
8.39110900000003,63.1591640000001
8.37722200000013,63.1591640000001
8.363609,63.160271
8.35500000000002,63.16333
8.34805499999999,63.167221
8.27166600000004,63.2272190000001
8.26638800000012,63.2316670000001
8.26861000000014,63.260551
8.26972200000012,63.2661059999999
8.42527800000011,63.284439
8.43749800000006,63.2838820000001
8.45138700000012,63.276665
8.55777699999999,63.214439
8.57222200000001,63.2005540000001
8.57611100000008,63.1894379999999
8.57472000000013,63.1824950000001
8.56749900000005,63.1766660000001
8.55249999999995,63.171104
8.52361100000013,63.1638870000001
8.48777800000005,63.160271
8.39110900000003,63.1591640000001
