"V1","V2"
-52.749725,68.4847110000001
-52.756111,68.4827579999999
-52.7716669999999,68.485809
-52.8341669999999,68.5155490000001
-52.8769449999999,68.538879
-52.8819429999999,68.5447080000001
-52.884171,68.5488740000001
-52.8741679999999,68.558594
-52.846947,68.5694430000001
-52.832779,68.571381
-52.81778,68.571106
-52.8094409999999,68.5686040000001
-52.805557,68.564987
-52.808334,68.558319
-52.7413859999999,68.5213780000001
-52.7372209999999,68.5177610000001
-52.7319409999999,68.5083310000001
-52.736115,68.498871
-52.749725,68.4847110000001
