"V1","V2"
-101.711403,77.9016570000001
-101.671944,77.893326
-101.620827,77.8844300000001
-101.524437,77.8699800000001
-101.450287,77.861099
-101.368332,77.8538670000001
-101.265556,77.842758
-101.237778,77.8388820000001
-101.191383,77.8308260000001
-101.161392,77.8227690000001
-100.960564,77.7591550000001
-100.926392,77.7433170000001
-100.925552,77.7371980000001
-100.928879,77.7313690000001
-100.940552,77.726929
-100.964722,77.7255400000001
-101.096947,77.7194369999999
-101.216949,77.721924
-101.267776,77.7258150000001
-101.318069,77.726089
-101.506958,77.7249910000001
-101.535278,77.7236020000001
-101.564713,77.720535
-101.585831,77.715271
-101.593613,77.709427
-101.605827,77.703873
-101.622498,77.6985930000001
-101.652222,77.6944270000001
-101.798889,77.6763760000001
-101.826401,77.6760860000001
-102.016953,77.679703
-102.06778,77.6822050000001
-102.141678,77.690811
-102.436394,77.729706
-102.444443,77.7319340000001
-102.510834,77.7861020000001
-102.529716,77.8341520000001
-102.518066,77.844147
-102.498894,77.855545
-102.458893,77.8710940000001
-102.44249,77.8766480000001
-102.416656,77.8819270000001
-102.387787,77.884155
-102.139999,77.8963780000001
-102.083893,77.8972170000001
-102.049156,77.896942
-101.915833,77.8938750000001
-101.831947,77.8938750000001
-101.779449,77.8963780000001
-101.749733,77.8997190000001
-101.711403,77.9016570000001
