"V1","V2"
-85.285278,77.587494
-85.259735,77.5866550000001
-85.2352749999999,77.5866550000001
-85.107224,77.5811
-85.0111239999999,77.5738830000001
-84.99527,77.5694430000001
-84.82251,77.5052640000001
-84.813889,77.4972080000001
-84.824448,77.491928
-84.8430629999999,77.4871980000001
-84.934433,77.4702609999999
-84.960831,77.4663850000001
-85.027222,77.4597170000001
-85.095551,77.454437
-85.1269379999999,77.4530489999999
-85.15361,77.454437
-85.168335,77.45694
-85.178604,77.4641570000001
-85.1725009999999,77.473602
-85.159164,77.484146
-85.1447299999999,77.4894260000001
-85.138611,77.4949800000001
-85.140839,77.5016630000001
-85.152786,77.5077670000001
-85.170273,77.511658
-85.2488859999999,77.527481
-85.270844,77.529984
-85.3197329999999,77.532211
-85.344162,77.532211
-85.39917,77.5338750000001
-85.53833,77.539978
-85.5355529999999,77.5438690000001
-85.3522189999999,77.5827640000001
-85.311386,77.5866550000001
-85.285278,77.587494
