"V1","V2"
132.795532,-5.68638799999997
132.769989,-5.68833299999994
132.765259,-5.68777799999998
132.73996,-5.64472299999989
132.738556,-5.63916699999999
132.737732,-5.62638900000002
132.740509,-5.608611
132.748016,-5.58194400000002
132.761932,-5.55472200000003
132.767212,-5.54638899999992
132.772766,-5.53833299999997
132.776093,-5.53499999999997
132.781097,-5.53277799999995
132.786377,-5.53277799999995
132.807739,-5.55416700000001
132.809692,-5.55888800000002
132.809692,-5.56555599999996
132.806366,-5.57583299999988
132.804901,-5.57722299999995
132.80304,-5.57777800000002
132.794708,-5.59694500000001
132.790527,-5.61333399999995
132.790527,-5.62027699999993
132.794128,-5.63722200000001
132.805817,-5.65972199999993
132.807739,-5.67138899999992
132.803589,-5.68083300000001
132.800812,-5.68499899999989
132.795532,-5.68638799999997
