"V1","V2"
173.299988,52.88221
173.295258,52.878326
173.346619,52.8569410000001
173.43692,52.851936
173.434692,52.8349910000001
173.433868,52.8291630000001
173.425262,52.826942
173.321899,52.8211059999999
173.194427,52.819443
173.098022,52.8083270000001
173.010803,52.797493
172.945526,52.748329
172.938568,52.745544
172.928589,52.743881
172.902466,52.784996
172.897766,52.789436
172.796082,52.8680500000001
172.774414,52.879715
172.707184,52.874161
172.638306,52.8633270000001
172.49411,52.9144360000001
172.481079,52.919991
172.476349,52.9244380000001
172.529144,52.953049
172.541077,52.958328
172.548309,52.9613800000001
172.586365,52.9772110000001
172.642761,53.000549
172.651367,53.0027769999999
172.786652,53.0119399999999
172.889984,52.9997180000001
173.026367,52.9955440000001
173.123566,52.992767
173.140259,52.9902730000001
173.308868,52.9213790000001
173.314423,52.9177700000001
173.319122,52.9133219999999
173.322754,52.9080430000001
173.321899,52.902489
173.299988,52.88221
