"V1","V2"
-53.756367,48.5032620000001
-53.997498,48.425552
-54.011116,48.421661
-54.0250019999999,48.418602
-54.048889,48.420547
-54.05722,48.421936
-54.0727769999999,48.428604
-54.081116,48.429993
-54.094444,48.4258270000001
-54.1005549999999,48.4224930000001
-54.147224,48.3913800000001
-54.138054,48.359161
-54.134727,48.354439
-54.127495,48.353325
-54.118607,48.364998
-54.088608,48.395546
-54.0755619999999,48.4019320000001
-54.06945,48.4038770000001
-54.0544429999999,48.40416
-54.045555,48.4019320000001
-54.029167,48.399437
-54.021111,48.399162
-53.9988859999999,48.4008260000001
-53.992226,48.402489
-53.9797209999999,48.408043
-53.9130549999999,48.4441530000001
-53.756367,48.5032620000001
-53.6744459999999,48.5341640000001
-53.647224,48.5411070000001
-53.631943,48.5413820000001
-53.623055,48.5391620000001
-53.586388,48.525269
-53.574722,48.507217
-53.558052,48.474709
-53.588051,48.4280470000001
-53.562218,48.439156
-53.53389,48.451935
-53.4886089999999,48.507217
-53.461945,48.555267
-53.465279,48.568604
-53.465836,48.5741650000001
-53.465004,48.579437
-53.437218,48.6199870000001
-53.424446,48.625549
-53.3458329999999,48.615829
-53.338051,48.612495
-53.313057,48.595268
-53.305832,48.586655
-53.303329,48.5819400000001
-53.2263869999999,48.5555499999999
-53.2163929999999,48.56694
-53.1538849999999,48.628601
-53.079727,48.6988750000001
-53.0727769999999,48.700272
-53.0677799999999,48.696381
-53.0230559999999,48.66082
-53.0188899999999,48.65638
-52.97805,48.6044390000001
-52.976387,48.599159
-52.976944,48.5938800000001
-52.987221,48.54805
-53.053886,48.4427640000001
-53.075562,48.4224930000001
-53.097496,48.4052660000001
-53.1875,48.35083
-53.19416,48.348602
-53.201942,48.3474880000001
-53.2097239999999,48.347771
-53.2180559999999,48.3491590000001
-53.248886,48.3627700000001
-53.261391,48.370827
-53.266396,48.374992
-53.345001,48.3602750000001
-53.3888929999999,48.3038790000001
-53.61528,48.1780469999999
-53.6213839999999,48.174713
-53.6341709999999,48.1699910000001
-53.662216,48.163322
-53.6686099999999,48.162491
-53.676949,48.1638790000001
-53.6947169999999,48.169159
-53.7105559999999,48.1758270000001
-53.892502,48.2269360000001
-53.9013899999999,48.2291560000001
-53.9341659999999,48.2333300000001
-53.940552,48.2308199999999
-53.945274,48.1788790000001
-53.9441599999999,48.1638790000001
-53.917778,48.088043
-53.912498,48.0841600000001
-53.904167,48.0819400000001
-53.823616,48.07444
-53.793335,48.0736080000001
-53.770279,48.073326
-53.733612,48.0761030000001
-53.718605,48.078049
-53.696945,48.079163
-53.689163,48.07888
-53.6928859999999,48.067993
-53.688389,48.06599
-53.685219,48.0636600000001
-53.683887,48.0608220000001
-53.6842229999999,48.057823
-53.6878889999999,48.0548250000001
-53.691055,48.0526580000001
-53.698883,48.049328
-53.736946,48.032768
-53.763336,48.026382
-53.799446,48.0216599999999
-53.8366619999999,48.022217
-53.852226,48.0230480000001
-53.876389,48.0258260000001
-53.8938899999999,48.0299910000001
-53.901665,48.0336070000001
-53.909439,48.0338820000001
-53.9166639999999,48.033333
-53.923615,48.0316620000001
-53.9241709999999,48.0266570000001
-53.919167,48.0224909999999
-53.9113849999999,48.019157
-53.8930589999999,48.0144420000001
-53.794449,47.9963840000001
-53.779167,47.996658
-53.6953889999999,48.018219
-53.691387,48.0192150000001
-53.668724,48.029881
-53.650219,48.0378840000001
-53.60778,48.0511020000001
-53.605835,48.046387
-53.619164,47.998878
-53.622498,47.9930500000001
-53.72361,47.84388
-53.737778,47.8266600000001
-53.787506,47.7730480000001
-53.793335,47.7685999999999
-53.801392,47.7699890000001
-53.807503,47.773605
-53.825562,47.7949980000001
-53.852501,47.7852710000001
-53.850555,47.7605510000001
-53.8375019999999,47.6994320000001
-53.760284,47.6099930000001
-53.631111,47.5433270000001
-53.550552,47.5291599999999
-53.54528,47.5344390000001
-53.542503,47.5502700000001
-53.541115,47.585266
-53.49778,47.734718
-53.495834,47.7402730000001
-53.461113,47.806656
-53.434998,47.837769
-53.3061069999999,47.984161
-53.29084,47.9994350000001
-53.274445,48.0133290000001
-53.170555,48.053604
-53.110001,48.0394360000001
-53.1019439999999,48.038048
-53.095001,48.0394360000001
-53.053329,48.049721
-53.041946,48.0558240000001
-52.996948,48.0863800000001
-52.974716,48.116386
-52.959724,48.143051
-52.95639,48.148605
-52.926949,48.1699910000001
-52.919998,48.171379
-52.902222,48.1630480000001
-52.886116,48.1511
-52.8819429999999,48.1474910000001
-52.8355559999999,48.106384
-52.8313899999999,48.1016619999999
-52.832779,48.0969390000001
-52.8388899999999,48.0936050000001
-52.871941,48.082214
-52.8802799999999,48.083328
-52.898056,48.090546
-52.904167,48.0897140000001
-52.911385,48.088043
-52.917503,48.084717
-52.928337,48.075554
-53.058052,47.922493
-53.059998,47.916939
-53.059441,47.8866580000001
-53.075836,47.8508300000001
-53.158607,47.6830520000001
-53.178337,47.651382
-53.1836089999999,47.6463850000001
-53.201668,47.6363830000001
-53.221107,47.628601
-53.2408369999999,47.6224899999999
-53.259727,47.615829
-53.265007,47.611664
-53.26722,47.6061020000001
-53.261673,47.546387
-53.17556,47.4313810000001
-53.128334,47.4111020000001
-53.121941,47.413322
-53.111946,47.4236070000001
-53.083061,47.458328
-53.0658339999999,47.4699860000001
-53.0130619999999,47.5013890000001
-52.995003,47.5113830000001
-52.9516679999999,47.5308230000001
-52.919167,47.541664
-52.907219,47.5483320000001
-52.8969499999999,47.558601
-52.849167,47.6211010000001
-52.8424989999999,47.6327670000001
-52.8405529999999,47.6383290000001
-52.8375019999999,47.65416
-52.8388899999999,47.663879
-52.84111,47.668602
-52.841667,47.673325
-52.8405529999999,47.6838760000001
-52.798889,47.784164
-52.791389,47.7955470000001
-52.785561,47.7997210000001
-52.779442,47.8030470000001
-52.770554,47.7997210000001
-52.70417,47.753883
-52.700554,47.749435
-52.657776,47.657494
-52.614449,47.5166629999999
-52.620277,47.5002750000001
-52.625832,47.489159
-52.653328,47.437767
-52.7180559999999,47.364998
-52.787506,47.3080439999999
-52.818611,47.224159
-52.849724,47.1616590000001
-52.845276,47.1424939999999
-52.843613,47.063881
-52.844162,47.0586010000001
-52.852783,47.022491
-52.884171,46.9741590000001
-52.909996,46.911659
-52.929726,46.851662
-52.932777,46.8255540000001
-52.934998,46.804993
-52.938332,46.7891620000001
-53.090836,46.643326
-53.102501,46.636658
-53.16111,46.619987
-53.169167,46.619713
-53.192497,46.623322
-53.2072219999999,46.6302720000001
-53.213333,46.6338810000001
-53.315552,46.69471
-53.3541719999999,46.736938
-53.3619459999999,46.7374950000001
-53.384171,46.721375
-53.4105529999999,46.700829
-53.426392,46.6872100000001
-53.451393,46.6613770000001
-53.4636149999999,46.65416
-53.521111,46.620827
-53.532776,46.614159
-53.5616679999999,46.6127700000001
-53.56945,46.614159
-53.577225,46.617493
-53.60778,46.636108
-53.613892,46.640274
-53.617775,46.644157
-53.6350019999999,46.680824
-53.643059,46.7044370000001
-53.6441649999999,46.7091600000001
-53.648056,46.796661
-53.647781,46.801933
-53.645279,46.812492
-53.639725,46.8291630000001
-53.636391,46.8347170000001
-53.594719,46.9447100000001
-53.6416699999999,46.983879
-53.633614,47.001106
-53.577782,47.0852659999999
-53.5508349999999,47.106659
-53.539444,47.114159
-53.591385,47.156097
-53.646393,47.1052700000001
-53.703613,47.0530470000001
-53.823059,46.9566570000001
-53.894165,46.8999940000001
-53.9458309999999,46.858887
-54.053329,46.7949980000001
-54.0972209999999,46.7994380000001
-54.1788859999999,46.8161010000001
-54.187775,46.81916
-54.189995,46.823608
-54.190834,46.828606
-54.196388,46.862495
-54.196663,46.883331
-54.193329,46.893608
-54.160828,46.981934
-54.131943,47.012497
-54.1150049999999,47.0397190000001
-54.092499,47.0794370000001
-54.066666,47.1311040000001
-53.993889,47.265274
-53.964722,47.299721
-53.928612,47.3027730000001
-53.921944,47.304161
-53.879997,47.3480450000001
-53.875557,47.354164
-53.8675,47.4027710000001
-53.8794399999999,47.430824
-53.900276,47.4861070000001
-53.89167,47.524712
-53.8855589999999,47.576942
-53.8947219999999,47.6055530000001
-53.89695,47.6099930000001
-53.9838869999999,47.757774
-54.003334,47.7788770000001
-54.0333329999999,47.796661
-54.195274,47.857498
-54.195,47.8430480000001
-54.1972199999999,47.8322140000001
-54.212776,47.7777710000001
-54.2191619999999,47.766106
-54.2238849999999,47.7599950000001
-54.259171,47.7152710000001
-54.337776,47.621658
-54.435272,47.5055540000001
-54.468605,47.4416580000001
-54.477493,47.4049910000001
-54.472496,47.4011
-54.477493,47.3958280000001
-54.482773,47.3916630000001
-54.511116,47.372765
-54.51722,47.3694380000001
-54.601395,47.345268
-54.611389,47.35305
-54.61306,47.3583300000001
-54.6133349999999,47.3627700000001
-54.606949,47.3744349999999
-54.601944,47.379715
-54.5966639999999,47.3838809999999
-54.559998,47.4138790000001
-54.529167,47.442215
-54.489998,47.486382
-54.417221,47.5836030000001
-54.4108279999999,47.594994
-54.4133299999999,47.5997159999999
-54.418335,47.603607
-54.430557,47.5977710000001
-54.4408339999999,47.5869370000001
-54.508614,47.513329
-54.531944,47.479988
-54.539444,47.4680480000001
-54.563614,47.439987
-54.5788879999999,47.4238820000001
-54.604721,47.4019320000001
-54.621384,47.389992
-54.700279,47.357773
-54.7199939999999,47.352219
-54.727219,47.351387
-54.8186109999999,47.3636090000001
-54.81945,47.3685990000001
-54.803055,47.380547
-54.793617,47.391937
-54.786667,47.4138790000001
-54.787506,47.4188840000001
-54.796112,47.42083
-54.856392,47.3905490000001
-54.9805529999999,47.2855529999999
-55.039169,47.225822
-55.043892,47.220825
-55.045555,47.2152710000001
-55.043335,47.2105480000001
-55.0536119999999,47.1508260000001
-55.065834,47.0933230000001
-55.06945,47.082214
-55.100281,47.05471
-55.149445,47.0122150000001
-55.154716,47.008049
-55.193329,46.9849930000001
-55.22583,46.9344330000001
-55.2302779999999,46.9283290000001
-55.2369459999999,46.923607
-55.246948,46.916939
-55.258614,46.9102710000001
-55.358337,46.8741610000001
-55.3841709999999,46.8658290000001
-55.3999939999999,46.8658290000001
-55.456665,46.8747100000001
-55.463615,46.877487
-55.468605,46.8816600000001
-55.471939,46.8863830000001
-55.6269449999999,46.8688810000001
-55.634171,46.8666610000001
-55.68972,46.85833
-55.803329,46.86055
-55.845833,46.869713
-55.915001,46.8874970000001
-55.9236149999999,46.8897170000001
-55.931389,46.892769
-55.946663,46.899437
-55.96611,46.9099880000001
-55.9808269999999,46.9322130000001
-55.982773,46.936653
-55.984169,46.941658
-55.983055,46.9524920000001
-55.980553,46.957771
-55.96666,46.9813770000001
-55.952499,46.9963839999999
-55.886948,47.056099
-55.871109,47.0691600000001
-55.865555,47.0727689999999
-55.775276,47.1019360000001
-55.768608,47.103325
-55.7455519999999,47.1044390000001
-55.738892,47.1044390000001
-55.72361,47.104164
-55.715553,47.1030500000001
-55.698051,47.098045
-55.6825029999999,47.091377
-55.674446,47.090271
-55.586945,47.1102750000001
-55.573616,47.1136090000001
-55.4933319999999,47.133881
-55.487778,47.137215
-55.329445,47.242493
-55.2983399999999,47.267212
-55.290558,47.2783280000001
-55.285278,47.294998
-55.285835,47.3102720000001
-55.286949,47.3149950000001
-55.286118,47.3255540000001
-55.2697219999999,47.390831
-55.266663,47.39666
-55.2622219999999,47.4027710000001
-55.25695,47.4072110000001
-55.202225,47.4460980000001
-55.179169,47.460548
-55.172501,47.463882
-55.10778,47.4836040000001
-55.100555,47.484161
-55.083611,47.481102
-55.0758359999999,47.4808200000001
-55.0402829999999,47.484993
-54.9513929999999,47.504997
-54.868057,47.543884
-54.845833,47.5569380000001
-54.841667,47.5633240000001
-54.841385,47.5836030000001
-54.845551,47.6338810000001
-54.9494399999999,47.5997159999999
-54.95639,47.5980450000001
-54.970833,47.596657
-55.0192789999999,47.6211010000001
-55.0282779999999,47.6207660000001
-55.0332789999999,47.6216010000001
-55.0361099999999,47.623936
-55.0376129999999,47.626602
-55.0374409999999,47.6297720000001
-55.03561,47.63327
-55.0296129999999,47.639599
-55.013779,47.6531029999999
-55.007778,47.659435
-54.95639,47.7413790000001
-54.9474949999999,47.753609
-54.938049,47.7711030000001
-54.9361109999999,47.781662
-54.943054,47.7811050000001
-54.9486079999999,47.7766570000001
-55.011391,47.721375
-55.021942,47.7116619999999
-55.025276,47.705269
-55.027222,47.6952670000001
-55.030556,47.6841580000001
-55.0336149999999,47.6783290000001
-55.119114,47.6169360000001
-55.1224439999999,47.6142690000001
-55.1262819999999,47.612774
-55.1307749999999,47.6119380000001
-55.135777,47.613605
-55.262779,47.6505430000001
-55.349167,47.7044370000001
-55.348335,47.710274
-55.357506,47.7260970000001
-55.365005,47.7263790000001
-55.379723,47.724991
-55.427498,47.7116619999999
-55.432503,47.706383
-55.461945,47.646103
-55.4647219999999,47.640274
-55.467499,47.6191559999999
-55.46666,47.614159
-55.4613879999999,47.610275
-55.454445,47.6111070000001
-55.446663,47.623047
-55.4361109999999,47.63166
-55.43,47.6341630000001
-55.423058,47.6358260000001
-55.415276,47.6324920000001
-55.407776,47.624161
-55.400276,47.6155470000001
-55.398338,47.610275
-55.389725,47.58638
-55.400276,47.5147170000001
-55.4066619999999,47.49305
-55.409721,47.4872130000001
-55.4141619999999,47.481102
-55.429726,47.4672090000001
-55.436386,47.465546
-55.498611,47.45388
-55.5058359999999,47.453323
-55.526108,47.4544369999999
-55.5552749999999,47.4402690000001
-55.560555,47.4361040000001
-55.565002,47.429993
-55.587776,47.398605
-55.625,47.4636080000001
-55.654167,47.4952700000001
-55.79528,47.4927670000001
-55.9144439999999,47.437767
-55.9202799999999,47.4352650000001
-55.92556,47.439156
-55.923889,47.44471
-55.9197239999999,47.4508290000001
-55.831673,47.5172120000001
-55.788895,47.551102
-55.745834,47.585266
-55.7730559999999,47.57972
-55.824173,47.566383
-55.892227,47.5366590000001
-55.987778,47.500549
-56.104172,47.4636080000001
-56.1105579999999,47.4624940000001
-56.1186069999999,47.4636080000001
-56.1588899999999,47.484718
-56.169167,47.4924930000001
-56.1725009999999,47.497215
-56.1725009999999,47.501663
-56.16806,47.507217
-56.162498,47.5113830000001
-56.1202769999999,47.5191570000001
-56.044449,47.535271
-55.9419399999999,47.5616610000001
-55.8899989999999,47.578331
-55.639999,47.668053
-55.633331,47.6711040000001
-55.628334,47.6747130000001
-55.635002,47.6783290000001
-55.642502,47.6786040000001
-55.649994,47.6777730000001
-55.6638869999999,47.675552
-55.70417,47.664993
-55.75,47.649437
-55.756111,47.646942
-55.7747189999999,47.6383290000001
-55.804718,47.6244350000001
-55.824448,47.618599
-55.8388899999999,47.6172100000001
-55.855835,47.6202700000001
-55.9033279999999,47.6452709999999
-55.9136119999999,47.653046
-55.917503,47.657494
-55.9194489999999,47.667213
-55.9186099999999,47.67305
-55.916389,47.6783290000001
-55.911942,47.684433
-55.90139,47.693047
-55.895554,47.6966550000001
-55.866394,47.7138820000001
-55.832779,47.7424930000001
-55.815002,47.772491
-55.7994459999999,47.799164
-55.742226,47.9233250000001
-55.746948,47.932495
-55.754448,47.9411010000001
-55.76722,47.9533230000001
-55.773613,47.95694
-55.780556,47.9552689999999
-55.817505,47.88694
-55.8352739999999,47.8508300000001
-55.835556,47.8455430000001
-55.8472209999999,47.806938
-55.849998,47.8011020000001
-55.854446,47.7947160000001
-55.86528,47.7861100000001
-55.87722,47.778603
-55.888893,47.7730480000001
-56.049728,47.6994320000001
-56.087502,47.736938
-56.081116,47.739716
-56.053612,47.77388
-56.057503,47.778328
-56.064163,47.7766570000001
-56.111671,47.763611
-56.125,47.757217
-56.185272,47.680275
-56.160278,47.6422200000001
-56.1549989999999,47.6383290000001
-56.1613849999999,47.6341630000001
-56.173332,47.629715
-56.1874999999999,47.6272130000001
-56.3583369999999,47.603325
-56.394722,47.6011050000001
-56.4102779999999,47.601387
-56.418892,47.6019360000001
-56.4430539999999,47.605827
-56.546951,47.613884
-56.6155549999999,47.6133270000001
-56.644165,47.5961000000001
-56.641113,47.5922160000001
-56.639999,47.5872120000001
-56.644165,47.5811080000001
-56.650551,47.578331
-56.774719,47.531937
-56.840836,47.521378
-56.902222,47.5524900000001
-56.924446,47.56221
-56.956108,47.574997
-56.965279,47.5777740000001
-56.9925,47.5838780000001
-56.999725,47.5847170000001
-57.0147249999999,47.5838780000001
-57.096664,47.5661010000001
-57.118332,47.563881
-57.126106,47.563881
-57.134445,47.566383
-57.150276,47.5727690000001
-57.1633299999999,47.57972
-57.20472,47.593048
-57.5308299999999,47.630821
-57.657776,47.6030500000001
-57.7794419999999,47.627487
-57.8825,47.651382
-58.0274959999999,47.694153
-58.036392,47.6960980000001
-58.3594439999999,47.647217
-58.690552,47.598877
-58.771111,47.5913770000001
-58.8619459999999,47.5891570000001
-58.8850019999999,47.5927660000001
-58.8941649999999,47.5938800000001
-58.9374999999999,47.589989
-59.076668,47.571663
-59.1021309999999,47.5642510000001
-59.1136169999999,47.5583270000001
-59.118889,47.5547100000001
-59.135559,47.556381
-59.161942,47.5616610000001
-59.2977829999999,47.606659
-59.304443,47.6099930000001
-59.305832,47.614998
-59.309441,47.6611020000001
-59.309441,47.6713790000001
-59.3049999999999,47.724991
-59.3024979999999,47.736107
-59.325562,47.807213
-59.329727,47.8163830000001
-59.369164,47.8527759999999
-59.401939,47.880272
-59.406944,47.8897170000001
-59.404716,47.9002690000001
-59.4008329999999,47.9066540000001
-59.3916699999999,47.916664
-59.3780519999999,47.922493
-59.3655549999999,47.9249950000001
-59.3286129999999,47.9288790000001
-59.321945,47.93055
-59.316391,47.9341580000001
-59.311386,47.9388810000001
-59.267776,47.9822080000001
-59.2650069999999,47.9880450000001
-59.262779,47.9994350000001
-59.246948,48.01194
-59.2302779999999,48.022766
-59.218605,48.02916
-59.0913849999999,48.0902710000001
-59.0538859999999,48.105553
-59.0411149999999,48.1102750000001
-59.020554,48.116386
-58.958054,48.149994
-58.75,48.2874980000001
-58.701393,48.319717
-58.691109,48.3288800000001
-58.6863859999999,48.3341600000001
-58.682503,48.3405460000001
-58.678337,48.351936
-58.675835,48.3630519999999
-58.67028,48.374992
-58.5988849999999,48.423325
-58.587776,48.43055
-58.5688929999999,48.4385990000001
-58.555832,48.443047
-58.514725,48.452774
-58.500557,48.4555510000001
-58.492775,48.4555510000001
-58.492775,48.4502720000001
-58.49778,48.4458240000001
-58.51889,48.441376
-58.526108,48.4405440000001
-58.546394,48.4349900000001
-58.558891,48.429718
-58.5888899999999,48.412766
-58.599998,48.405823
-58.601112,48.4008260000001
-58.591942,48.39888
-58.483612,48.427773
-58.470833,48.432213
-58.464722,48.436378
-58.4494399999999,48.4491580000001
-58.4183349999999,48.486656
-58.42028,48.5080490000001
-58.56945,48.538605
-58.673615,48.5547100000001
-58.682503,48.554993
-58.69722,48.553047
-58.732216,48.54583
-58.765556,48.5358280000001
-58.7780529999999,48.531937
-58.8124999999999,48.52388
-58.857506,48.5186
-58.931389,48.51194
-58.95472,48.510826
-58.979164,48.5124970000001
-58.988335,48.514442
-59.004723,48.520271
-59.0133359999999,48.5222170000001
-59.091667,48.5083310000001
-59.10556,48.5047150000001
-59.118889,48.501106
-59.1463929999999,48.49305
-59.192772,48.477768
-59.232498,48.468597
-59.246948,48.46666
-59.25528,48.467491
-59.2605589999999,48.471931
-59.261116,48.476654
-59.232773,48.5230480000001
-59.228882,48.5291600000001
-59.215004,48.5455470000001
-59.2099989999999,48.549995
-59.137505,48.598877
-59.0841669999999,48.626381
-59.077782,48.6291580000001
-59.0502779999999,48.635551
-59.030556,48.6419370000001
-59.02417,48.644714
-58.90889,48.701935
-58.828888,48.7508320000001
-58.8116679999999,48.7616650000001
-58.799728,48.768051
-58.774719,48.7788770000001
-58.767776,48.7755510000001
-58.772499,48.7699890000001
-58.8150019999999,48.7358250000001
-58.8497239999999,48.7149960000001
-58.8738859999999,48.7016599999999
-58.891113,48.6908260000001
-58.912773,48.6747130000001
-58.9386059999999,48.6536030000001
-58.9477769999999,48.642769
-58.955833,48.630272
-58.958611,48.6241610000001
-58.958611,48.613884
-58.955833,48.609436
-58.9474949999999,48.6011050000001
-58.89695,48.551933
-58.8883359999999,48.551102
-58.743057,48.5608220000001
-58.728333,48.562492
-58.7213819999999,48.5644380000001
-58.715004,48.567215
-58.709442,48.5708310000001
-58.704445,48.575272
-58.695549,48.5869370000001
-58.683327,48.605827
-58.676666,48.6180500000001
-58.672501,48.6294330000001
-58.669998,48.6408310000001
-58.6713869999999,48.650826
-58.674171,48.655266
-58.679443,48.6694410000001
-58.680832,48.684715
-58.658051,48.74305
-58.6183319999999,48.7797160000001
-58.543892,48.860825
-58.535835,48.8786010000001
-58.5066679999999,48.9494319999999
-58.5066679999999,48.9805449999999
-58.503334,48.9974900000001
-58.5008389999999,49.0036089999999
-58.4008329999999,49.1274870000001
-58.396111,49.131378
-58.3519439999999,49.150269
-58.348885,49.1458280000001
-58.342968,49.100201
-58.365635,49.0799220000001
-58.368019,49.061428
-58.3537029999999,49.056656
-58.3107529999999,49.068584
-58.292858,49.0727620000001
-58.240555,49.0702740000001
-58.178322,49.0632170000001
-58.143726,49.0417400000001
-58.098335,48.992218
-58.0847239999999,48.9852680000001
-58.077782,48.9819340000001
-58.0602799999999,48.976097
-58.050552,48.9733200000001
-57.996109,48.96138
-57.961388,48.956657
-57.938606,48.9583280000001
-57.901665,48.962769
-57.888054,48.966103
-57.881668,48.9688800000001
-57.8922269999999,48.9816589999999
-57.900551,48.9847180000001
-57.929443,48.9788740000001
-57.958611,48.976097
-57.974716,48.976097
-58.009224,48.9804150000001
-58.027779,48.98555
-58.035835,48.9886020000001
-58.050552,48.995827
-58.09333,49.025826
-58.1038889999999,49.0336070000001
-58.1080549999999,49.037773
-58.135277,49.082771
-58.144447,49.1219330000001
-58.122612,49.124931
-58.119282,49.127102
-58.115608,49.129105
-58.111111,49.1297719999999
-58.094776,49.124603
-58.0787769999999,49.121769
-58.0494459999999,49.12027
-57.92556,49.123047
-57.91861,49.12471
-57.91333,49.1291580000001
-57.8827739999999,49.157768
-57.878883,49.1702730000001
-57.8980559999999,49.1586000000001
-57.9122159999999,49.1527710000001
-57.9258349999999,49.148331
-57.939438,49.144997
-57.9474949999999,49.144997
-58.05722,49.144997
-58.075558,49.1532710000001
-58.081055,49.1544380000001
-58.0860559999999,49.1562690000001
-58.0925559999999,49.1609340000001
-58.0958939999999,49.1662710000001
-58.064056,49.1833500000001
-58.063057,49.1854519999999
-58.065456,49.190414
-58.060623,49.1885830000001
-58.0549549999999,49.187584
-58.0349579999999,49.185749
-58.025459,49.185749
-58.011292,49.186253
-58.002457,49.1882510000001
-57.995621,49.192078
-57.988785,49.1972470000001
-57.93222,49.234161
-57.928055,49.2402730000001
-57.936386,49.239716
-57.995163,49.2368850000001
-58.00333,49.234215
-58.011662,49.230713
-58.0310019999999,49.224548
-58.0356639999999,49.223713
-58.0493319999999,49.222717
-58.0588299999999,49.223049
-58.1919399999999,49.236382
-58.2008359999999,49.239716
-58.211945,49.247215
-58.233887,49.273048
-58.2366639999999,49.2774890000001
-58.2408369999999,49.2869420000001
-58.241943,49.291664
-58.241943,49.302216
-58.2233279999999,49.390274
-58.216393,49.4024889999999
-58.192497,49.4294360000001
-58.157776,49.464439
-58.152222,49.46888
-58.043892,49.5413820000001
-58.0322189999999,49.5483320000001
-58.0191649999999,49.5538790000001
-57.998337,49.559158
-57.971107,49.554993
-57.915112,49.532047
-57.91061,49.5302160000001
-57.903446,49.5255510000001
-57.8614459999999,49.505886
-57.7469479999999,49.4536060000001
-57.715004,49.4547120000001
-57.7075039999999,49.4555510000001
-57.701111,49.458328
-57.696388,49.463608
-57.698883,49.4683230000001
-57.705833,49.4716570000001
-57.788895,49.5008320000001
-57.864223,49.5349390000001
-57.869389,49.5354390000001
-57.872719,49.5377730000001
-57.942223,49.6030500000001
-57.944717,49.6074980000001
-57.9511109999999,49.6527710000001
-57.9511109999999,49.6577680000001
-57.9483339999999,49.6741640000001
-57.935272,49.7086029999999
-57.926392,49.7263790000001
-57.899994,49.7622150000001
-57.8291699999999,49.8455430000001
-57.6711119999999,50.0841600000001
-57.6316679999999,50.1447140000001
-57.543335,50.2983320000001
-57.524445,50.33416
-57.521385,50.345268
-57.521111,50.3505480000001
-57.5155559999999,50.3736040000001
-57.5072249999999,50.3908310000001
-57.498337,50.4086
-57.490837,50.4208300000001
-57.448608,50.4861069999999
-57.37722,50.5844349999999
-57.372498,50.5908280000001
-57.3611149999999,50.5986020000001
-57.341667,50.607498
-57.310059,50.6089400000001
-57.30022,50.6097760000001
-57.295559,50.6092720000001
-57.291225,50.607105
-57.276222,50.6014400000001
-57.245277,50.5963820000001
-57.2280499999999,50.5944370000001
-57.204445,50.5961
-57.1736149999999,50.60083
-57.166946,50.6033250000001
-57.161385,50.606384
-57.1508329999999,50.6161040000001
-57.148056,50.6219330000001
-57.154716,50.625549
-57.171944,50.6249920000001
-57.2764429999999,50.6407170000001
-57.3786089999999,50.6877670000001
-57.3341669999999,50.7119370000001
-57.3250049999999,50.711662
-57.236946,50.727211
-57.162498,50.751106
-57.1483379999999,50.756104
-57.0894389999999,50.7805480000001
-57.072502,50.793884
-56.983055,50.8683240000001
-56.927498,50.915825
-56.898056,51.0194400000001
-56.89917,51.024437
-56.903328,51.0286030000001
-56.909996,51.0327680000001
-56.927223,51.038605
-56.964722,51.0433270000001
-56.921669,51.0513840000001
-56.892227,51.0602720000001
-56.8799969999999,51.065544
-56.7844469999999,51.137772
-56.781387,51.143608
-56.781944,51.149162
-56.785278,51.1530460000001
-56.793335,51.1613770000001
-56.809723,51.1836010000001
-56.793892,51.2399899999999
-56.744164,51.2930529999999
-56.738609,51.2988819999999
-56.73333,51.302773
-56.6825029999999,51.3394320000001
-56.6238859999999,51.366386
-56.6169429999999,51.368881
-56.512505,51.4022140000001
-56.4766619999999,51.411659
-56.461945,51.414993
-56.4541699999999,51.415543
-56.271385,51.471657
-56.1105579999999,51.52388
-56.011391,51.566383
-55.998337,51.57222
-55.960281,51.59388
-55.943329,51.606384
-55.9186099999999,51.621101
-55.905556,51.626938
-55.898056,51.6286010000001
-55.890282,51.629433
-55.837776,51.6213760000001
-55.8463899999999,51.6019360000001
-55.85778,51.5933230000001
-55.8850019999999,51.5624920000001
-55.8866649999999,51.556938
-55.886948,51.5519330000001
-55.887222,51.500275
-55.886116,51.4952700000001
-55.877777,51.492218
-55.694443,51.4811020000001
-55.639999,51.481934
-55.648613,51.485268
-55.683609,51.5
-55.729721,51.543327
-55.737503,51.55249
-55.739166,51.5566560000001
-55.7386089999999,51.567215
-55.7352749999999,51.573051
-55.724716,51.583603
-55.718605,51.587212
-55.653328,51.590546
-55.631668,51.569717
-55.625,51.5655440000001
-55.59861,51.561378
-55.589722,51.5602719999999
-55.5813899999999,51.5602719999999
-55.574448,51.562767
-55.547501,51.5849910000001
-55.515839,51.602219
-55.458611,51.592216
-55.41111,51.5808260000001
-55.405556,51.5769420000001
-55.404442,51.5719380000001
-55.405273,51.5616610000001
-55.406944,51.556099
-55.454445,51.455269
-55.492226,51.3777690000001
-55.508057,51.3633270000001
-55.597778,51.3036040000001
-55.6127779999999,51.3011020000001
-55.622223,51.303322
-55.702782,51.3280490000001
-55.820557,51.3508300000001
-56.0305559999999,51.3786009999999
-56.078339,51.369713
-56.085556,51.368324
-56.09639,51.318329
-56.0255579999999,51.238327
-56.012253,51.212337
-55.992561,51.1765750000001
-55.959442,51.1974870000001
-55.851395,51.226936
-55.837776,51.2305450000001
-55.769165,51.2169340000001
-55.760834,51.213882
-55.726105,51.190544
-55.712776,51.178047
-55.709999,51.1736070000001
-55.719162,51.123047
-55.732498,51.0799940000001
-55.7355579999999,51.0741650000001
-55.751114,51.0583270000001
-55.75695,51.0538790000001
-55.796112,51.0391620000001
-55.805557,51.0091630000001
-55.859169,50.94249
-55.9994429999999,50.7886050000001
-56.068893,50.7244340000001
-56.092278,50.7257160000001
-56.097279,50.72588
-56.1012799999999,50.7280459999999
-56.125832,50.7541660000001
-56.130829,50.7633290000001
-56.133331,50.773048
-56.128052,50.8463820000001
-56.122223,50.8638840000001
-56.11972,50.869156
-56.116394,50.8749920000001
-56.107224,50.887215
-56.103889,50.893326
-56.103889,50.898331
-56.1077799999999,50.9027710000001
-56.122223,50.8994370000001
-56.1430589999999,50.8924940000001
-56.155273,50.8855510000001
-56.1725009999999,50.8558270000001
-56.1572189999999,50.6908260000001
-56.141273,50.6710470000001
-56.135777,50.6698840000001
-56.1633299999999,50.6177670000001
-56.258614,50.5027770000001
-56.323616,50.446381
-56.4230579999999,50.352776
-56.4219439999999,50.3477710000001
-56.422226,50.3424910000001
-56.423615,50.3369370000001
-56.426666,50.3311080000001
-56.4625019999999,50.2722170000001
-56.5019449999999,50.2144390000001
-56.511948,50.2036060000001
-56.555832,50.167496
-56.635277,50.106384
-56.743057,50.0227660000001
-56.7675019999999,49.9622120000001
-56.77861,49.933876
-56.781944,49.917496
-56.775002,49.919159
-56.726662,49.9161
-56.759846,49.837276
-56.827904,49.7850000000001
-56.866863,49.777603
-56.905331,49.7475200000001
-56.820999,49.7420960000001
-56.784008,49.731243
-56.782776,49.6908260000001
-56.815552,49.594994
-56.818611,49.588882
-56.8488849999999,49.544441
-56.8430559999999,49.54805
-56.826668,49.562767
-56.782776,49.6099930000001
-56.763062,49.631378
-56.7491679999999,49.649162
-56.735558,49.666939
-56.712502,49.696381
-56.6777799999999,49.7336040000001
-56.5986099999999,49.8119350000001
-56.561386,49.842216
-56.477776,49.89222
-56.4641649999999,49.896385
-56.431946,49.8905490000001
-56.412216,49.9097140000001
-56.388054,49.9430470000001
-56.3850019999999,49.949158
-56.330284,50.0249940000001
-56.324173,50.029991
-56.237778,50.1002730000001
-56.220833,50.112495
-56.208893,50.1202700000001
-56.160278,50.1480480000001
-56.1538849999999,50.1505430000001
-56.1325,50.1555480000001
-56.124718,50.1563800000001
-56.116661,50.1530460000001
-56.067223,50.096382
-56.0650019999999,50.0913770000001
-56.005005,50.03138
-55.9386059999999,50.0363850000001
-55.905273,50.0338820000001
-55.896111,50.0319370000001
-55.881111,50.0249940000001
-55.8538889999999,50.0055540000001
-55.846107,49.9969409999999
-55.845276,49.992218
-55.845551,49.9869380000001
-55.844162,49.9819340000001
-55.840836,49.9772110000001
-55.830002,49.969154
-55.7550049999999,49.924164
-55.7461089999999,49.92305
-55.5872189999999,49.9641570000001
-55.5561069999999,49.9802700000001
-55.543892,49.9872130000001
-55.527222,50.0002750000001
-55.491699,50.007309
-55.463333,49.966934
-55.460831,49.9622120000001
-55.4597239999999,49.957497
-55.460281,49.952217
-55.465004,49.940826
-55.475273,49.9302750000001
-55.492226,49.9172130000001
-55.511391,49.908882
-55.659164,49.8477710000001
-55.8430559999999,49.7883300000001
-55.9861149999999,49.746941
-56.1152799999999,49.6399920000001
-56.124168,49.6133270000001
-56.0505519999999,49.6663820000001
-56.044449,49.6699909999999
-55.9638899999999,49.698601
-55.957779,49.700272
-55.89389,49.7141570000001
-55.833328,49.6866529999999
-55.88028,49.5849909999999
-55.935444,49.5439910000001
-55.945442,49.53616
-55.953445,49.533661
-55.971607,49.531826
-55.980278,49.530495
-56.0352779999999,49.5066600000001
-56.0800019999999,49.486938
-56.127495,49.4311070000001
-56.129166,49.425552
-56.1227719999999,49.4213790000001
-56.073891,49.434433
-56.062218,49.440544
-56.025276,49.4611050000001
-56.020279,49.4649959999999
-56.0052799999999,49.4808200000001
-55.999725,49.485268
-55.9630549999999,49.496155
-55.917053,49.5074960000001
-55.874718,49.517212
-55.827782,49.5241620000001
-55.7833329999999,49.5119400000001
-55.7750019999999,49.5086059999999
-55.724998,49.4794310000001
-55.720833,49.4758220000001
-55.725555,49.4705430000001
-55.722771,49.45388
-55.6783369999999,49.38694
-55.673058,49.3830490000001
-55.664444,49.381935
-55.6563869999999,49.38221
-55.650276,49.3841629999999
-55.639168,49.392769
-55.636116,49.3986049999999
-55.637779,49.4091570000001
-55.637779,49.4136050000001
-55.636116,49.4191590000001
-55.5891649999999,49.462494
-55.56028,49.4824909999999
-55.5538859999999,49.484993
-55.546951,49.486382
-55.53167,49.4877700000001
-55.523056,49.4866559999999
-55.522224,49.481934
-55.566391,49.4091570000001
-55.572777,49.376656
-55.5730589999999,49.371658
-55.570557,49.3669360000001
-55.566666,49.36277
-55.559998,49.365273
-55.5547179999999,49.369713
-55.5394439999999,49.3855510000001
-55.529724,49.396942
-55.528053,49.4024889999999
-55.528885,49.4080430000001
-55.529167,49.423325
-55.52639,49.428604
-55.496109,49.45388
-55.441666,49.4911040000001
-55.430283,49.4988780000001
-55.377495,49.503609
-55.369446,49.5033260000001
-55.349277,49.468159
-55.3329469999999,49.4164890000001
-55.335777,49.388161
-55.3336109999999,49.359161
-55.338608,49.3552700000001
-55.336113,49.35083
-55.3152769999999,49.3144379999999
-55.3109969999999,49.355938
-55.3068309999999,49.356773
-55.274834,49.3856050000001
-55.267502,49.396603
-55.2645,49.4034350000001
-55.264336,49.4064410000001
-55.2666699999999,49.4091030000001
-55.269833,49.411438
-55.280838,49.4144360000001
-55.2831729999999,49.4169350000001
-55.3100009999999,49.484772
-55.3108329999999,49.4877700000001
-55.305557,49.5344390000001
-55.2613909999999,49.5411070000001
-55.1497269999999,49.5463870000001
-55.141113,49.5452730000001
-55.137222,49.5408330000001
-55.123329,49.496941
-55.124718,49.4652710000001
-55.221107,49.26194
-55.2311099999999,49.2513890000001
-55.237221,49.2480469999999
-55.296394,49.226379
-55.3150019999999,49.2169339999999
-55.365837,49.1652680000001
-55.369164,49.1594310000001
-55.369446,49.15416
-55.360001,49.1513820000001
-55.347496,49.1572110000001
-55.339722,49.1586000000001
-55.331673,49.156654
-55.323616,49.153603
-55.3194499999999,49.149162
-55.30722,49.1049960000001
-55.307777,49.0991590000001
-55.317505,49.087769
-55.323059,49.0833279999999
-55.383331,49.040833
-55.345551,49.0577700000001
-55.2722239999999,49.0999980000001
-55.277496,49.1038820000001
-55.282501,49.113052
-55.2833329999999,49.11805
-55.288055,49.1824950000001
-55.288055,49.1872100000001
-55.285004,49.1930470000001
-55.2805559999999,49.199158
-55.275276,49.204437
-55.148056,49.259995
-55.081116,49.2838820000001
-55.081673,49.3458250000001
-55.0813899999999,49.3511050000001
-55.0780559999999,49.356941
-55.06945,49.3555530000001
-55.010284,49.323883
-54.989998,49.2869420000001
-54.990555,49.281662
-54.824448,49.2691570000001
-54.8177799999999,49.2716600000001
-54.787506,49.288605
-54.781944,49.29277
-54.679726,49.37999
-54.658333,49.399162
-54.648056,49.409431
-54.641388,49.4211040000001
-54.64389,49.4258270000001
-54.5797269999999,49.4947130000001
-54.5411149999999,49.5266570000001
-54.528885,49.533333
-54.521111,49.533882
-54.474716,49.534996
-54.4319459999999,49.470825
-54.430832,49.465828
-54.450554,49.4277730000001
-54.48333,49.3619380000001
-54.493614,49.2680510000001
-54.4925,49.263611
-54.486946,49.25972
-54.4805529999999,49.262215
-54.474716,49.266663
-54.4063869999999,49.3208310000001
-54.4008329999999,49.325272
-54.39917,49.330551
-54.410278,49.3436050000001
-54.412773,49.3480450000001
-54.413612,49.3530499999999
-54.407501,49.3747100000001
-54.404167,49.3805470000001
-54.3950039999999,49.392769
-54.38028,49.4088820000001
-54.369995,49.4191590000001
-54.364166,49.4236070000001
-54.358055,49.4269410000001
-54.325279,49.423882
-54.248886,49.3974909999999
-54.186661,49.3711010000001
-54.1788859999999,49.370827
-54.1661069999999,49.3780440000001
-54.1619419999999,49.383606
-54.15583,49.405266
-54.1533279999999,49.4161000000001
-54.1519389999999,49.427216
-54.148338,49.4374920000001
-54.145279,49.443321
-54.1399989999999,49.4486010000001
-54.133888,49.451935
-54.048889,49.4794310000001
-54.0416719999999,49.4808200000001
-53.919998,49.4477690000001
-53.775002,49.396103
-53.673332,49.343048
-53.511116,49.2772140000001
-53.4886089999999,49.2205430000001
-53.588333,49.040833
-53.593887,49.035553
-53.661942,49.032211
-53.7147219999999,49.02916
-53.804443,49.022217
-53.7852779999999,49.0111079999999
-53.731667,49.0133290000001
-53.725273,49.00972
-53.736664,49.001106
-53.742775,48.997772
-53.7491679999999,48.9952700000001
-53.770279,48.9894330000001
-53.803612,48.9780430000001
-53.813057,48.938881
-53.974442,48.8477710000001
-54.021385,48.833328
-54.096107,48.8122100000001
-53.92028,48.8349910000001
-53.89917,48.838043
-53.875557,48.836937
-53.829445,48.831383
-53.820557,48.8294369999999
-53.800835,48.812767
-53.802223,48.8077700000001
-53.845276,48.766937
-53.8677749999999,48.75
-53.8905559999999,48.733604
-53.8972239999999,48.7313770000001
-53.93222,48.713936
-53.950554,48.6708300000001
-53.9325029999999,48.6247100000001
-53.924446,48.6244350000001
-53.9172209999999,48.624992
-53.888611,48.6316600000001
-53.8827739999999,48.633606
-53.869164,48.638885
-53.857224,48.6441570000001
-53.7955549999999,48.675827
-53.790001,48.6799930000001
-53.798889,48.6822130000001
-53.81778,48.673882
-53.83139,48.669991
-53.8527829999999,48.6663819999999
-53.89695,48.662209
-53.9130549999999,48.6636050000001
-53.9208369999999,48.667213
-53.924446,48.6713790000001
-53.8920589999999,48.6829380000001
-53.8872259999999,48.690102
-53.884052,48.6931000000001
-53.880554,48.6950990000001
-53.857559,48.704937
-53.759171,48.7141569999999
-53.618057,48.6944350000001
-53.610001,48.693047
-53.6019439999999,48.689713
-53.5997239999999,48.68499
-53.6038889999999,48.6741640000001
-53.610001,48.6686020000001
-53.645836,48.648331
-53.658607,48.6419370000001
-53.6719439999999,48.6386029999999
-53.7288819999999,48.6294330000001
-53.779999,48.6236040000001
-53.787781,48.6224900000001
-53.9283369999999,48.5758290000001
-53.933327,48.5722200000001
-53.951393,48.549995
-53.9561079999999,48.543884
-53.9524989999999,48.539436
-53.9441599999999,48.539719
-53.93222,48.5449980000001
-53.919998,48.5516590000001
-53.914444,48.5558240000001
-53.9083329999999,48.559158
-53.9013899999999,48.56221
-53.8950039999999,48.5630489999999
-53.804169,48.568054
-53.7880549999999,48.5663830000001
-53.746391,48.558601
-53.7469479999999,48.5233229999999
-53.748886,48.5133290000001
-53.750839,48.507774
-53.756367,48.5032620000001
