"V1","V2"
16.8191640000001,79.872208
16.841942,79.8694310000001
16.87722,79.8697050000001
16.897495,79.873032
16.9069400000001,79.878311
16.908886,79.8852689999999
16.8961070000001,79.896378
16.8816640000001,79.900543
16.869164,79.9116520000001
16.8647190000001,79.9241490000001
16.8705520000001,79.9302670000001
16.896664,79.939423
16.9266620000001,79.948318
16.9566609999999,79.95694
16.9772190000001,79.960266
17.039165,79.95694
17.22694,79.9408110000001
17.280552,79.9360960000001
17.3708310000001,79.9241490000001
17.5486070000001,79.8936
17.5669399999999,79.889984
17.8602750000001,79.805542
17.874165,79.8013760000001
18.0502740000001,79.74498
18.073608,79.7358090000001
18.083332,79.7308200000001
18.092773,79.725815
18.0983310000001,79.7202610000001
18.0930519999999,79.7066500000001
18.0869410000001,79.700546
18.077221,79.695251
18.063885,79.6905360000001
18.0466650000001,79.6858060000001
17.9794390000001,79.6702580000001
17.9422190000001,79.6630400000001
17.9147190000001,79.6613770000001
17.89444,79.658035
17.8777729999999,79.65416
17.8513870000001,79.6449890000001
17.841663,79.639709
17.793888,79.6127620000001
17.737774,79.561096
17.7313840000001,79.5433200000001
17.765553,79.543594
17.779999,79.487762
17.775276,79.4210970000001
17.7694440000001,79.4149930000001
17.7602769999999,79.4097140000001
17.7472150000001,79.4049840000001
17.727493,79.4016570000001
17.657772,79.39444
17.6416629999999,79.3902740000001
17.632217,79.3849950000001
17.629997,79.3780360000001
17.635551,79.372482
17.653049,79.368866
17.682217,79.3672030000001
17.819717,79.387497
17.847775,79.3936
17.87722,79.4019319999999
17.932217,79.4199830000001
17.9580500000001,79.429153
17.986382,79.445526
18.0113870000001,79.4622040000001
18.0174979999999,79.4683229999999
18.034996,79.514999
18.033607,79.521103
18.0422210000001,79.5341490000001
18.0844420000001,79.5755460000001
18.094162,79.5808260000001
18.1633300000001,79.6121980000001
18.193607,79.6208190000001
18.2377740000001,79.6263730000001
18.2649990000001,79.628036
18.3305510000001,79.629425
18.3569409999999,79.628311
18.658886,79.5594180000001
18.702774,79.5472109999999
18.742493,79.5341490000001
18.859718,79.4505460000001
18.8769420000001,79.314148
18.870552,79.308029
18.85083,79.297211
18.851387,79.248322
18.9158290000001,79.169708
18.920551,79.164154
18.937218,79.1602630000001
18.9786070000001,79.15416
19.1244390000001,79.145538
19.1866610000001,79.1452640000001
19.232773,79.149994
19.249161,79.1538699999999
19.258888,79.1591490000001
19.2722210000001,79.1713710000001
19.2919430000001,79.1822050000001
19.3149990000001,79.1844180000001
19.348053,79.1847080000001
19.7236060000001,79.1510930000001
19.7991640000001,79.127762
19.799721,79.1213680000001
19.8099980000001,79.0991519999999
19.9066620000001,79.0138850000001
19.9308280000001,79.011383
19.966663,79.010818
19.992771,79.012207
20.060555,79.0102690000001
20.262497,78.9897000000001
20.302219,78.9833219999999
20.314163,78.9788670000001
20.32222,78.9738770000001
20.3461070000001,78.9649959999999
20.377773,78.957489
20.433331,78.9474790000001
20.4530490000001,78.9441380000001
20.4927710000001,78.938034
20.516388,78.9352569999999
20.752777,78.9158170000001
20.780277,78.9136050000001
20.8119430000001,78.9122010000001
20.8763850000001,78.9122010000001
20.934719,78.9136050000001
20.9608269999999,78.915268
20.988327,78.91304
21.0666660000001,78.9002689999999
21.082218,78.8963780000001
21.0938870000001,78.892212
21.124718,78.88443
21.2427710000001,78.872757
21.2702750000001,78.870529
21.371941,78.8674770000001
21.534721,78.8427579999999
21.546108,78.8383180000001
21.5491640000001,78.7677610000001
21.5447200000001,78.760818
21.5341639999999,78.7555540000001
21.488884,78.7352599999999
21.3766630000001,78.6874849999999
21.39444,78.665817
21.3938870000001,78.6594240000001
21.386383,78.65332
21.3549960000001,78.6535950000001
21.202496,78.66832
21.129162,78.6410980000001
21.1161080000001,78.636383
21.081387,78.637207
21.054443,78.6394350000001
20.938049,78.655823
20.922771,78.6597140000001
20.9113850000001,78.6641540000001
20.85944,78.6769260000001
20.7708320000001,78.6880340000001
20.743885,78.689972
20.7183270000001,78.6885830000001
20.6766620000001,78.683319
20.6602750000001,78.6794280000001
20.646942,78.674988
20.6299970000001,78.6636050000001
20.623051,78.6574860000001
20.623051,78.6513820000001
20.6266630000001,78.6458280000001
20.6266630000001,78.6394350000001
20.619717,78.6333310000001
20.6036070000001,78.6297
20.5844420000001,78.6266480000001
20.558609,78.62442
20.5269430000001,78.62442
20.503887,78.6269230000001
20.4847180000001,78.630264
20.4538840000001,78.637772
20.4116630000001,78.6436000000001
20.3799969999999,78.6436000000001
20.22916,78.643326
20.2008290000001,78.642487
20.1077730000001,78.6388850000001
20.0308300000001,78.619141
19.7613870000001,78.618042
19.7108270000001,78.6149900000001
19.688606,78.612762
19.6569400000001,78.60498
19.581108,78.5774840000001
19.577774,78.5705409999999
19.578331,78.564423
19.5824969999999,78.5588680000001
19.598606,78.5488740000001
19.633884,78.5358120000001
19.6733280000001,78.5169369999999
19.6813850000001,78.5122070000001
19.6688839999999,78.5074920000001
19.649998,78.5044399999999
19.6249960000001,78.502777
19.556385,78.504166
19.4941600000001,78.503876
19.4722180000001,78.5016630000001
19.3786090000001,78.486099
19.3569410000001,78.4835970000001
19.216938,78.471649
19.1611060000001,78.4699860000001
19.008888,78.4608150000001
18.984161,78.459152
18.9655490000001,78.4561000000001
18.962772,78.4491420000001
18.967216,78.4435879999999
19.0038870000001,78.424423
19.0527760000001,78.3947140000001
19.0572200000001,78.3891599999999
19.062496,78.3771970000001
19.064999,78.358597
19.0619430000001,78.351929
19.0469440000001,78.340271
19.022499,78.3311
18.999439,78.2599950000001
19.0377770000001,78.1980290000001
19.0949969999999,78.102478
19.0922200000001,78.095535
19.0830539999999,78.090271
19.0711100000001,78.085541
18.874165,78.035263
18.8594400000001,78.031662
18.838329,78.0291600000001
18.784721,78.0272060000001
18.751663,78.0277710000001
18.699718,78.0313720000001
18.681107,78.0344240000001
18.6355510000001,78.0455320000001
18.6013870000001,78.0522
18.579163,78.054703
18.5524980000001,78.055252
18.4399950000001,78.029434
18.4108279999999,78.0216520000001
18.3338850000001,77.898331
18.3627739999999,77.8777620000001
18.378883,77.867752
18.4241640000001,77.856934
18.4472160000001,77.8483280000001
18.4483300000001,77.841934
18.4541630000001,77.776382
18.4491620000001,77.7627720000001
18.3624950000001,77.6355440000001
18.300274,77.5194400000001
18.2927740000001,77.5063780000001
18.2847209999999,77.5010990000001
18.270554,77.4972080000001
18.2366600000001,77.490814
18.213882,77.4888760000001
18.0113870000001,77.491928
17.9899940000001,77.4944310000001
17.978607,77.498871
17.9738850000001,77.50444
17.9558300000001,77.5072170000001
17.927494,77.5083310000001
17.907497,77.506104
17.778885,77.4905400000001
17.7383270000001,77.4711000000001
17.6572190000001,77.4208219999999
17.5608290000001,77.346375
17.4983290000001,77.243317
17.4186060000001,77.176926
17.34333,77.0641480000001
17.348053,77.0585939999999
17.3463860000001,77.051926
17.335831,77.0472110000001
17.3258290000001,77.043869
17.3038859999999,77.0422060000001
17.2766650000001,77.043045
17.228329,77.0463710000001
17.207497,77.048874
17.1380500000001,77.054428
17.110554,77.054153
17.0944400000001,77.050812
17.0958290000001,77.0447080000001
17.103886,77.0397030000001
17.176384,77.0216520000001
17.230827,77.006378
17.2819400000001,76.9908140000001
17.293053,76.9863740000001
17.3122180000001,76.9772030000001
17.320274,76.9724880000001
17.3186070000001,76.965546
17.3111080000001,76.9599910000001
17.293331,76.9499970000001
17.272774,76.9405360000001
17.2213820000001,76.917206
17.048332,76.8510890000001
16.9436070000001,76.8152620000001
16.9336050000001,76.8105319999999
16.9191630000001,76.7997130000001
16.9177740000001,76.7927550000001
16.9194410000001,76.7866520000001
16.927219,76.781662
16.9416620000001,76.778046
17.026943,76.769714
17.047218,76.766663
17.096107,76.7569430000001
17.1102750000001,76.7533260000001
17.176384,76.727768
17.1841620000001,76.723038
17.2044410000001,76.7074890000001
17.202774,76.7008210000001
17.19833,76.6947020000001
16.997215,76.5952610000001
16.8591609999999,76.5741580000001
16.8224980000001,76.5691530000001
16.7986070000001,76.5677640000001
16.748051,76.566376
16.7186050000001,76.566666
16.6127739999999,76.570541
16.571941,76.5749970000001
16.336662,76.6530460000001
16.304718,76.693863
16.299721,76.6994169999999
16.291664,76.7041630000001
16.280552,76.7086030000001
16.239162,76.7130430000001
16.0136110000001,76.7444310000001
15.978609,76.7502749999999
15.964165,76.753601
15.9383320000001,76.7613830000001
15.9038870000001,76.7741550000001
15.8352760000001,76.799423
15.7663880000001,76.824707
15.7549990000001,76.8288730000001
15.7286090000001,76.8366550000001
15.7141650000001,76.8399809999999
15.6230530000001,76.8605350000001
15.6052760000001,76.863312
15.5841639999999,76.8655400000001
15.5299990000001,76.867203
15.5005550000001,76.874985
15.4980530000001,76.8799739999999
15.5049990000001,76.8852690000001
15.5241660000001,76.8949890000001
15.543331,76.904434
15.5686090000001,76.912491
15.5872190000001,76.914993
15.7161080000001,76.926651
15.8763870000001,76.9433139999999
15.8891660000001,76.9474789999999
15.9116650000001,76.9561
16.011665,76.971924
16.051941,76.976379
16.14333,76.9758150000001
16.167496,76.9741520000001
16.185272,76.971375
16.3072200000001,76.9716490000001
16.4491620000001,76.9799800000001
16.51722,76.984711
16.529999,76.988876
16.5311090000001,76.9941410000001
16.5197180000001,76.9985960000001
16.498604,77.000824
16.4713820000001,77.001663
16.3586080000001,77.0033260000001
16.3311080000001,77.003052
16.101387,77.0186
16.0833320000001,77.0216520000001
16.0749970000001,77.0263820000001
16.064442,77.037491
16.065552,77.044434
16.0569420000001,77.0691530000001
16.0402760000001,77.078873
16.0158310000001,77.080551
15.9941640000001,77.079987
15.875553,77.067215
15.85972,77.0638730000001
15.853052,77.0597080000001
15.849165,77.053589
15.865274,77.036926
15.8822190000001,77.0272060000001
15.827776,77.0102690000001
15.762777,77.0047150000001
15.5974980000001,77.001663
15.4019430000001,77.0013890000001
15.3744410000001,77.002213
15.3502750000001,77.0036010000001
15.250555,77.0158230000001
15.2324980000001,77.0186
15.131664,77.056931
15.0522209999999,77.099152
15.0358310000001,77.1252590000001
14.739719,77.176376
14.7183300000001,77.1785889999999
14.665833,77.1808170000001
14.5788860000001,77.1797030000001
14.532499,77.176376
14.494997,77.170822
14.46722,77.1716460000001
14.38722,77.1883090000001
14.374998,77.1922000000001
14.3080540000001,77.237762
14.143888,77.296371
14.137499,77.301651
14.1347220000001,77.3188780000001
14.1411090000001,77.3313750000001
14.1161080000001,77.356094
14.0691640000001,77.3733060000001
13.9811100000001,77.4022060000001
13.9208320000001,77.497482
13.914165,77.522217
13.914165,77.527771
14.057499,77.558594
14.1149980000001,77.5669400000001
14.159721,77.571106
14.181942,77.5730439999999
14.3258300000001,77.583328
14.354719,77.583878
14.479164,77.578873
14.504444,77.5774840000001
14.53611,77.570541
14.545553,77.5658110000001
14.585831,77.540268
14.5919420000001,77.534714
14.594721,77.528595
14.5913870000001,77.522217
14.581665,77.517487
14.555832,77.50943
14.539721,77.5058289999999
14.526943,77.5019380000001
14.5297200000001,77.495529
14.539165,77.490814
14.558054,77.4880370000001
14.5897199999999,77.4880370000001
14.713331,77.4883120000001
14.732498,77.491089
14.752222,77.5005490000001
14.758888,77.506104
14.762499,77.5122070000001
14.8762110000001,77.546341
14.939999,77.55304
15.077497,77.5558170000001
15.111942,77.549423
15.1527770000001,77.5444340000001
15.200275,77.5408169999999
15.415276,77.527481
15.440554,77.5260930000001
15.4980530000001,77.527206
15.57472,77.5308230000001
15.6261079999999,77.533325
15.651665,77.534424
15.680277,77.5349880000001
15.7405529999999,77.5338750000001
15.791109,77.5308230000001
15.8349970000001,77.526382
15.872498,77.520538
15.932386,77.5022130000001
15.9928870000001,77.486542
16.00922,77.4818730000001
16.016554,77.4793700000001
16.0268879999999,77.4735410000001
16.0333860000001,77.4668730000001
16.080276,77.449707
16.110554,77.442749
16.1322170000001,77.4396970000001
16.194717,77.4344180000001
16.223049,77.434982
16.3074990000001,77.464996
16.305553,77.4713749999999
16.2936100000001,77.4755400000001
16.2533300000001,77.48082
16.203049,77.483871
16.083496,77.5061420000001
16.07233,77.50798
16.053997,77.512161
15.9941640000001,77.5319820000001
15.98883,77.5349810000001
15.9227750000001,77.5602569999999
15.913887,77.564987
15.771944,77.576385
15.613052,77.5827640000001
15.235554,77.6099850000001
15.2166650000001,77.613037
15.194443,77.6152650000001
15.1402760000001,77.617477
15.1147190000001,77.617477
14.989719,77.6160890000001
14.9127770000001,77.6147000000001
14.8838880000001,77.6155400000001
14.738886,77.6530460000001
14.7391640000001,77.6586000000001
14.752222,77.662766
14.8658310000001,77.679703
14.888611,77.681656
15.105553,77.69664
15.203609,77.7099909999999
15.4286099999999,77.7299800000001
15.451387,77.7319340000001
15.6438880000001,77.745529
15.7538870000001,77.746094
15.779999,77.747208
16.005276,77.758881
16.2213820000001,77.770828
16.687775,77.7969360000001
16.800552,77.806931
16.9002720000001,77.8719180000001
16.992218,77.9010930000001
17.006107,77.9313660000001
16.9802740000001,77.933044
16.9538840000001,77.9319310000001
16.8833310000001,77.926376
16.842773,77.9213710000001
16.739994,77.9016570000001
16.725826,77.897766
16.7149960000001,77.8930510000001
16.7105520000001,77.8869320000001
16.708885,77.8799740000001
16.7108270000001,77.873871
16.7061039999999,77.867752
16.695274,77.8630370000001
16.664719,77.8572080000001
16.4441600000001,77.848877
16.414719,77.8483280000001
16.2911070000001,77.8508150000001
16.1502720000001,77.848602
15.9816650000001,77.835266
15.918888,77.829437
15.8697190000001,77.8277740000001
15.8405530000001,77.8285980000001
15.8147200000001,77.830276
15.7697200000001,77.835266
15.728054,77.8402710000001
15.708887,77.843323
15.6616649999999,77.854431
15.649166,77.858871
15.636665,77.8636020000001
15.6183300000001,77.8733060000001
15.3952770000001,77.8663790000001
15.348886,77.862488
15.3322200000001,77.8591460000001
15.23472,77.831375
15.174166,77.8097080000001
15.133888,77.7974850000001
15.0944420000001,77.7922060000001
15.0486090000001,77.78804
14.8763870000001,77.783875
14.73583,77.7672119999999
14.7130530000001,77.765274
14.6088870000001,77.758606
14.4533310000001,77.750549
14.424166,77.7513890000001
14.239998,77.764709
14.2336080000001,77.769989
14.223886,77.774994
14.2044430000001,77.7777710000001
14.1491660000001,77.775543
14.1102750000001,77.7702640000001
14.094164,77.766663
14.055277,77.7544400000001
14.042221,77.7433170000001
14.0324990000001,77.738586
14.0194440000001,77.734421
13.961388,77.7194369999999
13.941942,77.71666
13.76111,77.727478
13.751389,77.732208
13.7249980000001,77.754166
13.7216639999999,77.760544
13.7344420000001,77.764435
13.766666,77.771378
13.8052770000001,77.783875
13.814999,77.7885890000001
13.818331,77.794983
13.818054,77.801651
13.81472,77.807755
13.8083320000001,77.813309
13.7983320000001,77.8183290000001
13.7722210000001,77.8263850000001
13.755833,77.829712
13.736109,77.8324890000001
13.713331,77.8347170000001
13.676664,77.8641510000001
13.62833,77.950546
13.5888860000001,78.049423
13.5955520000001,78.0549770000001
13.6119420000001,78.0583190000001
13.876942,78.0927580000001
13.940275,78.092209
13.966942,78.09082
13.9869420000001,78.0880430000001
14.036665,78.077774
14.0963860000001,78.0627590000001
14.10972,78.0585940000001
14.2347200000001,78.008881
14.24472,78.0041660000001
14.2575,77.993317
14.2575,77.9863740000001
14.2833330000001,77.964432
14.306387,77.962204
14.3324990000001,77.9608150000001
14.3558310000001,77.9627690000001
14.365831,77.9677580000001
14.365831,77.974701
14.347219,78.0158230000001
14.340832,78.0213780000001
14.3311100000001,78.026093
14.26861,78.0460970000001
14.2324980000001,78.066086
14.219442,78.0769350000001
14.216108,78.0833280000001
14.219719,78.0894320000001
14.233053,78.0935970000001
14.24972,78.096939
14.2763879999999,78.098328
14.309721,78.098328
14.33972,78.097488
14.38611,78.093323
14.406109,78.0905460000001
14.472498,78.0905460000001
14.552498,78.094437
14.622774,78.101089
14.6430550000001,78.103867
14.7366640000001,78.1119230000001
14.763332,78.1130370000001
14.796665,78.1130370000001
14.8233320000001,78.111649
14.9091640000001,78.1016540000001
14.965832,78.1008150000001
14.9891640000001,78.102768
15.009443,78.1055450000001
15.023054,78.109711
15.0336090000001,78.114426
15.0566650000001,78.1486050000001
15.221943,78.197479
15.2636110000001,78.2097170000001
15.2944430000001,78.216934
15.3322200000001,78.2230380000001
15.438053,78.2355350000001
15.461664,78.237488
15.4922200000001,78.2380370000001
15.518888,78.2366490000001
15.542221,78.2344210000001
15.5819420000001,78.228592
15.5983310000001,78.224991
15.637777,78.219437
15.66111,78.2172090000001
15.6947210000001,78.216934
15.7186090000001,78.2188720000001
15.7358300000001,78.2222140000001
15.7369420000001,78.229156
15.7274970000001,78.233871
15.629164,78.25499
15.6008300000001,78.2697140000001
15.5930540000001,78.2869260000001
15.5938870000001,78.2938690000001
15.601387,78.299149
15.7658329999999,78.3352659999999
15.793331,78.3366550000001
15.9949970000001,78.3441470000001
16.1024970000001,78.356369
16.133053,78.3555450000001
16.2394370000001,78.3424840000001
16.2663880000001,78.3408200000001
16.4755520000001,78.333603
16.5363849999999,78.3316650000001
16.719162,78.328598
16.7705540000001,78.3302760000001
16.818886,78.333878
16.881939,78.34166
17.0455510000001,78.370255
17.0813870000001,78.376648
17.2936100000001,78.4163820000001
17.3016620000001,78.420258
17.292774,78.4252619999999
17.267776,78.433868
17.2444380000001,78.436096
17.2169380000001,78.436371
17.1924930000001,78.4347080000001
16.9261050000001,78.3969419999999
16.9177740000001,78.3913730000001
16.878883,78.3855440000001
16.8513870000001,78.3844300000001
16.82444,78.386108
16.6066630000001,78.405258
16.5905530000001,78.408875
16.5841640000001,78.4274750000001
16.5730510000001,78.4385830000001
16.5527760000001,78.4402620000001
16.524998,78.4391480000001
16.5005530000001,78.437195
16.4374960000001,78.429428
16.4066620000001,78.430542
16.331665,78.449707
16.3288840000001,78.452209
16.4641609999999,78.525543
16.542221,78.5660860000001
16.691383,78.612762
16.802219,78.6391600000001
16.8205530000001,78.642487
16.828884,78.648041
16.8388859999999,78.660263
16.8369410000001,78.6663820000001
16.831108,78.6719210000001
16.810829,78.674988
16.786663,78.6758120000001
16.7219390000001,78.6680449999999
16.6652720000001,78.665817
16.6341630000001,78.666931
16.617496,78.670532
16.6152729999999,78.676651
16.6202740000001,78.6827550000001
16.6180529999999,78.6888730000001
16.57111,78.7133180000001
16.5505520000001,78.716385
16.5222210000001,78.715271
16.5041660000001,78.7119290000001
16.4924930000001,78.707214
16.476105,78.696365
16.4713820000001,78.690262
16.4699939999999,78.683319
16.460274,78.6710970000001
16.3286090000001,78.573318
16.3208310000001,78.5677640000001
16.309441,78.563034
16.2799990000001,78.5549770000001
16.2622180000001,78.551651
16.1547160000001,78.5319370000001
16.1044429999999,78.521378
16.072126,78.5078579999999
16.0588870000001,78.498322
16.0544430000001,78.492203
16.0466650000001,78.486649
16.032219,78.4827580000001
16.0144420000001,78.479431
15.99333,78.4769290000001
15.9655530000001,78.4755400000001
15.9036100000001,78.4747009999999
15.747776,78.46666
15.723331,78.464706
15.705832,78.46138
15.6913870000001,78.4572140000001
15.6461110000001,78.4527740000001
15.587776,78.4510959999999
15.481386,78.4508210000001
15.464165,78.4516600000001
15.427458,78.4581760000001
15.363886,78.472763
15.350554,78.4769290000001
15.2980540000001,78.5005490000001
15.1933309999999,78.588043
15.2044430000001,78.593048
15.2299980000001,78.604431
15.2408310000001,78.6091460000001
15.341665,78.6094210000001
15.3941649999999,78.612762
15.4119430000001,78.616089
15.444998,78.630264
15.452776,78.635818
15.5005550000001,78.710266
15.501389,78.7172090000001
15.48472,78.805252
15.4819410000001,78.811371
15.4011100000001,78.843323
15.3799970000001,78.8447110000001
15.361664,78.84137
15.3177759999999,78.8291630000001
15.2955530000001,78.8197169999999
15.219719,78.7719270000001
15.1980530000001,78.734421
15.1974979999999,78.728867
15.2199970000001,78.6752620000001
15.0349980000001,78.6010890000001
15.020832,78.5969390000001
14.9927750000001,78.5958250000001
14.9652750000001,78.5972140000001
14.9447210000001,78.599991
14.9105550000001,78.606934
14.893332,78.6105350000001
14.8624970000001,78.618042
14.848886,78.6222080000001
14.8049980000001,78.6416630000001
14.805553,78.648605
14.816387,78.65332
14.8305530000001,78.6572110000001
14.841387,78.662201
14.8452760000001,78.66832
14.8463860000001,78.6819310000001
14.8372190000001,78.7005460000001
14.8180540000001,78.728043
14.8147200000001,78.7308200000001
14.698608,78.726379
14.6774980000001,78.7236020000001
14.616941,78.708038
14.531666,78.6827550000001
14.526943,78.6560970000001
14.532499,78.6216430000001
14.5408330000001,78.5783230000001
14.4558320000001,78.5319370000001
14.3855550000001,78.497757
14.3922210000001,78.48526
14.3988880000001,78.479706
14.4088880000001,78.474991
14.4224990000001,78.470825
14.4430540000001,78.468048
14.4908310000001,78.4638820000001
14.5458320000001,78.461105
14.5697190000001,78.4588780000001
14.610554,78.453323
14.6613879999999,78.443039
14.674721,78.4388730000001
14.7174970000001,78.406372
14.7299980000001,78.388596
14.7263870000001,78.383881
14.688332,78.3777620000001
14.6372200000001,78.37442
14.6063860000001,78.3735960000001
14.579165,78.3738710000001
14.4533310000001,78.3780360000001
14.364998,78.3863830000001
14.2955530000001,78.3385930000001
14.3022210000001,78.3330540000001
14.325275,78.3060910000001
14.1927760000001,78.2733150000001
14.1113870000001,78.255554
14.0980529999999,78.2810970000001
14.0913869999999,78.284988
14.07111,78.286377
13.989998,78.2858120000001
13.753611,78.265823
13.743608,78.260818
13.7575000000001,78.25
13.7844430000001,78.241653
13.814999,78.2341460000001
13.8319420000001,78.2308200000001
13.852221,78.221375
13.858887,78.2158200000001
13.855553,78.2094270000001
13.8222200000001,78.2027739999999
13.7986090000001,78.2005460000001
13.7183299999999,78.1963650000001
13.627775,78.194138
13.573887,78.1969300000001
13.3922210000001,78.207489
13.2369420000001,78.216934
13.183054,78.219437
13.1494430000001,78.219437
13.122498,78.217758
13.079165,78.213043
13.0694429999999,78.2080380000001
13.0633320000001,78.2024840000001
13.050276,78.198318
13.0302770000001,78.1955259999999
13.006666,78.197479
12.979164,78.2058260000001
12.9474980000001,78.2199859999999
12.9194430000001,78.2349850000001
12.9119430000001,78.2405400000001
12.9149990000001,78.2466430000001
12.944443,78.25499
12.9541649999999,78.2599950000001
12.956942,78.2660980000001
12.9483319999999,78.2880400000001
12.944443,78.2941440000001
12.8783300000001,78.3488770000001
12.871109,78.3544310000001
12.8330539999999,78.3602600000001
12.802498,78.3608090000001
12.74472,78.358597
12.717497,78.3599850000001
12.6999990000001,78.363312
12.6122189999999,78.3855440000001
12.584164,78.3936
12.371386,78.4755400000001
12.3605540000001,78.4802700000001
12.37722,78.483871
12.397499,78.486649
12.5402760000001,78.4997100000001
12.5711099999999,78.5005490000001
12.7163869999999,78.495819
12.7508319999999,78.496094
12.9019430000001,78.498032
12.9294430000001,78.4994200000001
13.093609,78.514999
13.1138859999999,78.5177610000001
13.144444,78.525543
13.18861,78.5372010000001
13.198608,78.5408170000001
13.1811099999999,78.5441440000001
13.156666,78.546097
13.097776,78.5480350000001
13.053331,78.5430450000001
13.036386,78.5397030000001
12.9749980000001,78.5305480000001
12.8686080000001,78.5238800000001
12.841108,78.5224910000001
12.8099980000001,78.5230410000001
12.663887,78.533325
12.483053,78.543594
12.3788850000001,78.5469360000001
12.1530530000001,78.5972140000001
12.043331,78.6097110000001
12.0008320000001,78.6147000000001
11.979443,78.617477
11.925554,78.6271970000001
11.9108310000001,78.631363
11.6502760000001,78.7302700000001
11.6461110000001,78.733597
11.641666,78.738586
11.6411090000001,78.741364
11.6647210000001,78.763321
11.7077750000001,78.795258
11.7269420000001,78.804977
11.7402740000001,78.8091430000001
11.7913880000001,78.8199920000001
11.819443,78.8216550000001
11.8444420000001,78.8197169999999
11.859442,78.815536
11.896111,78.8091430000001
11.916666,78.81192
11.929998,78.816086
11.93611,78.8216550000001
11.9316650000001,78.8277740000001
11.919998,78.8324890000001
11.875275,78.8447110000001
11.8386100000001,78.8510890000001
11.8166660000001,78.853867
11.7913880000001,78.85582
11.7341630000001,78.858032
11.6872200000001,78.862488
11.646666,78.868317
11.60972,78.874985
11.576109,78.8822020000001
11.433054,78.9166560000001
11.4177759999999,78.920822
11.343609,78.948318
11.333332,78.9605410000001
11.335554,78.9666599999999
11.413054,78.9727630000001
11.4697190000001,78.9760890000001
11.5377770000001,78.9774780000001
11.6024970000001,78.9763790000001
11.6758310000001,78.969437
11.8299980000001,78.951385
11.860275,78.9433140000001
11.984997,78.926376
12.2291640000001,78.895538
12.25111,78.8930510000001
12.27972,78.891937
12.3044429999999,78.892487
12.470831,78.9010930000001
12.495552,78.90332
12.5055540000001,78.908035
12.500832,78.9183200000001
12.444164,78.9922030000001
12.4291650000001,78.996094
12.4038870000001,78.9980320000001
12.367775,78.9980320000001
12.3033310000001,78.9963680000001
12.2747210000001,78.9947050000001
12.222498,78.9841460000001
12.1172199999999,78.969711
12.092497,78.9674840000001
12.063887,78.9674840000001
12.0419430000001,78.969986
12.023333,78.973312
11.986109,78.97998
11.981665,78.986099
11.898054,79.02887
11.8455520000001,79.0394290000001
11.7811110000001,79.054703
11.755278,79.0758210000001
11.8019429999999,79.113876
11.9003310000001,79.1717530000001
11.9063320000001,79.1745910000001
11.950554,79.1966400000001
11.98583,79.2035980000001
12.014721,79.205261
12.051388,79.205551
12.073608,79.2255400000001
12.101664,79.253876
12.117496,79.2908169999999
12.113052,79.295822
12.1011090000001,79.3005370000001
12.085554,79.3044280000001
12.0708310000001,79.3044280000001
11.9852750000001,79.2861020000001
11.918887,79.2437130000001
11.917387,79.2400360000001
11.9090540000001,79.2375409999999
11.86833,79.224152
11.834997,79.224701
11.7886100000001,79.236649
11.7213860000001,79.277481
11.716387,79.2836
11.7052760000001,79.301376
11.7052760000001,79.3183290000001
11.68611,79.3216550000001
11.663887,79.3216550000001
11.638611,79.3194430000001
11.60083,79.306091
11.555277,79.27832
11.6358320000001,79.245819
11.707499,79.203049
11.7158320000001,79.197754
11.720831,79.19165
11.7236080000001,79.1780400000001
11.714998,79.1660920000001
11.704998,79.1613770000001
11.6874979999999,79.157761
11.652498,79.150543
11.413332,79.113037
11.236385,79.0930480000001
11.1888870000001,79.1233060000001
11.166943,79.1952510000001
11.146666,79.231659
11.141388,79.2377620000001
11.0233330000001,79.2930450000001
10.910276,79.3274840000001
10.8977780000001,79.332214
10.876387,79.3422090000001
10.858332,79.353043
10.843887,79.3647000000001
10.853886,79.4072110000001
10.863609,79.412201
10.8811090000001,79.4158170000001
10.902777,79.418869
10.916388,79.4369199999999
10.918331,79.443039
10.9108310000001,79.4561000000001
10.8963870000001,79.467484
10.8780540000001,79.478317
10.8402750000001,79.4924770000001
10.823887,79.4963680000001
10.804165,79.49942
10.734163,79.5069430000001
10.714165,79.5102690000001
10.697777,79.51416
10.680832,79.5327610000001
10.6769430000001,79.544983
10.6788860000001,79.5510860000001
10.692776,79.5555420000001
10.7444419999999,79.559982
10.7822210000001,79.5605320000001
10.918888,79.5591430000001
11.025831,79.555817
11.1141640000001,79.551926
11.1444440000001,79.5521999999999
11.180277,79.5594180000001
11.1208310000001,79.569153
11.0233330000001,79.5785980000001
10.969164,79.5822140000001
10.911388,79.5849910000001
10.8880540000001,79.587494
10.868053,79.5908200000001
10.851664,79.5947110000001
10.853886,79.599716
10.863886,79.604431
10.9638859999999,79.6405490000001
10.986109,79.643326
11.0161090000001,79.6449890000001
11.0505539999999,79.6447140000001
11.104998,79.641098
11.1286089999999,79.6385960000001
11.3661080000001,79.6349950000001
11.3808310000001,79.652206
11.2619440000001,79.684143
11.236385,79.693588
11.205553,79.7091520000001
11.19972,79.7160949999999
11.1924969999999,79.7722170000001
11.198887,79.7777710000001
11.2291640000001,79.779434
11.341108,79.781097
11.37583,79.780548
11.3961110000001,79.7772060000001
11.445276,79.7652739999999
11.4724979999999,79.7649990000001
11.5069429999999,79.7658230000001
11.5336090000001,79.768051
11.5480539999999,79.7722170000001
11.5544430000001,79.7777710000001
11.5569420000001,79.783875
11.551664,79.7902680000001
11.569719,79.812195
11.673887,79.8322140000001
11.6963860000001,79.834991
11.7886100000001,79.839706
11.8197190000001,79.839981
11.839998,79.836655
11.848886,79.8313749999999
11.9388870000001,79.768875
12.0461100000001,79.6905360000001
12.0508310000001,79.6858060000001
12.106386,79.6749880000001
12.1494430000001,79.6691440000001
12.2769430000001,79.6622010000001
12.3113880000001,79.6619260000001
12.341665,79.6633150000001
12.3572200000001,79.6874850000001
12.3561080000001,79.6941380000001
12.345276,79.7133180000001
12.31111,79.7352600000001
12.298887,79.7399750000001
12.278887,79.743317
12.2244420000001,79.7472079999999
12.20472,79.750549
12.164444,79.7824859999999
12.160831,79.8030400000001
12.1636100000001,79.8091430000001
12.201942,79.8333280000001
12.2247199999999,79.836105
12.3297200000001,79.836105
12.3847220000001,79.8322140000001
12.4047200000001,79.828873
12.4369430000001,79.8208310000001
12.465275,79.812195
12.4899980000001,79.8024750000001
12.543888,79.7774810000001
12.5447220000001,79.7719270000001
12.5377770000001,79.7663880000001
12.5969430000001,79.756378
12.7877770000001,79.773605
12.8374979999999,79.7785950000001
12.8752749999999,79.7855380000001
12.890276,79.7897030000001
12.9124980000001,79.799423
12.957775,79.81192
13.014721,79.8222200000001
13.3505540000001,79.8499909999999
13.3777749999999,79.8519290000001
13.412777,79.852768
13.5255550000001,79.852203
13.560555,79.8530430000001
13.6419430000001,79.859146
13.7352750000001,79.8702550000001
13.7897209999999,79.8744200000001
13.8247200000001,79.875259
13.848053,79.8724819999999
13.8677750000001,79.8688660000001
13.883333,79.86499
13.9105550000001,79.8560940000001
13.94972,79.835541
13.9574990000001,79.829987
13.961388,79.823883
13.969164,79.7730410000001
13.965553,79.766937
13.9116649999999,79.7352600000001
13.9002760000001,79.7305450000001
13.884722,79.726379
13.823608,79.7169340000001
13.731665,79.7058260000001
13.62833,79.69664
13.589998,79.69664
13.3180540000001,79.6941380000001
13.0463870000001,79.690262
13.015833,79.688583
12.8674960000001,79.6430510000001
12.701387,79.597763
12.6827749999999,79.594147
12.6380540000001,79.588593
12.611664,79.58638
12.5777759999999,79.5855410000001
12.5238880000001,79.589432
12.4933300000001,79.5908200000001
12.4711090000001,79.587769
12.464165,79.5822140000001
12.45083,79.571381
12.447777,79.5663760000001
12.514166,79.5510860000001
12.53722,79.5483249999999
12.567776,79.5472109999999
12.605553,79.5472109999999
12.631664,79.549423
12.7919429999999,79.5686040000001
12.9986080000001,79.58638
13.0288870000001,79.588043
13.2750000000001,79.5974880000001
13.331942,79.594147
13.465275,79.5841520000001
13.4844419999999,79.5808260000001
13.4927750000001,79.5683290000001
13.4852749999999,79.5627590000001
13.430277,79.5319370000001
13.4191650000001,79.527206
13.3708310000001,79.514709
13.3447210000001,79.5124970000001
13.288054,79.5158230000001
13.265276,79.514435
13.2566660000001,79.4780430000001
13.257221,79.4713750000001
13.2724990000001,79.467209
13.4202770000001,79.4394230000001
13.4391650000001,79.436096
13.4727750000001,79.435257
13.4874970000001,79.4394230000001
13.487219,79.446365
13.483053,79.452484
13.475275,79.458038
13.4524970000001,79.467484
13.436943,79.478592
13.4477769999999,79.483322
13.474165,79.485535
13.571665,79.4869230000001
13.5944420000001,79.484146
13.768332,79.4330440000001
13.873608,79.391937
13.914721,79.358322
13.914721,79.351379
13.9038869999999,79.3191530000001
13.889166,79.302765
13.8894420000001,79.295822
13.8930550000001,79.289703
13.9080540000001,79.278595
14.01861,79.264999
14.0588870000001,79.260269
14.0738870000001,79.2641600000001
14.0847209999999,79.2691499999999
14.09972,79.279984
14.151943,79.332214
14.1558320000001,79.338318
14.026388,79.4460910000001
14.0113890000001,79.4569400000001
13.9663870000001,79.469437
13.9549980000001,79.474152
13.9363860000001,79.484421
13.92861,79.489975
13.8830530000001,79.5352630000001
13.886944,79.541367
13.924442,79.56192
13.935831,79.5666660000001
13.977497,79.5797120000001
14.007776,79.588043
14.07222,79.6038670000001
14.1102750000001,79.610535
14.1369439999999,79.609985
14.3999999999999,79.7302700000001
14.439442,79.750824
14.4669420000001,79.7666630000001
14.5149989999999,79.799423
14.530554,79.804153
14.557775,79.8060909999999
14.584997,79.804153
14.769165,79.781937
14.8452760000001,79.768051
14.8602750000001,79.7638850000001
15.0133320000001,79.7091520000001
15.027498,79.6980290000001
15.03722,79.6797030000001
15.0591640000001,79.6699830000001
15.132774,79.642212
15.199442,79.624985
15.255278,79.6144259999999
15.269999,79.61026
15.291666,79.6005400000001
15.290833,79.593597
15.290833,79.5613710000001
15.2980540000001,79.52916
15.3011090000001,79.5230410000001
15.4405330000001,79.378021
15.4830530000001,79.339157
15.4897190000001,79.333603
15.5108320000001,79.3238830000001
15.6513879999999,79.2738800000001
15.767498,79.2402650000001
15.777777,79.23526
15.7908330000001,79.224152
15.7861100000001,79.218048
15.777777,79.212769
15.729719,79.18692
15.714443,79.1108090000001
15.7713870000001,79.1488800000001
15.783054,79.1535950000001
15.813332,79.1616520000001
15.8427750000001,79.1627660000001
15.8680530000001,79.160812
15.889442,79.157761
15.917221,79.1494290000001
15.974998,79.126373
16.0924950000001,79.074158
16.1322170000001,79.053864
16.1369400000001,79.041656
16.1322170000001,79.035538
16.126106,79.022491
16.124996,79.0155489999999
16.1322170000001,78.9969330000001
16.1480520000001,78.9866490000001
16.3208310000001,78.9180450000001
16.3344420000001,78.913879
16.351387,78.910263
16.3930510000001,78.9044339999999
16.421383,78.902771
16.4499970000001,78.90387
16.4955480000001,78.9158170000001
16.496941,78.9227599999999
16.492771,78.9352569999999
16.4622150000001,78.9602660000001
16.4488830000001,78.964432
16.40694,78.970261
16.393608,78.974426
16.3741649999999,78.9841460000001
16.3211100000001,79.040817
16.2911070000001,79.0885930000001
16.2811090000001,79.0933230000001
16.2574999999999,79.101089
16.2399940000001,79.104706
16.2299960000001,79.109421
16.1952739999999,79.1366580000001
16.1766620000001,79.1533200000001
16.150829,79.188309
16.1547160000001,79.2088780000001
16.1536060000001,79.2219240000001
16.1511080000001,79.2280430000001
16.144997,79.233871
16.138607,79.2391510000001
16.1222189999999,79.2497099999999
16.08194,79.2691499999999
16.023331,79.292206
16.009441,79.2963710000001
15.973886,79.324707
15.9402750000001,79.3852690000001
15.8924980000001,79.496643
15.8741650000001,79.564148
15.801109,79.624985
15.787777,79.635818
15.738886,79.6644290000001
15.6966650000001,79.6863710000001
15.686943,79.6983180000001
15.647499,79.7649990000001
15.638054,79.827209
15.644165,79.840271
15.6527770000001,79.845825
15.67861,79.8621980000001
15.691109,79.8669280000001
15.7072200000001,79.870819
15.7311100000001,79.8735960000001
15.797777,79.875259
15.836664,79.8749850000001
15.867775,79.8733060000001
16.006107,79.8630370000001
16.071941,79.860535
16.110828,79.86026
16.130829,79.8636020000001
16.139717,79.8691410000001
16.133053,79.8746950000001
16.1224980000001,79.879425
16.0969430000001,79.8885960000001
16.040554,79.8991550000001
15.995831,79.9116520000001
15.9527760000001,79.931366
15.949999,79.937485
15.975554,79.968048
16.0227740000001,80.0088809999999
16.048332,80.018326
16.0649990000001,80.022491
16.279442,80.0608060000001
16.3077739999999,80.062759
16.334995,80.060532
16.521664,80.0441440000001
16.5405540000001,80.0405430000001
16.5552750000001,80.036377
16.566109,80.0313720000001
16.5641630000001,80.0244290000001
16.5691639999999,80.012207
16.725826,79.9033200000001
16.7902759999999,79.8808139999999
16.8191640000001,79.872208
