"V1","V2"
92.8316120000001,12.316524
92.8529130000001,12.3029789999999
92.8763730000001,12.3019430000001
92.8952639999999,12.2927760000001
92.89888,12.2894420000001
92.9016570000001,12.285276
92.9016570000001,12.2658329999999
92.861099,12.16222
92.808594,12.09222
92.8044280000001,12.0894410000001
92.7542720000001,12.071337
92.75174,12.0949439999999
92.7604680000001,12.1284610000001
92.770126,12.160577
92.768028,12.177102
92.7854840000001,12.186877
92.790375,12.2020050000001
92.7648240000001,12.253245
92.7545700000001,12.2642030000001
92.755272,12.2797980000001
92.7669300000001,12.273194
92.785759,12.2722110000001
92.7922209999999,12.278393
92.793907,12.2915980000001
92.783089,12.305507
92.7810590000001,12.311801
92.7846600000001,12.315133
92.7888260000001,12.316524
92.795219,12.3170790000001
92.8111880000001,12.3119699999999
92.826057,12.3181890000001
92.8316120000001,12.316524
