"V1","V2"
-69.976105,76.3941500000001
-70.008347,76.393875
-70.111938,76.4049840000001
-70.151672,76.412201
-70.165558,76.4158170000001
-70.174164,76.420258
-70.185822,76.4352570000001
-70.188324,76.439148
-70.164169,76.448318
-70.1441649999999,76.449707
-70.005005,76.4591520000001
-69.984161,76.4591520000001
-69.961945,76.456375
-69.910828,76.4447019999999
-69.90361,76.4422000000001
-69.894455,76.43692
-69.896118,76.4347080000001
-69.919449,76.413315
-69.936386,76.401657
-69.9511109999999,76.397217
-69.976105,76.3941500000001
