"V1","V2"
-41.125557,64.2883150000001
-41.163055,64.2622070000001
-41.1730579999999,64.2577670000001
-41.1852719999999,64.2574920000001
-41.263618,64.2636110000001
-41.275002,64.263885
-41.309441,64.2622070000001
-41.3433299999999,64.263046
-41.355003,64.26416
-41.365837,64.2702640000001
-41.3719409999999,64.2749940000001
-41.3736109999999,64.2797090000001
-41.374168,64.2849880000001
-41.348053,64.3022
-41.328613,64.3113710000001
-41.318611,64.3146970000001
-41.296951,64.3172150000001
-41.27417,64.3166659999999
-41.134727,64.2933200000001
-41.125557,64.2883150000001
