"V1","V2"
143.731079,-8.07166699999999
143.737183,-8.07888800000001
143.73996,-8.083055
143.741333,-8.08861199999996
143.73941,-8.09333199999998
143.733307,-8.10083200000003
143.727753,-8.10222199999993
143.697479,-8.08444399999996
143.683319,-8.07833299999999
143.661377,-8.07277699999992
143.618011,-8.07222200000001
143.599701,-8.07416699999999
143.588562,-8.07166699999999
143.582458,-8.064167
143.569427,-8.04305599999998
143.566071,-8.03277800000001
143.565247,-8.01999999999992
143.568024,-8.01583499999992
143.574127,-8.01388899999995
143.629669,-8.00638999999995
143.635803,-8.00583499999999
143.642761,-8.00583499999999
143.651093,-8.00833499999999
143.669434,-8.01722299999994
143.682465,-8.02472299999994
143.697479,-8.036945
143.707733,-8.04722199999998
143.731079,-8.07166699999999
