"V1","V2"
90.5408170000001,23.343887
90.558868,23.3324970000001
90.5847170000001,23.315273
90.5891570000001,23.309719
90.590271,23.3024980000001
90.5858150000001,23.301941
90.5630340000001,23.3088870000001
90.525543,23.3336070000001
90.5083310000001,23.3083310000001
90.5058290000001,23.3061070000001
90.500824,23.306385
90.4422000000001,23.348606
90.4371950000001,23.353329
90.433594,23.3586080000001
90.421097,23.3788830000001
90.421646,23.383053
90.4246980000001,23.3847200000001
90.4297030000001,23.3847200000001
90.451935,23.382774
90.456375,23.381664
90.471375,23.3769420000001
90.5166630000001,23.3586080000001
90.529434,23.3516620000001
90.533302,23.3482490000001
90.5408170000001,23.343887
