"V1","V2"
-146.353882,60.4074939999999
-146.339996,60.407211
-146.310272,60.412491
-146.290283,60.4161
-146.200836,60.4319380000001
-146.167236,60.435265
-146.154724,60.4355470000001
-146.140839,60.43499
-146.1297,60.4333270000001
-146.12027,60.4311070000001
-146.083893,60.4097140000001
-146.078888,60.405266
-146.079712,60.399994
-146.096954,60.392769
-146.16806,60.381378
-146.310272,60.351662
-146.347229,60.3433230000001
-146.415833,60.3233260000001
-146.457489,60.3099899999999
-146.473602,60.3044360000001
-146.517242,60.284996
-146.57666,60.2455440000001
-146.592499,60.239716
-146.602203,60.2380450000001
-146.613037,60.239716
-146.621094,60.2424930000001
-146.627777,60.246101
-146.666962,60.2677690000001
-146.677216,60.2761
-146.679443,60.281662
-146.67749,60.2877730000001
-146.631836,60.307659
-146.627502,60.309662
-146.598984,60.3199920000001
-146.555664,60.3356630000001
-146.539505,60.3401600000001
-146.53067,60.3439940000001
-146.484985,60.363884
-146.486115,60.3674930000001
-146.584,60.367599
-146.591507,60.3674349999999
-146.601837,60.3644330000001
-146.615662,60.358936
-146.624512,60.3551029999999
-146.623016,60.3526
-146.615494,60.3529360000001
-146.609665,60.3539349999999
-146.604675,60.3537710000001
-146.60582,60.350101
-146.609314,60.3477710000001
-146.613831,60.345936
-146.61969,60.344769
-146.627167,60.3446040000001
-146.632843,60.345936
-146.694733,60.3488770000001
-146.702789,60.351662
-146.71582,60.358887
-146.723328,60.368599
-146.724152,60.3747100000001
-146.721924,60.380821
-146.715546,60.391663
-146.705566,60.4077680000001
-146.696106,60.416939
-146.621094,60.4697110000001
-146.615265,60.473602
-146.607758,60.476936
-146.599426,60.479431
-146.580841,60.482491
-146.540558,60.481934
-146.530853,60.4811020000001
-146.439453,60.4630510000001
-146.364716,60.4466550000001
-146.366943,60.4408260000001
-146.364166,60.4147110000001
-146.361938,60.4091570000001
-146.353882,60.4074939999999
