"V1","V2"
-63.144173,-64.781403
-63.184448,-64.799454
-63.210838,-64.81279
-63.2958369999999,-64.8749999999999
-63.321396,-64.902512
-63.324448,-64.911957
-63.415558,-64.906403
-63.508614,-64.903625
-63.5413889999999,-64.897507
-63.555,-64.8930659999999
-63.530838,-64.830566
-63.526672,-64.823624
-63.519447,-64.816956
-63.509171,-64.809723
-63.496117,-64.802505
-63.482224,-64.797791
-63.453613,-64.791122
-63.409729,-64.784729
-63.379448,-64.783066
-63.333061,-64.7844539999999
-63.300285,-64.791672
-63.284447,-64.793335
-63.271118,-64.787506
-63.257782,-64.7802889999999
-63.205559,-64.751114
-63.195557,-64.7438959999999
-63.172226,-64.730835
-63.15834,-64.72612
-63.128616,-64.723068
-63.1150049999999,-64.727509
-63.105003,-64.740005
-63.106949,-64.7533419999999
-63.1108399999999,-64.76001
-63.1311109999999,-64.77417
-63.144173,-64.781403
