"V1","V2"
107.964432,4.67472100000003
107.957489,4.67472100000003
107.951927,4.67611000000005
107.947746,4.67888699999997
107.94165,4.68638700000002
107.938828,4.69301200000001
107.938309,4.70194299999997
107.941093,4.70610999999997
107.995819,4.76749899999999
108.004707,4.772222
108.008331,4.77027700000002
108.010269,4.75861100000003
108.00972,4.75249999999994
107.998596,4.70194299999997
107.992477,4.6877770000001
107.989151,4.68416500000001
107.984993,4.68138800000014
107.975273,4.67749900000007
107.964432,4.67472100000003
