"V1","V2"
149.55719,-4.71888899999999
149.55246,-4.72083399999997
149.546356,-4.72027800000001
149.4758,-4.71138999999999
149.470245,-4.70999999999992
149.465515,-4.70777800000002
149.461365,-4.70527800000002
149.457733,-4.70166699999993
149.455811,-4.69694399999997
149.454407,-4.68472199999997
149.455811,-4.67916700000001
149.468018,-4.66416600000002
149.506653,-4.64777899999996
149.512756,-4.64694499999996
149.51886,-4.64777899999996
149.529968,-4.65055599999999
149.540253,-4.65388899999999
149.543579,-4.65722299999999
149.549133,-4.66555599999992
149.559967,-4.68194399999999
149.563293,-4.69222199999996
149.564148,-4.70527800000002
149.562744,-4.710556
149.560516,-4.71527800000001
149.55719,-4.71888899999999
