"V1","V2"
95.958603,81.217209
96.151657,81.193863
96.2766570000001,81.154709
96.526932,81.0491489999999
96.5319370000001,81.029434
96.5413669999999,81.023605
96.648331,80.9799800000001
96.6633150000001,80.974701
96.743591,80.949707
96.7847140000001,80.9408110000001
96.9541630000001,80.9055480000001
97.4194340000001,80.8441470000001
97.4871980000001,80.8374940000001
97.523605,80.838882
97.5663760000001,80.8369290000001
97.707764,80.8202670000001
97.88472,80.7641600000001
97.9666600000001,80.7219240000001
97.969437,80.715546
97.963608,80.701385
97.7536010000001,80.676376
97.4860990000001,80.665543
97.2727659999999,80.6683200000001
97.1649930000001,80.6641540000001
97.12915,80.6627660000001
97.0530400000001,80.5883180000001
97.0452580000001,80.580551
97.0155490000001,80.5413670000001
97.0133210000001,80.5344240000001
97.0194400000001,80.521378
97.078598,80.5077670000001
97.112198,80.498032
97.140549,80.487762
97.1491550000001,80.4819340000001
97.205826,80.428314
97.2119290000001,80.4155430000001
97.2072140000001,80.4010929999999
97.1955260000001,80.39444
97.187485,80.386658
97.185257,80.379425
97.1944270000001,80.3599850000001
97.205826,80.3474880000001
97.2199860000001,80.3424840000001
97.239151,80.337769
97.2816620000001,80.337494
97.3166659999999,80.3388820000001
97.3574829999999,80.336929
97.4152680000001,80.323318
97.423599,80.3172150000001
97.4263760000001,80.3108060000001
97.4185940000001,80.30304
97.4030460000001,80.297211
97.3641510000001,80.2869260000001
97.158875,80.2335970000001
96.9955290000001,80.2260890000001
96.8435970000001,80.2255400000001
96.805252,80.224991
96.774704,80.222488
96.6519320000001,80.222763
96.3585970000001,80.216934
96.09082,80.212769
95.964157,80.2136080000001
95.9299770000001,80.212204
95.5646970000001,80.1924739999999
95.5119320000001,80.185806
95.5013890000001,80.1788640000001
95.4869230000001,80.17276
95.4383090000001,80.1652679999999
95.3780360000001,80.160263
95.073044,80.1363830000001
95.0310969999999,80.1363830000001
94.847488,80.1408230000001
94.8097080000001,80.1399840000001
94.7955319999999,80.133881
94.789429,80.1260829999999
94.775543,80.11998
94.715546,80.1149900000001
94.681656,80.1133120000001
94.6410980000001,80.1149900000001
94.6055450000001,80.1174770000001
94.486099,80.107208
94.4760890000001,80.1002660000001
94.462494,80.0941470000001
94.3910980000001,80.0733180000001
94.262497,80.0563660000001
94.181366,80.046936
94.1222080000001,80.041656
94.0038760000001,80.0313720000001
93.8255460000001,80.0072170000001
93.782486,79.9983220000001
93.753052,79.9958190000001
93.7197110000001,79.994141
93.6783140000001,79.994141
93.400543,80.020538
93.292206,80.0313720000001
93.139709,80.0677640000001
92.99054,80.1033170000001
92.964996,80.1069340000001
92.934143,80.1099850000001
92.872757,80.1158140000001
92.8113710000001,80.1216430000001
92.7599950000001,80.12886
92.6774750000001,80.13916
92.621094,80.1458279999999
92.517212,80.1516569999999
92.311096,80.157486
92.105255,80.1647030000001
92.082489,80.1660920000001
92.0616460000001,80.170258
92.0785980000001,80.1755370000001
92.099716,80.179977
92.1839750000001,80.190338
92.2530520000001,80.1949770000001
92.5908200000001,80.1813660000001
92.626923,80.179153
92.657761,80.1760860000001
92.73526,80.1652679999999
92.766098,80.162491
92.8022,80.160263
92.844147,80.160263
92.873871,80.162766
92.8869319999999,80.168869
92.881653,80.1755370000001
92.860809,80.1797030000001
92.7733150000001,80.1894230000001
92.742203,80.1922
92.7010959999999,80.193863
92.6599880000001,80.195251
92.6238710000001,80.197479
92.448318,80.209152
92.4172059999999,80.212204
92.334152,80.2222140000001
92.2558290000001,80.2330470000001
92.1072080000001,80.277481
92.106369,80.284714
92.136108,80.2874910000001
92.2660980000001,80.283875
92.359421,80.282211
92.401657,80.2824860000001
92.4699859999999,80.2861020000001
92.529709,80.291367
92.593597,80.295822
92.7299800000001,80.30304
92.819153,80.3022
92.9335940000001,80.296097
93.0061040000001,80.2916560000001
93.104706,80.2836
93.1358179999999,80.2805480000001
93.2549900000001,80.2680510000001
93.275543,80.2636110000001
93.305542,80.266388
93.3188780000001,80.2724910000001
93.3138730000001,80.27887
93.272491,80.301926
93.2466430000001,80.3055420000001
93.148041,80.313873
92.849716,80.320831
92.8113710000001,80.319992
92.718048,80.314423
92.6580350000001,80.3088680000001
92.555817,80.3035889999999
92.449142,80.2991490000001
92.4108120000001,80.2980350000001
92.2069400000001,80.295822
92.076935,80.299423
92.0344239999999,80.299423
91.958038,80.2974850000001
91.8135990000001,80.2916560000001
91.568604,80.2827610000001
91.540817,80.2830510000001
91.437759,80.302765
91.4213710000001,80.307755
91.420258,80.314987
91.474701,80.3388820000001
91.525543,80.3547060000001
91.657211,80.380539
91.7041630000001,80.388596
91.7472080000001,80.388596
91.7838750000001,80.386658
91.82666,80.386658
91.8652650000001,80.387772
92.0066530000001,80.39415
92.0727690000001,80.4019320000001
92.0838780000001,80.404984
92.1269230000001,80.404984
92.174149,80.40416
92.2108150000001,80.402206
92.3674770000001,80.393326
92.4408110000001,80.3888850000001
92.5141600000001,80.3844300000001
92.5560910000001,80.3830410000001
92.6033170000001,80.3822020000001
92.6238710000001,80.3849950000001
92.613037,80.390823
92.597214,80.3958280000001
92.5444340000001,80.4030460000001
92.5130460000001,80.405823
92.4341430000001,80.4097140000001
92.339981,80.4111020000001
92.124695,80.4177549999999
92.087769,80.4199830000001
92.061096,80.423599
91.964996,80.439148
91.900543,80.452209
91.889435,80.4577640000001
91.911102,80.4622040000001
92.3005370000001,80.506653
92.335266,80.508606
92.374146,80.5094300000001
92.412201,80.508881
92.506378,80.5058290000001
92.6613770000001,80.508041
92.7394260000001,80.50972
92.765549,80.513321
92.783325,80.5186
92.7933200000001,80.5341490000001
92.8169400000001,80.5788730000001
92.8113710000001,80.585266
92.77916,80.5952609999999
92.778595,80.6024780000001
92.809418,80.635269
92.828049,80.649155
92.9141540000001,80.6916500000001
93.0736540000001,80.7252660000001
93.2399750000001,80.768051
93.2583310000001,80.773315
93.272491,80.779434
93.3255460000001,80.805817
93.2952579999999,80.8049770000001
93.232483,80.7997129999999
93.1783140000001,80.792755
93.1555480000001,80.7885890000001
93.151382,80.7822110000001
93.151382,80.775269
93.1202550000001,80.772491
92.9111020000001,80.761108
92.658875,80.751389
92.5263820000001,80.751099
92.4938660000001,80.7538760000001
92.487488,80.7674870000001
92.4966430000001,80.774429
92.542206,80.791656
92.560257,80.7969360000001
92.636932,80.81694
92.6866460000001,80.8405460000001
92.6888660000001,80.8617480000001
92.6760860000001,80.877762
92.694138,80.882751
92.7485960000001,80.8899840000001
92.9138790000001,80.906647
92.945526,80.9094240000001
93.0219270000001,80.9119260000001
93.0580290000001,80.913879
93.1488800000001,80.9224850000001
93.1630400000001,80.9283140000001
93.1683200000001,80.936096
93.1616519999999,80.9480290000001
93.128586,80.9580380000001
93.0844270000001,80.9666600000001
93.068054,80.9716490000001
93.049988,80.9891510000001
93.0686040000001,80.994431
93.1510930000001,81.004715
93.468323,81.040268
93.6847080000001,81.052765
93.7211,81.0544280000001
93.8208310000001,81.052475
93.861923,81.0533139999999
93.898605,81.0549770000001
94.066376,81.062759
94.098877,81.065262
94.128586,81.0774840000001
94.167206,81.087494
94.1952510000001,81.0910950000001
94.3533170000001,81.1044310000001
94.390274,81.106094
94.4347080000001,81.1044310000001
94.5358120000001,81.103867
94.6424870000001,81.1097109999999
94.744705,81.1160890000001
94.8013760000001,81.1227570000001
94.825272,81.1271970000001
94.917206,81.1447140000001
94.976654,81.1599880000001
95.0516510000001,81.1813660000001
95.1385960000001,81.209152
95.1672060000001,81.2124939999999
95.200272,81.214996
95.296936,81.2136080000001
95.430817,81.2138820000001
95.51416,81.215271
95.5474850000001,81.2177580000001
95.5299840000001,81.2211
95.496933,81.224152
95.2836,81.2327580000001
95.140549,81.234146
95.095825,81.236099
95.062485,81.239151
95.034988,81.2427520000001
95.0574800000001,81.256378
95.073318,81.2624970000001
95.0933229999999,81.2674870000001
95.122208,81.270828
95.1930390000001,81.274704
95.452209,81.2863770000001
95.527481,81.289429
95.6530460000001,81.290543
95.6994170000001,81.290268
95.732758,81.287201
95.787766,81.2799840000001
95.830826,81.271103
95.948318,81.2433169999999
95.958603,81.217209
