"V1","V2"
-147.711945,60.3760990000001
-147.700836,60.375824
-147.692505,60.3783260000001
-147.685272,60.3816600000001
-147.651123,60.3919370000001
-147.623596,60.39138
-147.622498,60.3852690000001
-147.629425,60.3677670000001
-147.635559,60.3569409999999
-147.723602,60.2099910000001
-147.75528,60.1702730000001
-147.759735,60.165543
-147.770844,60.1644360000001
-147.784729,60.1644360000001
-147.794159,60.166664
-147.826111,60.182213
-147.909729,60.234718
-147.898346,60.2836070000001
-147.875824,60.3322140000001
-147.856659,60.3716580000001
-147.81778,60.4316640000001
-147.782776,60.4766540000001
-147.776947,60.48082
-147.703888,60.5113830000001
-147.694153,60.509438
-147.628326,60.4755480000001
-147.624695,60.470543
-147.613617,60.4322130000001
-147.618042,60.4274900000001
-147.625275,60.4241640000001
-147.633636,60.422493
-147.690002,60.411102
-147.727203,60.3952710000001
-147.734436,60.3919370000001
-147.729156,60.3877720000001
-147.711945,60.3760990000001
