"V1","V2"
123.767761,-2.04750000000001
123.763046,-2.04972199999992
123.75943,-2.046111
123.758881,-2.04000000000002
123.758331,-2.02027799999996
123.760818,-2.00944500000003
123.763611,-2.00527799999992
123.767761,-2.00249999999994
123.777481,-1.99833299999995
123.781372,-2.00111199999992
123.784149,-2.00527799999992
123.784988,-2.01138900000001
123.782761,-2.023056
123.781372,-2.02833299999998
123.780037,-2.03051900000003
123.779984,-2.03250000000003
123.774696,-2.04083300000002
123.767761,-2.04750000000001
