"V1","V2"
92.492752,10.5183320000001
92.461105,10.514999
92.370819,10.536665
92.365265,10.538054
92.361099,10.5408330000001
92.3574830000001,10.5444429999999
92.346649,10.694164
92.346939,10.7147200000001
92.352768,10.776943
92.3555450000001,10.7877770000001
92.358322,10.791943
92.4358060000001,10.863609
92.466934,10.8880540000001
92.4949800000001,10.9011100000001
92.501099,10.900555
92.5222170000001,10.879719
92.5285950000001,10.8722190000001
92.530548,10.86722
92.5604710000001,10.7769699999999
92.5749970000001,10.7124980000001
92.576935,10.7008299999999
92.576385,10.687777
92.5372009999999,10.578331
92.534988,10.573332
92.5133210000001,10.539721
92.5074920000001,10.5313870000001
92.497757,10.5205540000001
92.492752,10.5183320000001
