"V1","V2"
-133.31778,56.9938810000001
-133.296967,56.993607
-133.296967,56.9994350000001
-133.29361,57.0038830000001
-133.167236,57.0016630000001
-133.088593,56.9955440000001
-133.076385,56.9938810000001
-133.070282,56.98999
-133.051666,56.977486
-132.976379,56.9288790000001
-132.969147,56.9199910000001
-132.927795,56.8602750000001
-132.923615,56.844994
-132.926941,56.840546
-132.945557,56.742767
-132.924713,56.6599880000001
-132.925018,56.6433260000001
-132.931396,56.62999
-132.936401,56.624992
-132.94223,56.620827
-132.970001,56.6086040000001
-133.001953,56.6005480000001
-133.011414,56.5997160000001
-133.021942,56.6019360000001
-133.123322,56.6644360000001
-133.12915,56.668327
-133.1875,56.7166600000001
-133.203613,56.7508320000001
-133.211395,56.774994
-133.221924,56.7886050000001
-133.238892,56.8044360000001
-133.246368,56.8074950000001
-133.342499,56.839432
-133.351929,56.8385999999999
-133.351929,56.8330540000001
-133.332489,56.7619400000001
-133.305573,56.7313770000001
-133.186401,56.6374970000001
-133.114166,56.621658
-133.097504,56.615829
-133.093048,56.611664
-133.088043,56.554436
-133.085266,56.544159
-133.082489,56.533882
-133.081116,56.528603
-133.08194,56.5238800000001
-133.126373,56.4758220000001
-133.131378,56.470825
-133.141968,56.461937
-133.148621,56.458603
-133.16391,56.4536060000001
-133.181396,56.451385
-133.192505,56.4522170000001
-133.304993,56.4716570000001
-133.426941,56.47332
-133.467224,56.4522170000001
-133.501404,56.436653
-133.508911,56.434158
-133.575562,56.4336010000001
-133.632477,56.4372100000001
-133.643066,56.4394300000001
-133.647522,56.4436039999999
-133.656403,56.457497
-133.659454,56.467766
-133.662231,56.5230480000001
-133.63501,56.5938800000001
-133.63501,56.5997160000001
-133.661957,56.6358260000001
-133.66806,56.639435
-133.677216,56.6419369999999
-133.69223,56.648331
-133.695282,56.653046
-133.70694,56.6777730000001
-133.70694,56.6891560000001
-133.691681,56.750275
-133.681946,56.7941589999999
-133.69696,56.8319400000001
-133.70166,56.8272170000001
-133.731934,56.809433
-133.738586,56.806099
-133.756409,56.803604
-133.862213,56.8622130000001
-133.868317,56.8658290000001
-133.873047,56.8699870000001
-133.8797,56.878044
-133.888916,56.8919370000001
-133.890564,56.8969420000001
-133.886414,56.9027710000001
-133.876923,56.903603
-133.868866,56.901932
-133.862946,56.898491
-133.837219,56.883606
-133.828064,56.880821
-133.811676,56.877213
-133.801117,56.8749920000001
-133.748596,56.8741610000001
-133.736115,56.8930510000001
-133.741089,56.8958279999999
-133.751953,56.8980480000001
-133.885559,56.9505460000001
-134.018066,57.0147170000001
-134.012512,57.0469440000001
-134.011139,57.053047
-134.007782,57.057495
-134.001129,57.0608220000001
-133.908051,57.080276
-133.842773,57.081108
-133.761139,57.0694430000001
-133.6297,57.05027
-133.5,57.0283280000001
-133.438324,57.0133290000001
-133.31778,56.9938810000001
