"V1","V2"
126.71138,3.79805499999998
126.705261,3.79444399999994
126.696373,3.79722199999998
126.684418,3.81444400000009
126.611366,3.97499899999997
126.61026,3.97861100000006
126.601089,4.03388799999993
126.602478,4.03861000000001
126.608032,4.04111000000012
126.615807,4.0397210000001
126.621918,4.03666600000014
126.642761,4.02055500000006
126.721367,3.91611100000011
126.723602,3.91166600000003
126.726089,3.90472199999999
126.726646,3.88555500000001
126.714432,3.80194400000005
126.71138,3.79805499999998
