"V1","V2"
-73.597504,-42.618057
-73.609726,-42.645004
-73.620285,-42.64167
-73.624725,-42.63945
-73.640564,-42.6302799999999
-73.6533359999999,-42.6252819999999
-73.6616669999999,-42.6241679999999
-73.6689,-42.623894
-73.6833339999999,-42.626396
-73.710281,-42.633339
-73.717789,-42.634171
-73.72612,-42.633057
-73.738892,-42.628334
-73.743896,-42.6252819999999
-73.7483369999999,-42.621391
-73.751404,-42.617226
-73.753067,-42.6116709999999
-73.750565,-42.6061169999999
-73.742233,-42.598335
-73.732224,-42.592224
-73.626404,-42.571114
-73.6188959999999,-42.570282
-73.612503,-42.572784
-73.6005709999999,-42.5841669999999
-73.59584,-42.59417
-73.5944519999999,-42.605835
-73.597504,-42.618057
