"V1","V2"
167.855804,54.6813810000001
167.950531,54.612495
168.111359,54.5136110000001
168.116913,54.5077740000001
168.110779,54.5022200000001
168.083862,54.498878
168.073578,54.5013890000001
168.064148,54.504997
168.055542,54.509995
167.970245,54.5613780000001
167.938019,54.584435
167.897217,54.612495
167.832733,54.641937
167.823303,54.645546
167.81192,54.646942
167.799988,54.646942
167.777191,54.649437
167.746063,54.656654
167.736359,54.6605450000001
167.546356,54.7591630000001
167.457458,54.806656
167.44165,54.818604
167.435242,54.827217
167.431366,54.834991
167.431366,54.8422160000001
167.432983,54.863075
167.443573,54.865273
167.456635,54.866386
167.499115,54.860825
167.509705,54.85833
167.52887,54.8511050000001
167.564972,54.832771
167.5672,54.825272
167.564972,54.8188860000001
167.646088,54.788605
167.733582,54.756943
167.855804,54.6813810000001
