"V1","V2"
123.088593,-4.00888899999995
123.10582,-4.01222199999995
123.112762,-4.01222199999995
123.123596,-4.00944499999997
123.142212,-4.0005559999999
123.174423,-3.99166700000001
123.194977,-3.99166700000001
123.205261,-3.995
123.212769,-4.00138999999996
123.236649,-4.03194400000001
123.24498,-4.044444
123.253883,-4.06277799999992
123.256653,-4.07361099999991
123.258041,-4.09277799999995
123.25444,-4.11000000000001
123.252487,-4.11472199999997
123.24971,-4.11888899999997
123.164146,-4.23166699999996
123.157761,-4.23916599999995
123.15387,-4.24166699999995
123.148331,-4.24305500000003
123.141373,-4.24305500000003
123.079163,-4.23972199999997
123.06749,-4.23777799999999
123.033051,-4.20361099999997
123.01944,-4.19
123.013321,-4.1825
122.96666,-4.11888899999997
122.963882,-4.11472199999997
122.957764,-4.100278
122.954987,-4.08944399999996
122.952209,-4.05111099999988
122.954987,-4.04305599999998
123.001099,-3.99305500000003
123.007767,-3.98611099999994
123.011932,-3.98333300000002
123.026932,-3.97805499999987
123.039978,-3.97722199999987
123.046097,-3.97861999999998
123.079163,-4.00472299999996
123.088593,-4.00888899999995
