"V1","V2"
-113.997498,72.7994230000001
-114.011124,72.796646
-114.068069,72.795822
-114.151672,72.798035
-114.208618,72.7969360000001
-114.224167,72.7949830000001
-114.235817,72.791656
-114.351387,72.747482
-114.357498,72.7413640000001
-114.356377,72.735809
-114.334442,72.693588
-114.327789,72.688873
-114.365829,72.6627660000001
-114.451683,72.623032
-114.465012,72.6202550000001
-114.495537,72.6163790000001
-114.531387,72.61499
-114.576683,72.609146
-114.589996,72.6063689999999
-114.604721,72.6016540000001
-114.558327,72.560806
-114.426666,72.556091
-114.385277,72.555252
-114.351387,72.5574799999999
-114.339996,72.560806
-114.330292,72.5652620000001
-114.325844,72.5719300000001
-114.128052,72.6260830000001
-114.103058,72.6322020000001
-114.062767,72.640274
-113.99028,72.651382
-113.910278,72.659149
-113.893066,72.660263
-113.883331,72.6574860000001
-113.890465,72.648048
-113.892227,72.640823
-113.880547,72.6372070000001
-113.858047,72.6358179999999
-113.806664,72.6391600000001
-113.762222,72.646103
-113.708344,72.6569370000001
-113.671387,72.6666560000001
-113.612778,72.6838680000001
-113.587509,72.689972
-113.546661,72.6980290000001
-113.516113,72.701935
-113.506119,72.699142
-113.520844,72.688034
-113.550552,72.675262
-113.57251,72.6674800000001
-113.619453,72.653595
-113.642776,72.646652
-113.687767,72.631927
-113.709442,72.624146
-113.729172,72.6155400000001
-113.730827,72.6094210000001
-113.721939,72.6055449999999
-113.699722,72.604156
-113.684433,72.6060940000001
-113.657501,72.611374
-113.4664,72.665268
-113.442757,72.672211
-113.436394,72.67804
-113.431671,72.684708
-113.410004,72.729431
-113.41333,72.7347110000001
-113.419724,72.7391509999999
-113.431381,72.742752
-113.448608,72.74498
-113.535278,72.7488710000001
-113.580292,72.7516630000001
-113.597504,72.7541660000001
-113.606377,72.7583310000001
-113.608047,72.76944
-113.598892,72.7827609999999
-113.582497,72.793045
-113.386948,72.907486
-113.33139,72.9352570000001
-113.30278,72.9488680000001
-113.268623,72.960266
-113.148621,72.9947050000001
-113.062767,73.0074920000001
-113.028061,73.00943
-113.006958,73.0088810000001
-112.823059,72.998871
-112.811394,72.9952550000001
-112.794724,72.9822080000001
-112.785828,72.978317
-112.771393,72.975266
-112.754181,72.972763
-112.708618,72.9697110000001
-112.643623,72.966934
-112.60083,72.963608
-112.563606,72.9591520000001
-112.515007,72.951096
-112.5,72.9479220000001
-112.471657,72.941925
-112.445831,72.9352570000001
-112.413887,72.9241490000001
-112.387787,72.911102
-112.376389,72.907761
-112.361938,72.9047090000001
-112.344727,72.9022059999999
-112.279449,72.896942
-112.237778,72.895538
-112.141953,72.896378
-112.098343,72.89415
-112.061661,72.889435
-111.947769,72.8705290000001
-111.783333,72.834717
-111.675827,72.814697
-111.65889,72.8119200000001
-111.594162,72.8066410000001
-111.540558,72.7994230000001
-111.526398,72.796371
-111.236938,72.7263790000001
-111.22583,72.7227630000001
-111.220001,72.7183230000001
-111.202499,72.670532
-111.205276,72.664429
-111.262787,72.5791630000001
-111.276947,72.5674900000001
-111.452217,72.477768
-111.527786,72.4499970000001
-111.651108,72.4088750000001
-111.675003,72.402206
-111.736107,72.3952640000001
-111.769997,72.3936000000001
-111.785278,72.391937
-111.81221,72.386658
-111.859734,72.373306
-111.890289,72.3605350000001
-111.898903,72.355545
-111.905563,72.349716
-111.901672,72.3461
-111.862503,72.3305510000001
-111.851387,72.326935
-111.663887,72.276382
-111.504463,72.31192
-111.444992,72.3288730000001
-111.424438,72.337204
-111.419159,72.343872
-111.43306,72.3469390000001
-111.451401,72.3469390000001
-111.487213,72.3366550000001
-111.519447,72.3341520000001
-111.561661,72.3366550000001
-111.578056,72.3391569999999
-111.589172,72.342758
-111.605827,72.350815
-111.611656,72.361099
-111.609444,72.3672030000001
-111.588333,72.3763730000001
-111.374443,72.44664
-111.350281,72.453323
-111.309433,72.4608150000001
-111.293877,72.4627689999999
-111.265839,72.465546
-111.248894,72.466385
-111.228607,72.465546
-111.202499,72.460266
-111.213333,72.44693
-111.232773,72.4369200000001
-111.245003,72.4335940000001
-111.272232,72.428589
-111.301392,72.40416
-111.277496,72.3699799999999
-111.112778,72.3352660000001
-111.095284,72.3797
-111.091377,72.4019320000001
-111.004463,72.465271
-110.869164,72.4733120000001
-110.824448,72.4791560000001
-110.803047,72.4852599999999
-110.825012,72.5038759999999
-110.833328,72.51915
-110.827789,72.525818
-110.738052,72.565536
-110.727493,72.5697169999999
-110.715286,72.573044
-110.701401,72.5755460000001
-110.680832,72.574707
-110.666107,72.573044
-110.535278,72.5466460000001
-110.526398,72.526932
-110.575012,72.5138850000001
-110.594452,72.5047150000001
-110.601669,72.4988710000001
-110.601936,72.4933170000001
-110.593613,72.489151
-110.55249,72.4738770000001
-110.530838,72.46666
-110.350563,72.4280400000001
-110.328613,72.4260860000001
-110.309998,72.4260860000001
-110.303879,72.4305420000001
-110.311943,72.4347080000001
-110.410278,72.4622040000001
-110.503342,72.4849850000001
-110.514183,72.488586
-110.522507,72.4927520000001
-110.527786,72.4974820000001
-110.530563,72.502487
-110.523331,72.508331
-110.396393,72.5522000000001
-110.384171,72.555542
-110.36528,72.555542
-110.343338,72.5538640000001
-110.323898,72.5516509999999
-110.313049,72.54776
-110.220284,72.5138850000001
-110.201401,72.5058290000001
-110.155273,72.4802700000001
-110.061394,72.4374849999999
-110.050552,72.433868
-110.039993,72.4380340000001
-110.021942,72.4477540000001
-109.998894,72.4552610000001
-109.971123,72.460266
-109.952499,72.4599910000001
-109.919724,72.454712
-109.813889,72.428314
-109.796661,72.4269260000001
-109.782784,72.4294280000001
-109.778061,72.4347080000001
-109.785828,72.4388730000001
-109.805832,72.445526
-109.830292,72.452209
-110.042503,72.5047150000001
-110.223053,72.5458220000001
-110.236656,72.5488740000001
-110.247772,72.5527650000001
-110.255836,72.556931
-110.252792,72.5630340000001
-110.242218,72.56694
-110.221657,72.566086
-110.120827,72.560257
-110.104172,72.557755
-110.090561,72.554428
-110.068893,72.5469360000001
-110.038887,72.5355380000001
-110.022781,72.5272060000001
-110.003616,72.51944
-109.971123,72.508331
-109.904999,72.4871980000001
-109.888611,72.484711
-109.809433,72.4916530000001
-109.795273,72.4941410000001
-109.784729,72.4983220000001
-109.782784,72.503052
-109.942757,72.604156
-109.958893,72.6127620000001
-110.093063,72.6563720000001
-110.113327,72.657211
-110.171112,72.648331
-110.186661,72.646652
-110.221123,72.6452640000001
-110.241669,72.646103
-110.255569,72.6494290000001
-110.266663,72.653046
-110.283073,72.6613770000001
-110.28833,72.666092
-110.291107,72.671097
-110.209732,72.7177580000001
-110.200562,72.7227630000001
-110.188316,72.7260890000001
-110.170837,72.726929
-110.078079,72.727066
-110.041672,72.7224880000001
-110.030563,72.718597
-109.998047,72.701935
-109.986938,72.698318
-109.852219,72.6658170000001
-109.832779,72.6633150000001
-109.81723,72.664993
-109.770844,72.7163850000001
-109.770279,72.7222140000001
-109.781387,72.725815
-109.800827,72.7280430000001
-109.819733,72.7280430000001
-110.031113,72.747757
-110.178879,72.76915
-110.171387,72.774994
-110.168327,72.7810970000001
-110.170837,72.786102
-110.176392,72.790817
-110.21167,72.8183289999999
-110.24527,72.823608
-110.326401,72.826385
-110.366386,72.827209
-110.476669,72.8349909999999
-110.493607,72.837769
-110.535553,72.847214
-110.546661,72.8508150000001
-110.563316,72.859146
-110.742767,72.9572140000001
-110.753891,72.9663850000001
-110.756668,72.971375
-110.753891,72.9777680000001
-110.748047,72.9844210000001
-110.740829,72.9899750000001
-110.731667,72.9949800000001
-110.708344,73.002487
-110.694153,73.00499
-110.678329,73.0066530000001
-110.618607,73.0113830000001
-110.511398,73.015274
-110.432503,73.0144350000001
-110.390839,73.0124969999999
-110.166107,72.9960940000001
-110.051102,72.9847110000001
-109.918877,72.968048
-109.659439,72.924988
-109.634453,72.9180450000001
-109.618057,72.9094240000001
-109.618607,72.9038699999999
-109.62944,72.8997190000001
-109.661118,72.8966520000001
-109.694717,72.8944400000001
-109.724716,72.890549
-109.738892,72.888046
-109.75,72.883881
-109.75473,72.878586
-109.746658,72.87442
-109.658623,72.844711
-109.379707,72.7705380000001
-109.227783,72.7616580000001
-109.051102,72.6802670000001
-109.029999,72.647217
-109.049156,72.604156
-109.045547,72.5724950000001
-109.043327,72.5674900000001
-109.02861,72.565536
-108.882492,72.5644230000001
-108.86528,72.5649870000001
-108.851097,72.5674900000001
-108.841949,72.5724950000001
-108.819168,72.5910950000001
-108.722778,72.5827639999999
-108.703613,72.5802760000001
-108.676666,72.573883
-108.64473,72.562485
-108.621384,72.549988
-108.616386,72.545258
-108.588058,72.5055540000001
-108.589447,72.4944310000001
-108.59639,72.482208
-108.602783,72.47554
-108.61055,72.4699860000001
-108.62471,72.4574890000001
-108.637222,72.444427
-108.644997,72.426651
-108.650558,72.4035950000001
-108.66362,72.362762
-108.662781,72.346375
-108.65834,72.336105
-108.52417,72.199707
-108.455002,72.1572110000001
-108.444153,72.161102
-108.428329,72.1583250000001
-108.41806,72.154434
-108.404449,72.1469419999999
-108.402222,72.1416630000001
-108.398903,72.1136020000001
-108.39473,72.0427550000001
-108.395279,72.0369260000001
-108.396118,72.0313720000001
-108.316391,71.9841460000001
-108.204178,71.9638820000001
-108.191383,71.9605410000001
-108.186661,71.9558260000001
-108.18277,71.9455259999999
-108.189713,71.933319
-108.196114,71.926926
-108.233612,71.8997190000001
-108.286392,71.8608090000001
-108.282784,71.792206
-108.280838,71.786926
-108.242767,71.718597
-108.238052,71.713882
-108.230827,71.7094269999999
-108.220551,71.7058260000001
-108.207779,71.7024840000001
-108.19249,71.699707
-108.17749,71.7010960000001
-108.141113,71.7105410000001
-108.130547,71.714432
-108.103333,71.7191470000001
-108.086937,71.719711
-108.066101,71.7177580000001
-108.036392,71.7058260000001
-108.021942,71.697205
-107.988052,71.6755370000001
-107.976097,71.666382
-107.966949,71.656937
-107.967773,71.6513820000001
-107.915833,71.624985
-107.845284,71.6038670000001
-107.828888,71.604431
-107.753342,71.61026
-107.741096,71.6133120000001
-107.731949,71.618042
-107.724167,71.623871
-107.726097,71.62915
-107.740547,71.6374969999999
-107.75029,71.641373
-107.775833,71.648041
-107.824722,71.67276
-107.831947,71.676926
-107.836403,71.6816560000001
-107.838333,71.68692
-107.837509,71.6924740000001
-107.823059,71.7169340000001
-107.815277,71.7227630000001
-107.804443,71.726654
-107.789436,71.728043
-107.751953,71.726654
-107.736656,71.7236020000001
-107.63028,71.732208
-107.49472,71.786377
-107.451683,71.8574830000001
-107.363617,71.871918
-107.345551,71.871643
-107.296951,71.8741459999999
-107.283333,71.876373
-107.270844,71.879425
-107.261398,71.8841550000001
-107.253342,71.889709
-107.252502,71.895538
-107.256958,71.9002690000001
-107.264183,71.9044340000001
-107.41806,71.9538730000001
-107.59639,72.00444
-107.613892,72.012497
-107.625816,72.021652
-107.63028,72.0263820000001
-107.651398,72.0610960000001
-107.653343,72.066376
-107.649437,72.072495
-107.639999,72.077209
-107.626099,72.0794370000001
-107.613892,72.0827640000001
-107.610001,72.0885930000001
-107.611938,72.093872
-107.635277,72.1219179999999
-107.681381,72.136108
-107.699997,72.138596
-107.729446,72.137207
-107.743332,72.1349949999999
-107.760277,72.1344300000001
-107.778877,72.1366580000001
-107.780838,72.141937
-107.787216,72.1847080000001
-107.778061,72.208038
-107.843887,72.354156
-107.877487,72.4244230000001
-107.886398,72.519714
-107.876938,72.524429
-107.871658,72.5297090000001
-107.876663,72.567215
-107.880547,72.5774840000001
-107.885559,72.586655
-107.915558,72.5972140000001
-107.928879,72.6005400000001
-107.990829,72.612488
-108.004181,72.615814
-108.011948,72.6199800000001
-108.025284,72.666092
-108.026398,72.676926
-108.026672,72.719986
-108.051102,72.7813720000001
-108.058037,72.791092
-108.111938,72.8908230000001
-108.151947,72.9711000000001
-108.165283,73.010818
-108.263634,73.0919340000001
-108.29361,73.120255
-108.299988,73.1355440000001
-108.295547,73.1474910000001
-108.291946,73.1535950000001
-108.285278,73.159988
-108.268623,73.171371
-108.230293,73.187485
-108.181107,73.2016600000001
-108.166397,73.203873
-108.133904,73.2069400000001
-108.115829,73.2074890000001
-108.073898,73.2052610000001
-108.023903,73.2010960000001
-107.934433,73.187485
-107.914719,73.184982
-107.89389,73.183868
-107.874161,73.1835940000001
-107.864166,73.1885830000001
-107.872223,73.1927489999999
-107.904716,73.2041630000001
-107.946114,73.2141570000001
-108.010277,73.226089
-108.051666,73.2360989999999
-108.084442,73.2474820000001
-108.116386,73.264435
-108.15361,73.3024750000001
-108.084442,73.349991
-108.071404,73.3533170000001
-108.053329,73.3538670000001
-107.991096,73.3513790000001
-107.94722,73.3483280000001
-107.771393,73.323883
-107.675003,73.323318
-107.631104,73.319992
-107.614441,73.3172150000001
-107.403343,73.270538
-107.335831,73.248032
-107.25,73.217484
-107.210281,73.2016600000001
-107.188889,73.1941380000001
-107.172234,73.191086
-107.105827,73.179428
-107.069733,73.173874
-107.050278,73.173599
-107.036942,73.1766510000001
-107.025284,73.180542
-107.016663,73.186096
-107.010834,73.1913600000001
-107.020279,73.2008210000001
-107.05249,73.2124939999999
-107.090286,73.223038
-107.110817,73.2313690000001
-107.118607,73.235535
-107.123611,73.240265
-107.119453,73.2463680000001
-107.030289,73.295532
-107.018623,73.299423
-106.882492,73.312195
-106.861389,73.310806
-106.761398,73.2930450000001
-106.750839,73.289154
-106.746109,73.2844239999999
-106.741096,73.268875
-106.727219,73.2547150000001
-106.696663,73.2374880000001
-106.664719,73.226089
-106.651108,73.2224879999999
-106.634743,73.2197110000001
-106.603058,73.21666
-106.58223,73.215271
-106.398621,73.1491550000001
-106.24028,73.0858150000001
-106.063889,73.04776
-106.047501,73.044708
-106.028343,73.0444340000001
-105.948883,73.0533139999999
-105.910278,73.0588680000001
-105.876389,73.058319
-105.85556,73.0569310000001
-105.842216,73.053589
-105.831947,73.0497130000001
-105.824722,73.045258
-105.821953,73.0349879999999
-105.823334,73.029434
-105.832497,73.017212
-105.829727,73.006943
-105.822243,73.002487
-105.804718,72.9944310000001
-105.794449,72.9902650000001
-105.760834,72.9769290000001
-105.737503,72.969437
-105.697769,72.9591520000001
-105.678596,72.956375
-105.629173,72.9399720000001
-105.56221,72.91304
-105.445831,72.8383180000001
-105.326111,72.7463680000001
-105.321953,72.741653
-105.320557,72.7366490000001
-105.325287,72.7305450000001
-105.336937,72.726654
-105.35611,72.7272030000001
-105.377777,72.729431
-105.397781,72.737198
-105.411942,72.7458190000001
-105.419159,72.750275
-105.42749,72.7597200000001
-105.434723,72.7641600000001
-105.464722,72.7758180000001
-105.477783,72.779434
-105.498337,72.780823
-105.51001,72.7769320000001
-105.45723,72.702774
-105.44722,72.6988680000001
-105.382492,72.681366
-105.356659,72.674423
-105.294724,72.631927
-105.23111,72.5433200000001
-105.195831,72.4824830000001
-105.199722,72.4605410000001
-105.201401,72.454712
-105.206123,72.4488680000001
-105.217773,72.4449770000001
-105.231949,72.4472050000001
-105.261673,72.458878
-105.277222,72.4622040000001
-105.29306,72.4608150000001
-105.301941,72.4552610000001
-105.297783,72.4505460000001
-105.241379,72.3997189999999
-105.230293,72.3905490000001
-105.21666,72.3819270000001
-105.189987,72.3697050000001
-105.160553,72.357758
-105.139999,72.3447110000001
-105.044159,72.248032
-105.036392,72.2385860000001
-105.033623,72.2347110000001
-105.024437,72.2199860000001
-104.991669,72.203323
-104.957497,72.1813660000001
-104.955276,72.1710970000001
-104.95723,72.1655430000001
-104.96167,72.1594240000001
-104.969162,72.1530460000001
-104.978058,72.1474910000001
-104.988052,72.142761
-104.999733,72.1388850000001
-105.029999,72.124695
-105.037514,72.1183170000001
-105.036392,72.113037
-105.018623,72.0669399999999
-104.929443,72.034149
-104.871933,71.9899750000001
-104.829178,71.937195
-104.824448,71.9274750000001
-104.820282,71.9066470000001
-104.825562,71.889709
-104.82251,71.8741459999999
-104.818619,71.8691410000001
-104.789993,71.84137
-104.783333,71.8369290000001
-104.771118,71.8336030000001
-104.700562,71.829987
-104.685547,71.8269350000001
-104.673317,71.823318
-104.660004,71.8144230000001
-104.534729,71.719711
-104.376389,71.598038
-104.366386,71.5888820000001
-104.35527,71.574432
-104.359161,71.563309
-104.363617,71.557205
-104.375816,71.544708
-104.383331,71.538315
-104.401672,71.514435
-104.40361,71.508606
-104.401947,71.4983220000001
-104.344162,71.410812
-104.333328,71.3963780000001
-104.357224,71.357483
-104.371658,71.360809
-104.389183,71.363602
-104.408051,71.3649900000001
-104.438049,71.362762
-104.450562,71.3597110000001
-104.46167,71.3558200000001
-104.47139,71.3510890000001
-104.488602,71.339981
-104.493332,71.3341520000001
-104.496948,71.3227690000001
-104.495003,71.3124850000001
-104.491379,71.3074800000001
-104.462509,71.281097
-104.449722,71.272217
-104.438889,71.2577670000001
-104.439713,71.246933
-104.440552,71.236099
-104.444443,71.224991
-104.448883,71.2188720000001
-104.470551,71.199707
-104.496109,71.1830440000001
-104.525558,71.168869
-104.556107,71.1555480000001
-104.578056,71.1480410000001
-104.590561,71.145264
-104.623611,71.133606
-104.648621,71.1191410000001
-104.604721,71.079712
-104.585831,71.0666660000001
-104.570282,71.058319
-104.536667,71.0441440000001
-104.489166,71.024704
-104.456673,71.013611
-104.337784,70.9797060000001
-104.238052,70.9649960000001
-104.223892,70.961929
-104.122772,70.9147030000001
-104.116653,70.9102629999999
-104.099991,70.891373
-104.076401,70.8630370000001
-104.05278,70.8344270000001
-104.045837,70.824997
-104.04277,70.804153
-104.028877,70.7849880000001
-104.015839,70.7708279999999
-104.00029,70.757217
-103.994164,70.752777
-103.985283,70.7488710000001
-103.97139,70.7455290000001
-103.954727,70.7427520000001
-103.940277,70.7416530000001
-103.924438,70.7419280000001
-103.806107,70.723038
-103.73111,70.6916499999999
-103.640839,70.646652
-103.634171,70.637207
-103.62471,70.628036
-103.598892,70.6158140000001
-103.556381,70.600815
-103.523331,70.593048
-103.506958,70.5902710000001
-103.49028,70.587494
-103.473053,70.586929
-103.44194,70.587204
-103.398354,70.5905460000001
-103.342773,70.5966490000001
-103.327217,70.5966490000001
-103.309158,70.595261
-103.265007,70.581665
-103.239441,70.569443
-103.204727,70.5480350000001
-103.149727,70.513885
-103.132767,70.5058290000001
-103.121658,70.5019380000001
-103.095551,70.498032
-103.011948,70.492203
-102.976936,70.489975
-102.960564,70.489151
-102.930557,70.4905400000001
-102.920273,70.4949800000001
-102.914436,70.5000000000001
-102.915009,70.5052640000001
-102.918327,70.5102689999999
-102.923889,70.514435
-102.932503,70.5186
-102.95723,70.525543
-102.975281,70.527206
-103.030289,70.5349880000001
-103.055267,70.5419310000001
-103.099731,70.5566410000001
-103.108337,70.5605319999999
-103.126099,70.5738830000001
-103.139999,70.6094210000001
-103.155563,70.654984
-103.156113,70.659988
-103.153877,70.665817
-103.14917,70.671646
-103.136673,70.6744230000001
-103.121109,70.6746980000001
-103.104172,70.673874
-103.085831,70.672485
-103.066673,70.6699830000001
-103.025009,70.660263
-103.002502,70.6527710000001
-102.856659,70.597763
-102.848343,70.593872
-102.845284,70.5888820000001
-102.838333,70.5741580000001
-102.835831,70.5480350000001
-102.744453,70.4947050000001
-102.615013,70.460541
-102.601387,70.4572140000001
-102.520279,70.4383090000001
-102.457497,70.4263760000001
-102.408623,70.41748
-102.333328,70.397766
-102.281387,70.3841550000001
-102.117493,70.339432
-101.996109,70.2872010000001
-101.979721,70.27916
-101.925552,70.260544
-101.893341,70.25444
-101.876663,70.2536010000001
-101.861389,70.253876
-101.849167,70.2566530000001
-101.838058,70.260269
-101.828056,70.264709
-101.821953,70.2697140000001
-101.81723,70.2810970000001
-101.817497,70.2861020000001
-101.809723,70.29776
-101.799728,70.3022
-101.714722,70.3088680000001
-101.698036,70.308029
-101.681953,70.3049770000001
-101.599442,70.2758180000001
-101.588608,70.2719270000001
-101.580292,70.2677610000001
-101.580292,70.262772
-101.585564,70.2566530000001
-101.60556,70.247757
-101.634171,70.2330470000001
-101.643066,70.2277680000001
-101.650833,70.221375
-101.650558,70.210815
-101.642227,70.1963650000001
-101.622498,70.162491
-101.614166,70.153046
-101.559998,70.1136020000001
-101.551941,70.109421
-101.539719,70.1069340000001
-101.526672,70.108597
-101.397232,70.139435
-101.392227,70.150543
-101.375816,70.1777650000001
-101.358047,70.1760860000001
-101.286667,70.152481
-101.265289,70.144989
-101.257233,70.1408230000001
-101.251953,70.1363830000001
-101.238892,70.133041
-101.222229,70.131927
-101.144997,70.1552580000001
-101.13501,70.159714
-101.127213,70.1660920000001
-101.121933,70.1719210000001
-101.116653,70.1830440000001
-101.121933,70.192749
-101.111938,70.1972050000001
-101.095551,70.1963650000001
-101.039719,70.1830440000001
-100.999733,70.1727600000001
-100.983887,70.1647030000001
-100.973328,70.1555480000001
-100.973328,70.1452640000001
-100.976097,70.13443
-100.960281,70.0530400000001
-100.921944,69.9652710000001
-100.886948,69.884155
-100.870003,69.8144230000001
-100.870003,69.788315
-100.878052,69.7716520000001
-100.899986,69.753876
-100.925552,69.7211
-100.920273,69.7113800000001
-100.920273,69.7010960000001
-100.928329,69.684143
-100.938599,69.672485
-100.947487,69.666931
-100.95723,69.662491
-100.969162,69.6597140000001
-101.064438,69.648605
-101.283623,69.6638790000001
-101.31778,69.6674800000001
-101.329727,69.6699830000001
-101.340286,69.678864
-101.438316,69.769714
-101.454727,69.7988740000001
-101.468063,69.8230440000001
-101.473328,69.832764
-101.468613,69.8388820000001
-101.458618,69.843323
-101.439987,69.853317
-101.434723,69.8591460000001
-101.416107,69.8869320000001
-101.41861,69.891937
-101.429443,69.906097
-101.445267,69.909149
-101.45639,69.9055480000001
-101.468887,69.8930510000001
-101.479172,69.8813629999999
-101.51973,69.8283230000001
-101.539993,69.799423
-101.547501,69.7877660000001
-101.559723,69.764999
-101.56221,69.754166
-101.561943,69.7491460000001
-101.564438,69.7433170000001
-101.569458,69.7374880000001
-101.607773,69.7058259999999
-101.652496,69.6827550000001
-101.69194,69.6802670000001
-101.69722,69.6847080000001
-101.758057,69.7177580000001
-101.766113,69.721924
-101.779167,69.7252660000001
-101.856377,69.7430420000001
-101.870003,69.7441410000001
-101.887222,69.733322
-101.89917,69.7305450000001
-101.914169,69.7305450000001
-101.929993,69.733597
-101.940552,69.7371980000001
-101.948608,69.741364
-101.962784,69.753052
-102.023064,69.817764
-102.065552,69.8505400000001
-102.206673,69.9130400000001
-102.217499,69.916931
-102.230293,69.917206
-102.240829,69.9133150000001
-102.375816,69.8094180000001
-102.510277,69.758041
-102.576401,69.7374880000001
-102.592499,69.7383120000001
-102.605827,69.7416530000001
-102.616386,69.745255
-102.648903,69.7616580000001
-102.659729,69.765274
-102.673317,69.7663880000001
-102.680557,69.759995
-102.674438,69.7502750000001
-102.658051,69.736923
-102.600281,69.698029
-102.592216,69.6938629999999
-102.576401,69.691086
-102.559433,69.6894230000001
-102.531387,69.6913600000001
-102.520844,69.695251
-102.509171,69.698029
-102.491943,69.696365
-102.483612,69.6922
-102.478058,69.6824800000001
-102.497772,69.595261
-102.507782,69.564148
-102.515007,69.5599820000001
-102.525284,69.556366
-102.603058,69.5383150000001
-102.813049,69.5297090000001
-102.828613,69.5327610000001
-102.943878,69.559418
-103.085281,69.5972140000001
-103.186661,69.629425
-103.205566,69.636932
-103.224716,69.6447140000001
-103.232773,69.648605
-103.260559,69.6655430000001
-103.271667,69.6744230000001
-103.321953,69.6922
-103.416397,69.7063750000001
-103.430557,69.7052610000001
-103.476936,69.6935880000001
-103.486656,69.6847080000001
-103.507233,69.617752
-103.504181,69.613037
-103.335281,69.5749970000001
-103.089172,69.521927
-103.075287,69.5230410000001
-103.056953,69.520538
-103.046387,69.516937
-103.038063,69.512772
-103.032784,69.5083310000001
-103.023331,69.4938660000001
-103.013901,69.474152
-102.991379,69.424698
-102.990829,69.419434
-103.007782,69.326935
-103.019173,69.2827610000001
-103.023064,69.271652
-103.044449,69.2524870000001
-103.071953,69.2385860000001
-103.113327,69.223602
-103.124443,69.2208250000001
-103.160004,69.213043
-103.172501,69.2113800000001
-103.194153,69.2047120000001
-103.204453,69.200821
-103.211403,69.1944270000001
-103.214447,69.1896970000001
-103.217773,69.1372070000001
-103.208618,69.122757
-103.203056,69.118317
-103.194992,69.1144260000001
-103.18222,69.111099
-103.141953,69.1577610000001
-103.133904,69.1633150000001
-103.124443,69.1677550000001
-103.105003,69.176086
-103.074173,69.187485
-103.037216,69.2058260000001
-103.021118,69.216934
-103.006119,69.2285920000001
-102.998894,69.2349850000001
-102.980827,69.2591550000001
-102.969162,69.2713780000001
-102.950562,69.2902680000001
-102.943604,69.296646
-102.872498,69.3605350000001
-102.840843,69.383331
-102.829453,69.386108
-102.817497,69.383881
-102.806664,69.3799740000001
-102.79361,69.376923
-102.760834,69.37442
-102.746948,69.375534
-102.722778,69.3802640000001
-102.510834,69.4396970000001
-102.508621,69.4455260000001
-102.489723,69.469437
-102.471939,69.479431
-102.460281,69.4822080000001
-102.313049,69.498322
-102.29805,69.4985960000001
-102.093063,69.4877620000001
-102.057503,69.4835970000001
-102.047501,69.4799800000001
-101.955276,69.4355320000001
-101.947487,69.431366
-101.936943,69.4224850000001
-101.931381,69.412766
-101.931107,69.407486
-101.936111,69.401657
-102.035278,69.287201
-102.148903,69.2702640000001
-102.159439,69.27388
-102.187767,69.280273
-102.201401,69.27916
-102.212784,69.2763820000001
-102.229721,69.2655490000001
-102.231949,69.2597200000001
-102.217216,69.225266
-102.11972,69.1830439999999
-102.106659,69.1797030000001
-102.093613,69.1785889999999
-102.081123,69.1802670000001
-102.071671,69.1849820000001
-102.064163,69.19136
-102.059433,69.1972049999999
-102.05722,69.202774
-102.057503,69.2080380000001
-102.054443,69.214432
-102.044998,69.2260890000001
-102.036667,69.231659
-102.016663,69.2399750000001
-102.006119,69.243591
-101.963058,69.2572169999999
-101.951401,69.2599950000001
-101.938599,69.2619319999999
-101.921944,69.2602690000001
-101.785004,69.1963650000001
-101.770554,69.189148
-101.75473,69.1758120000001
-101.751953,69.165543
-101.751678,69.160538
-101.753891,69.1497190000001
-101.806381,69.0038760000001
-101.808609,68.9980319999999
-101.818069,68.993591
-101.851387,68.9844209999999
-101.89917,68.9752660000001
-101.948883,68.9677580000001
-101.962784,68.96666
-101.976936,68.96666
-101.993607,68.9683230000001
-102.001404,68.9724880000001
-102.022232,68.9902650000001
-102.032501,68.9941410000001
-102.047783,68.9969330000001
-102.06221,68.9969330000001
-102.096657,68.9885859999999
-102.113052,68.977768
-102.126099,68.966385
-102.130829,68.9602659999999
-102.145027,68.947662
-102.156387,68.9447020000001
-102.169724,68.946091
-102.323624,68.9371950000001
-102.386124,68.9255370000001
-102.385834,68.9202580000001
-102.390289,68.9144290000001
-102.398354,68.9088750000001
-102.48555,68.871368
-102.535828,68.8644259999999
-102.589722,68.8605350000001
-102.604172,68.86026
-102.61972,68.861099
-102.63501,68.8638760000001
-102.645279,68.867752
-102.763062,68.8777620000001
-102.818893,68.8341520000001
-102.89473,68.799988
-102.990547,68.7944340000001
-103.005836,68.795258
-103.047234,68.8097079999999
-103.146118,68.8405460000001
-103.164169,68.843048
-103.194992,68.844437
-103.208618,68.843597
-103.320847,68.8297120000001
-103.34111,68.8222200000001
-103.360001,68.8138729999999
-103.368057,68.808319
-103.403061,68.777206
-103.509171,68.8013759999999
-103.835831,68.83638
-104.094727,68.856644
-104.110283,68.8594210000001
-104.138344,68.8655400000001
-104.287781,68.9019320000001
-104.402496,68.9310910000001
-104.430832,68.9369200000001
-104.445267,68.938873
-104.457497,68.936646
-104.46167,68.9305420000001
-104.463058,68.9249879999999
-104.462509,68.9197080000001
-104.474442,68.9016570000001
-104.487503,68.8888850000001
-104.502792,68.8777620000001
-104.511673,68.873032
-104.521393,68.869141
-104.54361,68.863312
-104.583618,68.8597110000001
-104.849991,68.870255
-105.129173,68.8963780000001
-105.14473,68.899155
-105.166107,68.9060970000001
-105.193329,68.9174800000001
-105.248894,68.945526
-105.18306,68.988312
-105.173317,68.9919280000001
-105.146667,68.992477
-105.128601,68.9899750000001
-105.064713,68.986923
-105.039169,68.9902650000001
-104.936394,69.030548
-104.928879,69.036102
-104.916107,69.048874
-104.911667,69.0658110000001
-104.915009,69.070541
-104.92305,69.074707
-104.933884,69.078323
-105.065002,69.104156
-105.083328,69.1063690000001
-105.096657,69.1052550000001
-105.122772,69.0910950000001
-105.160278,69.0719300000001
-105.473618,69.1069340000001
-105.48056,69.1166529999999
-105.492493,69.125259
-105.506958,69.133606
-105.515289,69.1374970000001
-105.553879,69.152481
-105.580566,69.156372
-105.616943,69.1608120000001
-105.768066,69.1713710000001
-105.830292,69.172211
-105.874161,69.171097
-105.902222,69.1691440000001
-105.914436,69.167206
-105.925552,69.164154
-106.038887,69.15387
-106.17778,69.1441500000001
-106.193604,69.144714
-106.256958,69.1549840000001
-106.288887,69.1602629999999
-106.396118,69.17804
-106.406113,69.1805420000001
-106.414719,69.1844179999999
-106.414719,69.1952510000001
-106.410278,69.217758
-106.406662,69.2238770000001
-106.394447,69.236923
-106.386124,69.241653
-106.376389,69.2455290000001
-106.30777,69.262207
-106.28833,69.2699890000001
-106.273621,69.2813720000001
-106.267776,69.292206
-106.26889,69.2972110000001
-106.316391,69.3866580000001
-106.49527,69.4744260000001
-106.521393,69.486099
-106.541382,69.493317
-106.554993,69.496368
-106.571121,69.498871
-106.602219,69.498871
-106.614441,69.496643
-106.625549,69.4935910000001
-106.733063,69.44165
-106.74028,69.435806
-106.743881,69.4297030000001
-106.745537,69.407761
-106.862778,69.3691410000001
-106.930832,69.3616490000001
-106.955002,69.357208
-106.96611,69.3541560000001
-106.98555,69.3461
-106.992493,69.340546
-106.997223,69.335266
-106.998337,69.329712
-106.996948,69.3244320000001
-106.965286,69.3030400000001
-106.957497,69.29332
-106.925003,69.239426
-106.922234,69.2288670000001
-106.929169,69.2166600000001
-106.936111,69.211105
-106.944443,69.206375
-106.963623,69.198318
-107.039993,69.181091
-107.128326,69.1544340000001
-107.138062,69.150543
-107.162216,69.13443
-107.191673,69.1124879999999
-107.226669,69.084152
-107.248894,69.068054
-107.264183,69.0574800000001
-107.279449,69.0469360000001
-107.304169,69.0324859999999
-107.313606,69.0285950000001
-107.342216,69.018875
-107.374443,69.0094300000001
-107.431671,68.9963680000001
-107.503342,68.982758
-107.553879,68.97554
-107.646118,68.965546
-107.673889,68.9636080000001
-107.746109,68.9608150000001
-107.9375,68.9349819999999
-107.955841,68.9310460000001
-107.976936,68.9305420000001
-108.175552,68.9310910000001
-108.209442,68.933319
-108.26445,68.939148
-108.29834,68.9413600000001
-108.428047,68.945816
-108.492218,68.9474789999999
-108.521118,68.9463650000001
-108.534439,68.9447020000001
-108.546112,68.9424740000001
-108.563316,68.933594
-108.563889,68.927765
-108.550827,68.9194340000001
-108.541946,68.9155430000001
-108.535553,68.911377
-108.531387,68.9066470000001
-108.529716,68.9013820000001
-108.530289,68.8958280000001
-108.535553,68.8891600000001
-108.551392,68.879425
-108.597229,68.8591460000001
-108.674438,68.829437
-108.926941,68.7444310000001
-108.9375,68.741089
-108.972504,68.733871
-109.104721,68.710541
-109.191383,68.6972050000001
-109.234161,68.6949770000001
-109.263901,68.6944270000001
-109.311943,68.6958160000001
-109.345551,68.697754
-109.374161,68.696365
-109.399986,68.693314
-109.434723,68.686096
-109.491379,68.673309
-109.523064,68.6649930000001
-109.553596,68.655258
-109.597229,68.643875
-109.643623,68.6344300000001
-109.656387,68.6327510000001
-109.683319,68.6305390000001
-109.756958,68.6285860000001
-109.970284,68.6271970000001
-110.124161,68.6271970000001
-110.160553,68.6305390000001
-110.191673,68.630814
-110.220001,68.62915
-110.244164,68.6252590000001
-110.263062,68.6177520000001
-110.271942,68.613602
-110.279167,68.6085970000001
-110.295547,68.5994260000001
-110.329178,68.582214
-110.339172,68.578873
-110.35083,68.576385
-110.363617,68.574707
-110.377777,68.5741580000001
-110.391388,68.57666
-110.398064,68.5808260000001
-110.420273,68.604156
-110.427223,68.608322
-110.440826,68.6110990000001
-110.458893,68.612762
-110.561111,68.616653
-110.576683,68.616653
-110.589447,68.6149900000001
-110.609444,68.608322
-110.616943,68.6035920000001
-110.634171,68.5952610000001
-110.656952,68.5902710000001
-110.681381,68.5861050000001
-110.896667,68.557205
-110.922234,68.553864
-110.950287,68.551926
-111.013634,68.552765
-111.031952,68.5544280000001
-111.038597,68.558594
-111.035004,68.563873
-110.983322,68.577774
-110.971939,68.5802760000001
-110.957779,68.5811
-110.925552,68.5802760000001
-110.897232,68.5819400000001
-110.871658,68.5852660000001
-110.860283,68.5877690000001
-110.850281,68.5910950000001
-110.843063,68.5961
-110.843063,68.601654
-110.849731,68.6058200000001
-110.863617,68.6085970000001
-111.017502,68.598328
-111.030289,68.5966490000001
-111.058884,68.5858150000001
-111.068893,68.582489
-111.080292,68.5799870000001
-111.093063,68.5783230000001
-111.135277,68.5758210000001
-111.166397,68.5758210000001
-111.232498,68.578049
-111.267502,68.5805510000001
-111.283623,68.5827640000001
-111.320007,68.5858150000001
-111.336937,68.5866550000001
-111.379173,68.5841520000001
-111.391953,68.582489
-111.411667,68.575546
-111.416656,68.571106
-111.405273,68.5680540000001
-111.389183,68.5658109999999
-111.29805,68.557755
-111.25029,68.557205
-111.231949,68.5555420000001
-111.218338,68.552765
-111.209167,68.5491489999999
-111.204453,68.5447080000001
-111.204453,68.538879
-111.211121,68.5260930000001
-111.215561,68.5194400000001
-111.225563,68.516098
-111.238052,68.5144350000001
-111.253616,68.5144350000001
-111.358612,68.521652
-111.37471,68.523605
-111.388344,68.5263820000001
-111.468063,68.5369260000001
-111.522781,68.5416560000001
-111.600563,68.543594
-111.851097,68.534149
-112.060272,68.523041
-112.210007,68.513611
-112.236656,68.510818
-112.359161,68.5019380000001
-112.401108,68.499146
-112.509171,68.498032
-112.635277,68.4830470000001
-112.636948,68.4769289999999
-112.645279,68.472763
-112.670273,68.469147
-112.727493,68.4658200000001
-112.773903,68.4655460000001
-112.807503,68.4666600000001
-113.051666,68.4641570000001
-113.091949,68.460266
-113.220551,68.4527740000001
-113.251404,68.4522090000001
-113.269447,68.4538730000001
-113.297234,68.4586029999999
-113.304443,68.462769
-113.309433,68.467209
-113.310272,68.473038
-113.306381,68.479706
-113.299728,68.4847110000001
-113.291382,68.4891510000001
-113.269447,68.494431
-113.256958,68.4960940000001
-113.193604,68.496368
-113.051666,68.487488
-113.037781,68.4883120000001
-113.03389,68.4949800000001
-113.04361,68.5041660000001
-113.07251,68.520538
-113.118057,68.5444340000001
-113.141388,68.5505370000001
-113.19722,68.560257
-113.213333,68.5621950000001
-113.26889,68.57222
-113.334167,68.5855410000001
-113.357773,68.59137
-113.367218,68.594986
-113.381668,68.603043
-113.443047,68.640549
-113.448334,68.645264
-113.451111,68.650269
-113.452499,68.6616520000001
-113.450844,68.667755
-113.524437,68.7249909999999
-113.666656,68.8021999999999
-113.676941,68.8110960000001
-113.678879,68.8947140000001
-113.677223,68.9008180000001
-113.671944,68.9066470000001
-113.623894,68.933319
-113.606949,68.9424740000001
-113.584442,68.948029
-113.574722,68.951385
-113.569458,68.957214
-113.545837,69.043045
-113.544998,69.0480350000001
-113.554718,69.0513760000001
-113.615013,69.066376
-113.632217,69.073883
-113.647232,69.0819400000001
-113.657784,69.0910950000001
-113.696114,69.1547090000001
-113.692207,69.189423
-113.680832,69.1919250000001
-113.665833,69.1910860000001
-113.655838,69.187485
-113.621933,69.17804
-113.538887,69.168594
-113.51973,69.167206
-113.508621,69.169708
-113.513634,69.174423
-113.521118,69.1785889999999
-113.553596,69.187195
-113.580002,69.192474
-113.623322,69.199707
-113.90889,69.241928
-114.275558,69.281937
-114.311394,69.284988
-114.328888,69.285538
-114.392776,69.284149
-114.421387,69.281937
-114.44722,69.2780460000001
-114.492493,69.267212
-114.518341,69.2633210000001
-114.669724,69.255829
-114.764183,69.252213
-115.088898,69.2447050000001
-115.253616,69.245255
-115.400833,69.256943
-115.64473,69.2733150000001
-115.795273,69.2827610000001
-115.921387,69.2902680000001
-115.955841,69.292206
-115.968338,69.2949830000001
-115.978607,69.298599
-115.986656,69.302475
-116.00029,69.3108060000001
-116.006119,69.315262
-116.016953,69.32222
-116.026947,69.3255460000001
-116.056381,69.329987
-116.175278,69.34166
-116.219452,69.348328
-116.525833,69.407486
-116.538597,69.4102630000001
-116.548889,69.413605
-116.565277,69.4213710000001
-116.629707,69.4588780000001
-116.631378,69.464706
-116.626663,69.470535
-116.618881,69.474991
-116.607773,69.4780430000001
-116.569458,69.484146
-116.561394,69.4885860000001
-116.558609,69.4952550000001
-116.575562,69.5558170000001
-116.58139,69.560532
-116.591949,69.563873
-116.604721,69.566666
-116.636673,69.5702670000001
-116.733887,69.575546
-116.75,69.5749970000001
-116.759453,69.571381
-116.766113,69.5651779999999
-116.781387,69.557205
-116.897507,69.587494
-116.880547,69.6088710000001
-116.851936,69.6197050000001
-116.846123,69.643051
-116.847504,69.648605
-116.858047,69.6519320000001
-116.961937,69.679428
-116.987503,69.684982
-117.017776,69.6894230000001
-117.035004,69.690811
-117.050278,69.6930389999999
-117.075844,69.6985930000001
-117.118057,69.711655
-117.238892,69.753052
-117.247498,69.7569430000001
-117.269173,69.781662
-117.272781,69.7927550000001
-117.30777,69.844437
-117.367218,69.9199830000001
-117.422501,69.9724880000001
-117.434998,69.981369
-117.436661,69.986923
-117.436111,69.9930420000001
-117.415283,70.0099950000001
-117.385277,70.0285950000001
-117.356377,70.039703
-117.325844,70.049988
-117.283623,70.0633090000001
-117.251404,70.072769
-117.23999,70.0758210000001
-117.194443,70.0874939999999
-117.169998,70.092484
-117.120827,70.102478
-117.08168,70.1088710000001
-117.010834,70.1169280000001
-116.877213,70.1291500000001
-116.583069,70.1569370000001
-116.236107,70.19136
-116.166397,70.1999970000001
-116.099991,70.210266
-116.071671,70.213608
-115.90834,70.2288670000001
-115.801941,70.2366490000001
-115.693604,70.2438660000001
-115.646957,70.2466430000001
-115.496658,70.2505490000001
-115.448334,70.252487
-115.314713,70.2641600000001
-115.301392,70.2663880000001
-115.229446,70.27388
-115.167503,70.277771
-115.083893,70.279709
-115.030289,70.279984
-114.867218,70.2838750000001
-114.801941,70.2861020000001
-114.741379,70.290817
-114.713058,70.2938690000001
-114.65889,70.301651
-114.616943,70.3066410000001
-114.588333,70.309708
-114.54306,70.3133090000001
-114.511124,70.314697
-114.323624,70.316666
-114.254997,70.3172150000001
-114.218338,70.316086
-114.178329,70.3135990000001
-114.160828,70.3116459999999
-114.135277,70.3058169999999
-114.111107,70.2938690000001
-114.090286,70.2869260000001
-114.057503,70.2824860000001
-113.841667,70.2694400000001
-113.683884,70.2630460000001
-113.650558,70.263611
-113.591667,70.2686000000001
-113.549438,70.2733150000001
-113.505569,70.277481
-113.460007,70.2805480000001
-113.428047,70.2816620000001
-113.391388,70.2805480000001
-113.333328,70.277206
-113.296112,70.27388
-113.168327,70.259155
-113.090843,70.247482
-112.666656,70.2038730000001
-112.564713,70.198318
-112.54805,70.198593
-112.532784,70.199417
-112.520844,70.2022090000001
-112.517227,70.207489
-112.527496,70.211105
-112.563049,70.213608
-112.577789,70.2160950000001
-112.580841,70.221375
-112.575012,70.2272030000001
-112.565826,70.231369
-112.555267,70.234985
-112.543327,70.237488
-112.295547,70.2666630000001
-112.212784,70.265823
-112.195831,70.265823
-112.163887,70.266937
-112.138344,70.2713780000001
-112.145844,70.2755430000001
-112.163063,70.277481
-112.242493,70.2836
-112.296951,70.2891540000001
-112.304718,70.2933199999999
-112.297234,70.298325
-112.283333,70.2999880000001
-112.266663,70.300262
-112.248337,70.2994230000001
-112.23111,70.2974849999999
-112.108887,70.277481
-111.926392,70.2522129999999
-111.915833,70.255554
-111.908051,70.260544
-111.89917,70.264709
-111.880547,70.2702640000001
-111.86528,70.2713780000001
-111.848618,70.2713780000001
-111.743607,70.2694400000001
-111.555557,70.2697140000001
-111.538887,70.2699890000001
-111.468063,70.27832
-111.454453,70.279984
-111.445267,70.284149
-111.442757,70.290268
-111.487213,70.3369290000001
-111.49472,70.3410949999999
-111.507233,70.3441470000001
-111.536942,70.3494260000001
-111.631104,70.358322
-111.664719,70.358032
-111.693878,70.3555450000001
-111.735283,70.3502660000001
-111.750557,70.3494260000001
-111.803879,70.350815
-111.98056,70.370819
-112.000839,70.3780360000001
-112.053879,70.401093
-112.061661,70.405258
-112.069733,70.4149930000001
-112.07251,70.420258
-112.073059,70.431656
-112.075844,70.4366460000001
-112.089172,70.4510960000001
-112.11528,70.474152
-112.146118,70.4905400000001
-112.156387,70.4941410000001
-112.169159,70.497208
-112.199158,70.5022130000001
-112.427223,70.526382
-112.495537,70.515274
-112.5,70.5147400000001
-112.509453,70.5136110000001
-112.528061,70.51416
-112.586121,70.5249940000001
-112.621933,70.534424
-112.652786,70.545258
-112.670837,70.5527650000001
-112.678596,70.5569310000001
-112.709732,70.5674900000001
-112.728058,70.5683290000001
-112.814713,70.5680540000001
-112.848618,70.567764
-112.85611,70.562759
-112.9375,70.5672150000001
-113.000839,70.5766599999999
-113.016113,70.5791630000001
-113.142227,70.606094
-113.303047,70.641937
-113.492218,70.6772
-113.511124,70.677765
-113.519997,70.673599
-113.519173,70.6677550000001
-113.522781,70.655548
-113.528343,70.6497190000001
-113.540558,70.646942
-113.554443,70.6449890000001
-113.571404,70.6447140000001
-113.591667,70.6461030000001
-113.607224,70.648605
-113.630547,70.654984
-113.64917,70.6627660000001
-113.665283,70.670822
-113.683884,70.678314
-113.728607,70.6916499999999
-113.761948,70.696091
-113.882217,70.7102659999999
-113.938316,70.715271
-113.974167,70.715546
-113.989723,70.714432
-114.015556,70.7099910000001
-114.068336,70.6924740000001
-114.089447,70.685257
-114.120827,70.6746980000001
-114.143623,70.6685940000001
-114.171112,70.664703
-114.208344,70.665817
-114.261948,70.671371
-114.323059,70.6752620000001
-114.377487,70.6758120000001
-114.40834,70.673599
-114.420273,70.670822
-114.430832,70.667206
-114.448334,70.6586000000001
-114.458893,70.6552580000001
-114.495003,70.646942
-114.545273,70.636108
-114.571121,70.631363
-114.641113,70.622482
-114.989166,70.6038670000001
-115.136948,70.5980380000001
-115.252502,70.6013790000001
-115.380547,70.6047060000001
-115.399437,70.60498
-115.889717,70.595261
-115.921944,70.593597
-115.976097,70.585266
-116.055557,70.5722200000001
-116.085564,70.587769
-116.162514,70.6230320000001
-116.171112,70.6269230000001
-116.263634,70.6347200000001
-116.363892,70.6391600000001
-116.380829,70.6388850000001
-116.529999,70.6324770000001
-116.632217,70.6149900000001
-116.655838,70.6091460000001
-116.669159,70.6072080000001
-116.715012,70.6030430000001
-116.901108,70.5972140000001
-116.919724,70.5974880000001
-117.059723,70.6013790000001
-117.100563,70.6033170000001
-117.34584,70.6149900000001
-117.349731,70.6199800000001
-117.358612,70.623871
-117.376663,70.6255340000001
-117.505569,70.616928
-117.515289,70.613312
-117.518066,70.606369
-117.518623,70.600266
-117.525009,70.5949859999999
-117.54361,70.595261
-117.559433,70.5972140000001
-117.613052,70.6085970000001
-117.671112,70.62442
-117.704727,70.634155
-117.724716,70.641373
-117.737778,70.650269
-117.741943,70.6552580000001
-117.741669,70.661377
-117.739441,70.666931
-117.734734,70.673035
-117.722229,70.683319
-117.714172,70.6880340000001
-117.709442,70.6938630000001
-117.711403,70.6997070000001
-117.718063,70.703873
-117.735817,70.7116550000001
-117.746948,70.714996
-117.898064,70.7561040000001
-117.945541,70.7686
-118.008904,70.783051
-118.047501,70.791656
-118.092773,70.8047030000001
-118.135834,70.818054
-118.167503,70.8285980000001
-118.187767,70.836105
-118.205841,70.8438720000001
-118.26445,70.8719180000001
-118.280289,70.8799740000001
-118.309723,70.897217
-118.316391,70.9016570000001
-118.329727,70.910538
-118.408623,70.970261
-118.417503,70.98027
-118.419724,70.985809
-118.419449,70.991928
-118.415009,70.9980320000001
-118.408623,71.0033260000001
-118.400558,71.0077669999999
-118.370827,71.01915
-118.339447,71.029434
-118.272507,71.048874
-117.98056,71.12442
-117.849731,71.156937
-117.796661,71.1663820000001
-117.728882,71.1697080000001
-117.690552,71.169434
-117.640289,71.1719210000001
-117.54306,71.1785890000001
-117.494453,71.181931
-117.416656,71.1888730000001
-117.387222,71.192474
-117.288597,71.20665
-116.985283,71.236099
-116.83667,71.2691499999999
-116.833328,71.2760930000001
-116.824722,71.2805480000001
-116.800552,71.2861020000001
-116.713333,71.297211
-116.669724,71.302765
-116.601669,71.313873
-116.517776,71.326385
-116.405838,71.3430480000001
-116.208893,71.364151
-116.177223,71.366653
-116.141953,71.367752
-116.085564,71.367477
-116.077789,71.3658140000001
-116.05249,71.356094
-115.810272,71.362762
-115.776672,71.364426
-115.760834,71.3658140000001
-115.746384,71.368317
-115.734161,71.3713680000001
-115.726936,71.3763730000001
-115.726669,71.381363
-115.733063,71.385818
-115.744164,71.3891600000001
-115.758057,71.391937
-115.790558,71.3963780000001
-115.841667,71.39444
-115.855827,71.392212
-115.885559,71.3891600000001
-115.919159,71.387207
-115.933609,71.3888850000001
-116.017776,71.411102
-116.064713,71.4385830000001
-115.828056,71.483047
-115.763062,71.490265
-115.620827,71.4985960000001
-115.604721,71.496094
-115.584442,71.488876
-115.584167,71.48526
-115.535553,71.4702610000001
-115.415558,71.4497070000001
-115.378326,71.4497070000001
-115.200287,71.479431
-115.175278,71.4849850000001
-115.066673,71.5186
-115.057503,71.5230410000001
-115.061943,71.526657
-115.08168,71.5272059999999
-115.113617,71.524704
-115.156387,71.518875
-115.170547,71.516663
-115.245537,71.5000000000001
-115.26001,71.498032
-115.322243,71.4924770000001
-115.442757,71.4880370000001
-115.459732,71.489151
-115.538597,71.5008240000001
-115.549988,71.5044400000001
-115.558609,71.508331
-115.555832,71.5136110000001
-115.543327,71.516663
-115.530838,71.5194400000001
-115.516663,71.521378
-115.512222,71.5377660000001
-115.618881,71.5552520000001
-115.654999,71.5580290000001
-115.70639,71.555817
-115.791946,71.543594
-115.876389,71.5327610000001
-115.965012,71.522217
-116.160278,71.4997100000001
-116.208054,71.495819
-116.282501,71.495529
-116.333893,71.4933170000001
-116.41362,71.4866489999999
-116.443604,71.483322
-116.806107,71.4360960000001
-116.986107,71.4272
-117.176666,71.404709
-117.201111,71.3983310000001
-117.215286,71.3963780000001
-117.328056,71.386108
-117.359444,71.3833310000001
-117.377213,71.3827510000001
-117.398354,71.383881
-117.412216,71.386383
-117.416656,71.3913730000001
-117.416107,71.397766
-117.413063,71.404434
-117.390839,71.435257
-117.381104,71.4472050000001
-117.378326,71.4541630000001
-117.447769,71.4738770000001
-117.494453,71.486923
-117.517502,71.4933170000001
-117.545837,71.4988710000001
-117.562767,71.4997100000001
-117.628601,71.4677580000001
-117.633331,71.4619290000001
-117.631668,71.4563750000001
-117.62471,71.4519350000001
-117.613052,71.4485930000001
-117.596657,71.446365
-117.555832,71.445251
-117.536942,71.4438629999999
-117.506393,71.4391480000001
-117.483322,71.4324800000001
-117.478882,71.4274750000001
-117.481949,71.420532
-117.517227,71.379425
-117.527496,71.375809
-117.539436,71.3727570000001
-117.594162,71.3716430000001
-117.681381,71.3797000000001
-117.756668,71.3760830000001
-117.794449,71.3680420000001
-117.827499,71.3722080000001
-117.948334,71.3777620000001
-118.015007,71.3730320000001
-118.032784,71.372482
-118.090843,71.3727570000001
-118.112213,71.373596
-118.185364,71.3797910000001
-118.243881,71.3899840000001
-118.255569,71.393326
-118.283623,71.404709
-118.297501,71.4136050000001
-118.311111,71.428589
-118.315277,71.439697
-118.314713,71.452209
-118.309433,71.46582
-118.289993,71.4816590000001
-118.281952,71.4860989999999
-118.263344,71.4941410000001
-118.212509,71.513046
-118.202217,71.516663
-118.190277,71.519714
-118.178047,71.5227660000001
-118.126099,71.5330510000001
-118.086121,71.540268
-118.054443,71.5430450000001
-117.835831,71.5547030000001
-117.70723,71.549423
-117.68721,71.549988
-117.675003,71.5527650000001
-117.658051,71.5616460000001
-117.651398,71.56694
-117.655838,71.5719300000001
-117.669998,71.574707
-117.873047,71.611649
-117.887222,71.6141510000001
-117.90889,71.61499
-117.863617,71.6394350000001
-117.718887,71.659714
-117.706947,71.6624910000001
-117.696381,71.666092
-117.700844,71.6713710000001
-117.715012,71.6738740000001
-117.736656,71.6749880000001
-118.01001,71.6724849999999
-118.027786,71.671646
-118.116653,71.652771
-118.126938,71.6488800000001
-118.172783,71.628036
-118.17749,71.6219180000001
-118.163887,71.606934
-118.166397,71.599991
-118.176666,71.596375
-118.190826,71.594147
-118.299988,71.5833280000001
-118.31778,71.582764
-118.334442,71.5847170000001
-118.36528,71.5894319999999
-118.386398,71.6136020000001
-118.386124,71.6197050000001
-118.455002,71.6508180000001
-118.485817,71.6555480000001
-118.566391,71.6627660000001
-118.60527,71.6641540000001
-118.841667,71.664703
-118.85556,71.6624910000001
-118.863892,71.658035
-118.903877,71.6147
-118.903877,71.6083220000001
-118.889717,71.599716
-118.88028,71.5958250000001
-118.866096,71.586929
-118.868332,71.580276
-118.880547,71.5772090000001
-118.897781,71.5777740000001
-118.909729,71.5811
-119.050278,71.6266480000001
-119.074722,71.64415
-119.084167,71.65416
-119.105827,71.6858060000001
-119.12471,71.7305450000001
-119.134453,71.7652739999999
-119.134453,71.783875
-119.10556,71.876648
-119.103058,71.883331
-119.091949,71.902206
-119.087509,71.908325
-118.945831,71.9913640000001
-118.929169,72.0005489999999
-118.866943,72.02388
-118.842499,72.029709
-118.801666,72.0372009999999
-118.764717,72.046371
-118.733612,72.0574800000001
-118.725014,72.0619200000001
-118.71666,72.066666
-118.710281,72.07193
-118.705566,72.077774
-118.703056,72.084717
-118.707497,72.095825
-118.715012,72.1002660000001
-118.719727,72.1052550000001
-118.719452,72.1113740000001
-118.717499,72.1169280000001
-118.69194,72.1305390000001
-118.588608,72.1760860000001
-118.576401,72.179153
-118.561943,72.1813660000001
-118.545547,72.182755
-118.44249,72.181656
-118.405838,72.1830440000001
-118.38945,72.1847080000001
-118.157227,72.2177580000001
-118.128326,72.2222140000001
-118.119453,72.2266540000001
-118.112778,72.2319340000001
-118.108047,72.2377620000001
-118.10527,72.2447050000001
-118.104172,72.2633210000001
-118.121384,72.3080290000001
-118.130829,72.3180540000001
-118.145279,72.326935
-118.164719,72.3344270000001
-118.176941,72.337769
-118.19194,72.3405460000001
-118.209167,72.3424840000001
-118.251404,72.3447110000001
-118.271667,72.3447110000001
-118.28833,72.3433230000001
-118.325287,72.341934
-118.364166,72.3413700000001
-118.406952,72.3424840000001
-118.446663,72.345261
-118.491096,72.3530430000001
-118.523064,72.3638760000001
-118.554993,72.380814
-118.569733,72.389709
-118.581947,72.399155
-118.588608,72.416656
-118.588058,72.435257
-118.585281,72.441925
-118.573059,72.4608150000001
-118.568336,72.46666
-118.550278,72.483322
-118.536942,72.493866
-118.51973,72.502777
-118.20723,72.6185910000001
-118.125549,72.642487
-118.083069,72.6497190000001
-117.90361,72.6896970000001
-117.890839,72.692749
-117.868881,72.6999970000001
-117.633057,72.784988
-117.601936,72.7969360000001
-117.519447,72.828873
-117.48999,72.84137
-117.48111,72.845825
-117.464722,72.8555450000001
-117.436111,72.876373
-117.420547,72.8944400000001
-117.402222,72.9033200000001
-117.37999,72.9105380000001
-117.353607,72.9163820000001
-117.323334,72.9208219999999
-117.306381,72.9219210000001
-117.249161,72.9238740000001
-117.127213,72.93248
-116.95639,72.9541630000001
-116.941383,72.956375
-116.899727,72.9641570000001
-116.862503,72.9722140000001
-116.838058,72.978592
-116.775284,72.9952550000001
-116.70723,73.017212
-116.659729,73.031097
-116.587509,73.051376
-116.574173,73.0541530000001
-116.541672,73.0574800000001
-116.52417,73.0588680000001
-116.319168,73.09166
-116.242218,73.1102600000001
-116.20195,73.118591
-116.155563,73.124695
-115.900558,73.1541600000001
-115.609734,73.1941380000001
-115.440826,73.2238770000001
-115.34639,73.2533260000001
-115.323059,73.2602690000001
-115.309158,73.263046
-115.14917,73.288315
-115.102219,73.294144
-115.014183,73.299988
-114.951111,73.307755
-114.894173,73.318054
-114.866386,73.323608
-114.830566,73.3341520000001
-114.810547,73.342758
-114.70723,73.368042
-114.675552,73.3719180000001
-114.657784,73.373032
-114.561661,73.3755340000001
-114.540833,73.373596
-114.50528,73.3688660000001
-114.337784,73.3433230000001
-114.304993,73.338043
-114.275009,73.3322140000001
-114.226097,73.3183290000001
-114.197769,73.306366
-114.163063,73.2897030000001
-114.11055,73.263885
-114.056107,73.233597
-114.016663,73.2063750000001
-113.96167,73.1530460000001
-113.956947,73.1424870000001
-113.953888,73.125534
-113.957497,73.113312
-113.995827,73.077774
-114.004997,73.064423
-114.035553,73.00499
-114.047501,72.9549870000001
-114.054993,72.883606
-114.05278,72.872208
-114.049156,72.8672030000001
-114.04277,72.862762
-114.027222,72.8541560000001
-113.981667,72.834152
-113.968887,72.8249970000001
-113.967773,72.819443
-113.969452,72.8130340000001
-113.97583,72.8072050000001
-113.985817,72.8030400000001
-113.997498,72.7994230000001
