"V1","V2"
18.575554,59.448326
18.565277,59.4474949999999
18.553055,59.448326
18.526665,59.4686050000001
18.5216639999999,59.472771
18.519997,59.483604
18.519997,59.4894410000001
18.5227780000001,59.4947200000001
18.528889,59.498886
18.5702740000001,59.5263820000001
18.610832,59.546661
18.6336099999999,59.5558320000001
18.6436079999999,59.5566640000001
18.738888,59.5483320000001
18.746944,59.5449980000001
18.7324980000001,59.5383300000001
18.724442,59.535828
18.715275,59.534164
18.6680529999999,59.526665
18.5913890000001,59.501106
18.5886080000001,59.495552
18.5902750000001,59.4905550000001
18.6069410000001,59.4672160000001
18.605274,59.461105
18.5836110000001,59.4508290000001
18.575554,59.448326
