"V1","V2"
119.82666,25.5827750000001
119.844994,25.5405540000001
119.840271,25.543331
119.833328,25.5449980000001
119.826393,25.5449980000001
119.820831,25.5438880000001
119.809143,25.5336070000001
119.806091,25.529163
119.80304,25.5244410000001
119.763611,25.418327
119.765823,25.4136090000001
119.765549,25.407497
119.761932,25.403885
119.756943,25.401661
119.743591,25.404995
119.712196,25.4202730000001
119.700562,25.426086
119.696373,25.428051
119.69165,25.436939
119.669708,25.4819370000001
119.691093,25.595829
119.692749,25.601662
119.723038,25.638885
119.753883,25.6605530000001
119.759987,25.661106
119.773613,25.659161
119.779427,25.6569400000001
119.782761,25.6530490000001
119.82666,25.5827750000001
