"V1","V2"
20.6802750000001,69.8086089999999
20.6044429999999,69.7960970000001
20.5733299999999,69.7983250000001
20.564442,69.80777
20.5624960000001,69.813049
20.55611,69.845551
20.556389,69.8511050000001
20.559444,69.8572080000001
20.5866660000001,69.8880460000001
20.5933300000001,69.8936000000001
20.601387,69.898605
20.6111110000001,69.902771
20.6233330000001,69.904999
20.7300000000001,69.9088750000001
20.739166,69.9052729999999
20.7411080000001,69.8999940000001
20.734997,69.8224950000001
20.729443,69.818054
20.71722,69.8155520000001
20.6802750000001,69.8086089999999
