"V1","V2"
93.0583190000001,11.8886110000001
93.0533140000001,11.8863870000001
93.0455320000001,11.8927760000001
92.943314,11.982775
92.941086,11.9874970000001
92.943314,11.99222
92.978592,12.0336090000001
93.0033260000001,12.0383320000001
93.00972,12.037498
93.013885,12.0361100000001
93.0230410000001,12.0311110000001
93.025818,12.026943
93.025818,12.021666
93.022003,12
93.0263820000001,11.995275
93.0347140000001,11.9830530000001
93.036926,11.978054
93.0527650000001,11.9388870000001
93.0605320000001,11.9119430000001
93.06192,11.899443
93.061096,11.8933320000001
93.0583190000001,11.8886110000001
