"V1","V2"
98.533875,10.950554
98.502777,10.941387
98.4838710000001,10.949165
98.470535,10.983887
98.4719239999999,10.989441
98.488525,11.006397
98.5083310000001,11.020554
98.511932,11.023888
98.5141599999999,11.0286100000001
98.5172120000001,11.039721
98.5174870000001,11.05361
98.513611,11.0708310000001
98.514435,11.076942
98.51944,11.085831
98.524994,11.0872190000001
98.5291600000001,11.0841639999999
98.5347140000001,11.07583
98.5366520000001,11.0711100000001
98.5380400000001,11.0655540000001
98.54776,11.013611
98.5474850000001,11.0000000000001
98.5405430000001,10.9647200000001
98.5380400000001,10.953053
98.533875,10.950554
