"V1","V2"
14.2105540000001,40.560555
14.241388,40.554993
14.2463870000001,40.5555499999999
14.249722,40.5574950000001
14.258333,40.5597149999999
14.261665,40.557777
14.261944,40.5555499999999
14.2566660000001,40.551109
14.2547210000001,40.54805
14.2536110000001,40.5441670000001
14.250832,40.542496
14.24472,40.546944
14.2394430000001,40.5477750000001
14.230833,40.545555
14.219444,40.5408330000001
14.202499,40.5358280000001
14.1972220000001,40.5366590000001
14.195555,40.5399930000001
14.197777,40.5530550000001
14.198889,40.5572200000001
14.200832,40.560272
14.2105540000001,40.560555
