"V1","V2"
103.185242,0.508055000000013
103.173576,0.505832999999996
103.16275,0.508610999999974
103.15802,0.510832999999991
103.154419,0.514166000000046
103.147751,0.521111000000019
103.13942,0.533333000000027
103.135246,0.543611000000055
103.132462,0.56138900000002
103.133324,0.567500000000109
103.139969,0.60194400000006
103.145523,0.624444000000096
103.149696,0.640833000000043
103.155243,0.656111000000067
103.159973,0.664999999999964
103.171082,0.681389000000138
103.17775,0.688055000000077
103.190247,0.696389000000067
103.204422,0.702499999999986
103.216919,0.703888999999947
103.223022,0.703332999999986
103.235237,0.695000000000107
103.263603,0.668333000000075
103.269699,0.660832999999968
103.281357,0.645000000000039
103.288857,0.631943999999976
103.294128,0.61694399999999
103.29689,0.588943000000086
103.297737,0.580555000000061
103.296921,0.55388900000014
103.295517,0.548332999999957
103.293579,0.543611000000055
103.290802,0.539444000000117
103.282753,0.534166000000027
103.273033,0.529999999999916
103.185242,0.508055000000013
