"V1","V2"
-154.481384,56.601696
-154.452621,56.5957869999999
-154.421387,56.587769
-154.414734,56.5847170000001
-154.409454,56.580826
-154.404999,56.576103
-154.401947,56.5708310000001
-154.399994,56.564713
-154.39917,56.5577699999999
-154.402802,56.5466610000001
-154.407227,56.5424960000001
-154.413055,56.538887
-154.420013,56.5358280000001
-154.428619,56.533607
-154.451935,56.531937
-154.459717,56.5344390000001
-154.43277,56.5380480000001
-154.425568,56.5411070000001
-154.420013,56.5447160000001
-154.415558,56.549164
-154.418335,56.553047
-154.443604,56.584991
-154.448883,56.5888820000001
-154.455566,56.5922160000001
-154.48111,56.5980450000001
-154.492493,56.598328
-154.500854,56.595825
-154.515015,56.589989
-154.523895,56.5813830000001
-154.525848,56.5758290000001
-154.526688,56.5512730000001
-154.50383,56.5359080000001
-154.490433,56.5083309999999
-154.525101,56.501633
-154.569626,56.4906040000001
-154.608627,56.4772110000001
-154.637375,56.4638140000001
-154.675598,56.4382100000001
-154.704361,56.4082680000001
-154.719711,56.399994
-154.736267,56.396057
-154.758713,56.396843
-154.767776,56.3996010000001
-154.787476,56.414967
-154.792206,56.4256020000001
-154.792206,56.4342689999999
-154.778809,56.4519960000001
-154.759903,56.474846
-154.740601,56.4953310000001
-154.714996,56.5177880000001
-154.648407,56.5473330000001
-154.605865,56.566635
-154.563324,56.5871200000001
-154.531418,56.5993350000001
-154.505417,56.602879
-154.481384,56.601696
