"V1","V2"
142.048309,45.4047090000001
142.068573,45.384438
142.079132,45.377213
142.092194,45.3708270000001
142.145813,45.3502730000001
142.158875,45.34388
142.170807,45.336937
142.186646,45.3261030000001
142.245514,45.270271
142.30191,45.213608
142.319427,45.1977690000001
142.341919,45.1783290000001
142.383881,45.1433260000001
142.413025,45.120544
142.452454,45.089989
142.489136,45.0644380000001
142.510254,45.0497210000001
142.522217,45.037498
142.534424,45.020271
142.59024,44.9369350000001
142.606628,44.9102710000001
142.617462,44.8977740000001
142.621338,44.893608
142.633331,44.88166
142.740509,44.7772140000001
142.761658,44.757217
142.77887,44.741379
142.805237,44.717766
142.819122,44.7058259999999
142.97995,44.5849910000001
143.028046,44.552216
143.121887,44.490273
143.139709,44.479156
143.365234,44.3461
143.37439,44.3330540000001
143.384705,44.325554
143.40387,44.3155440000001
143.464142,44.286659
143.49469,44.2747120000001
143.658875,44.2191540000001
143.69165,44.2080460000001
143.690521,44.1877670000001
143.684418,44.1858220000001
143.679138,44.1819380000001
143.680542,44.177216
143.721069,44.120827
143.724976,44.1169360000001
143.72995,44.1130520000001
143.764435,44.0972140000001
143.772217,44.094154
143.780548,44.0924910000001
143.78775,44.0924910000001
143.899994,44.102776
143.979126,44.1258240000001
143.98468,44.128601
143.997192,44.13221
144.00415,44.133331
144.033325,44.133606
144.16275,44.112495
144.171631,44.1099930000001
144.175537,44.105827
144.330811,43.974434
144.352448,43.959717
144.367737,43.95388
144.403046,43.943321
144.419128,43.9408260000001
144.5,43.930824
144.539978,43.926384
144.617737,43.9177700000001
144.656647,43.9136050000001
144.700531,43.9108200000001
144.723022,43.9102710000001
144.74469,43.9102710000001
144.779419,43.913322
144.785797,43.915268
144.79776,43.919716
144.803589,43.9224930000001
144.883331,43.974434
144.904144,43.989159
144.914154,43.997215
144.92746,44.012772
144.93219,44.0247120000001
144.936371,44.0299910000001
144.973572,44.067215
144.983582,44.0755540000001
145.019714,44.101662
145.079956,44.138885
145.08609,44.140549
145.11496,44.15416
145.176361,44.1880419999999
145.18692,44.195267
145.19693,44.2033230000001
145.213867,44.224991
145.221893,44.236938
145.243286,44.2608260000001
145.314697,44.32888
145.324127,44.3377689999999
145.335236,44.3441540000001
145.342468,44.3441540000001
145.376892,44.2755510000001
145.378296,44.270546
145.378296,44.2655490000001
145.376892,44.2597200000001
145.359131,44.229431
145.332733,44.1852650000001
145.251099,44.05555
145.242188,44.0455470000001
145.231628,44.03833
145.214417,44.030273
145.203857,44.022766
145.184967,44.0047150000001
145.171906,43.9894330000001
145.1633,43.9786000000001
145.131622,43.9313810000001
145.10968,43.895546
145.07135,43.7802730000001
145.069977,43.774712
145.070251,43.7588880000001
145.072754,43.7491610000001
145.10495,43.699997
145.117462,43.6824950000001
145.133606,43.6605450000001
145.144989,43.6480480000001
145.163879,43.632767
145.201599,43.6070330000001
145.202072,43.6061100000001
145.205231,43.5974880000001
145.233124,43.532047
145.279694,43.424438
145.303589,43.368599
145.29303,43.336655
145.285797,43.3397140000001
145.276917,43.342216
145.269714,43.342216
145.263611,43.3405460000001
145.258881,43.3358230000001
145.256104,43.320274
145.256104,43.314995
145.307739,43.2766570000001
145.315247,43.273605
145.357452,43.263611
145.382172,43.258049
145.406372,43.253609
145.421631,43.251938
145.472473,43.251106
145.495789,43.258888
145.494263,43.2691040000001
145.499115,43.273605
145.644714,43.3760990000001
145.657471,43.380272
145.771362,43.3830490000001
145.802765,43.3786009999999
145.811096,43.3766560000001
145.818298,43.3736040000001
145.822205,43.3694379999999
145.814148,43.3577730000001
145.808319,43.3549960000001
145.737732,43.326103
145.683868,43.3060990000001
145.677765,43.3044360000001
145.656097,43.3041610000001
145.647766,43.3060990000001
145.626068,43.3060990000001
145.620514,43.303322
145.578033,43.2677689999999
145.573303,43.2633290000001
145.569702,43.256943
145.565796,43.2402730000001
145.563293,43.228874
145.558594,43.2169340000001
145.554413,43.211662
145.520813,43.1702730000001
145.491333,43.168884
145.458588,43.1761020000001
145.426361,43.175552
145.370789,43.171936
145.295807,43.1644360000001
145.282471,43.1624910000001
145.153595,43.1349950000001
145.136658,43.126656
145.131348,43.123047
145.126617,43.1185990000001
145.122467,43.1130520000001
145.117462,43.1011050000001
145.117737,43.0958250000001
145.120239,43.086105
145.12384,43.08194
145.130249,43.078606
145.107178,43.0458300000001
145.012482,42.9874950000001
144.994415,42.981102
144.981903,42.9774860000001
144.97525,42.976379
144.9133,42.9716570000001
144.897491,42.974159
144.874664,42.978874
144.848297,42.99749
144.839691,43.005272
144.839691,43.010551
144.84079,43.0163880000001
144.844421,43.0277710000001
144.841644,43.0324939999999
144.836639,43.03611
144.821899,43.0422210000001
144.813599,43.043884
144.798859,43.0447160000001
144.787476,43.0391620000001
144.777191,43.031937
144.762756,43.0191570000001
144.735229,42.9908290000001
144.733032,42.9849930000001
144.733032,42.979713
144.738007,42.965271
144.740509,42.9608230000001
144.661652,42.9372100000001
144.493286,42.9294360000001
144.478851,42.9291610000001
144.463593,42.930824
144.404144,42.946655
144.37912,42.9549940000001
144.371613,42.9633260000001
144.366364,42.9827650000001
144.355225,42.9958270000001
144.339417,42.998329
144.324982,42.9980469999999
144.291931,42.9933240000001
144.179413,42.9674910000001
144.141663,42.9580460000001
144.024414,42.9213789999999
144.006378,42.914993
143.989685,42.906654
143.892761,42.8491590000001
143.852448,42.8136060000001
143.799988,42.766663
143.781372,42.749161
143.649719,42.6630480000001
143.629395,42.6483310000001
143.61496,42.6363830000001
143.590973,42.614937
143.562744,42.5877690000001
143.539978,42.5647130000001
143.464142,42.479156
143.434967,42.4424900000001
143.386108,42.3783260000001
143.37384,42.361664
143.344421,42.3130489999999
143.334137,42.293884
143.329681,42.281662
143.324402,42.2372130000001
143.324982,42.221375
143.32663,42.2111050000001
143.333313,42.1869350000001
143.338287,42.1772160000001
143.341064,42.167496
143.340607,42.165092
143.338867,42.1560970000001
143.316925,42.04277
143.246338,41.9252700000001
143.23996,41.924164
143.202759,41.9441530000001
143.181366,41.958603
143.169983,41.9711
143.16748,41.975548
143.144684,42.0000000000001
143.12439,42.0202710000001
143.11911,42.024162
143.106903,42.0308230000001
142.957733,42.099998
142.943024,42.106659
142.92691,42.1119380000001
142.918854,42.113609
142.867188,42.1236040000001
142.827454,42.13221
142.793304,42.1416630000001
142.70636,42.1722180000001
142.657471,42.1908260000001
142.485229,42.2580490000001
142.313599,42.3408279999999
142.294708,42.3508300000001
142.27832,42.3613820000001
142.25415,42.380272
142.103577,42.454437
142.060791,42.4652710000001
142.052185,42.467766
142.022217,42.479156
142.010803,42.4861069999999
141.963593,42.5188830000001
141.932739,42.5408330000001
141.931366,42.54583
141.928864,42.55027
141.919708,42.558044
141.840515,42.5908280000001
141.81665,42.5988770000001
141.790527,42.606384
141.758026,42.6116640000001
141.73996,42.6138840000001
141.695526,42.6152730000001
141.658875,42.6161040000001
141.630249,42.6152730000001
141.616638,42.6138840000001
141.557739,42.6030500000001
141.532471,42.596939
141.445526,42.5724950000001
141.42746,42.566383
141.410522,42.5586010000001
141.39386,42.549995
141.154694,42.422493
141.111359,42.398331
141.090515,42.384995
141.060516,42.3630520000001
141.051086,42.3544390000001
141.024414,42.327217
141.003601,42.301933
140.993011,42.295273
140.986084,42.2949980000001
140.978302,42.29583
140.961365,42.2997209999999
140.945251,42.304993
140.938873,42.3080440000001
140.934692,42.31221
140.929413,42.3211060000001
140.905243,42.383881
140.90332,42.393883
140.903595,42.4099880000001
140.901917,42.414993
140.896362,42.423882
140.88443,42.4411010000001
140.875244,42.4488750000001
140.761932,42.544716
140.756653,42.5486070000001
140.745239,42.5552670000001
140.719696,42.5680540000001
140.711914,42.571106
140.694977,42.5749970000001
140.679688,42.5761029999999
140.520264,42.579163
140.49939,42.5774920000001
140.479675,42.5738830000001
140.461639,42.567772
140.427185,42.541107
140.40387,42.520271
140.385254,42.5030520000001
140.35495,42.470268
140.339142,42.448601
140.33551,42.443047
140.300537,42.3827670000001
140.297211,42.3760990000001
140.28479,42.34491
140.280823,42.3166660000001
140.279694,42.272766
140.280273,42.2674940000001
140.284973,42.2530520000001
140.29776,42.2408290000001
140.30304,42.2372130000001
140.309143,42.2338790000001
140.324402,42.228325
140.333038,42.2258220000001
140.358307,42.2205430000001
140.382172,42.2124940000001
140.42746,42.189987
140.469971,42.1613770000001
140.479401,42.148331
140.487457,42.140274
140.492462,42.136658
140.528595,42.111382
140.534973,42.10833
140.543579,42.1058270000001
140.574127,42.103325
140.588287,42.1038820000001
140.674988,42.1161040000001
140.68692,42.1202700000001
140.692474,42.123322
140.698303,42.1252670000001
140.704956,42.126381
140.719696,42.1260990000001
140.73468,42.1202700000001
140.751373,42.1099930000001
140.771912,42.095268
140.79303,42.070274
140.810242,42.049438
140.8508,42.0094380000001
140.963287,41.9130480000001
140.973572,41.905823
140.984955,41.89888
140.997742,41.8924940000001
141.013885,41.887215
141.0383,41.882767
141.068298,41.8808210000001
141.093292,41.875549
141.136108,41.852219
141.141357,41.8486020000001
141.194977,41.8077700000001
141.197754,41.8033220000001
141.199127,41.798332
141.19693,41.7924960000001
141.19165,41.7894360000001
141.041656,41.7177660000001
141.011658,41.7074970000001
140.98468,41.704712
140.976898,41.705551
140.728302,41.8041610000001
140.714142,41.815544
140.708008,41.8186040000001
140.691925,41.8238830000001
140.683594,41.825554
140.668854,41.825829
140.662476,41.824715
140.650543,41.8205490000001
140.639709,41.814713
140.634979,41.8108220000001
140.626617,41.800545
140.623566,41.7941590000001
140.619415,41.7819369999999
140.61441,41.7641600000001
140.606354,41.7397160000001
140.602753,41.734161
140.597748,41.7302700000001
140.592468,41.727486
140.529968,41.6988750000001
140.518036,41.6949920000001
140.468018,41.6858220000001
140.455536,41.682495
140.450256,41.6797180000001
140.439423,41.661934
140.434418,41.649437
140.432465,41.638046
140.432465,41.605553
140.434418,41.5791630000001
140.437744,41.564156
140.439423,41.559433
140.4422,41.554993
140.443573,41.55027
140.444122,41.5449980000001
140.444427,41.5397190000001
140.44165,41.5344390000001
140.41748,41.5152740000001
140.411652,41.5133290000001
140.284424,41.486382
140.27832,41.4841610000001
140.262207,41.4755480000001
140.253052,41.4669340000001
140.244415,41.4574969999999
140.2258,41.4294360000001
140.222748,41.4227680000001
140.219116,41.417213
140.211639,41.406097
140.207184,41.401382
140.202454,41.3974910000001
140.196625,41.3952709999999
140.189697,41.394997
140.078308,41.416664
140.069702,41.4191590000001
140.05191,41.429161
140.034973,41.4447099999999
140.029419,41.4536060000001
139.987183,41.541107
139.982452,41.5555500000001
139.978577,41.5758290000001
139.978027,41.581108
139.98053,41.598045
140.009155,41.6749950000001
140.019135,41.6936040000001
140.026917,41.7038800000001
140.073029,41.757774
140.116913,41.803047
140.121887,41.8069379999999
140.126068,41.8116610000001
140.129395,41.8183290000001
140.131348,41.82444
140.146362,41.8974910000001
140.146362,41.913605
140.145538,41.924164
140.138885,41.981377
140.136383,41.985825
140.061096,42.0788800000001
140.049133,42.090828
140.038879,42.0980450000001
140.019714,42.1077730000001
140.012207,42.11055
139.988281,42.118324
139.947205,42.1258240000001
139.93219,42.1313779999999
139.916656,42.1422200000001
139.804962,42.221931
139.791656,42.233604
139.78775,42.2377700000001
139.782196,42.246384
139.780548,42.251389
139.768585,42.29583
139.768311,42.3097149999999
139.769135,42.3152690000001
139.773041,42.327492
139.788025,42.349998
139.805237,42.3688810000001
139.820801,42.390549
139.824402,42.396103
139.827759,42.4024890000001
139.841644,42.444992
139.844696,42.467766
139.847748,42.490547
139.848297,42.501389
139.848572,42.5122150000001
139.846344,42.527489
139.839966,42.5474930000001
139.831909,42.5716630000001
139.829956,42.5819400000001
139.829132,42.5966570000001
139.836365,42.6152730000001
139.839691,42.6219330000001
139.854675,42.6441570000001
139.863281,42.653603
139.868286,42.6574940000001
139.889435,42.670273
139.901367,42.674438
139.914154,42.6777730000001
139.927765,42.6791610000001
139.964417,42.6788790000001
139.987732,42.677216
140.024414,42.6769409999999
140.031097,42.678047
140.04303,42.682213
140.134705,42.745827
140.143311,42.755272
140.219971,42.7986070000001
140.308319,42.8091580000001
140.322754,42.828049
140.372192,42.8869400000001
140.376617,42.8916630000001
140.405548,42.9169390000001
140.455231,42.9541630000001
140.46579,42.9608230000001
140.509705,42.984436
140.51944,42.9919360000001
140.52887,43.000549
140.530823,43.0066600000001
140.529419,43.0113830000001
140.478577,43.0838780000001
140.421631,43.1505430000001
140.389435,43.1666640000001
140.367737,43.17527
140.361359,43.178604
140.346924,43.189713
140.324677,43.2258220000001
140.32135,43.2355500000001
140.322205,43.2411040000001
140.354126,43.314156
140.358307,43.3188860000001
140.467743,43.36721
140.482727,43.3669360000001
140.491638,43.364716
140.511108,43.3549960000001
140.648865,43.2788770000001
140.777191,43.20388
140.795532,43.1885990000001
140.80304,43.1858220000001
141.019135,43.173882
141.141937,43.141937
141.158875,43.137772
141.166656,43.1372150000001
141.192474,43.1383290000001
141.205811,43.1405490000001
141.217194,43.145271
141.235535,43.1553800000001
141.25,43.1636050000001
141.271912,43.176659
141.288025,43.186378
141.348297,43.2324909999999
141.367188,43.2491610000001
141.389435,43.272491
141.407196,43.2913820000001
141.414978,43.30249
141.425262,43.3216629999999
141.431366,43.3397140000001
141.438568,43.368881
141.439148,43.3797149999999
141.438568,43.390274
141.43219,43.4147110000001
141.382721,43.5669400000001
141.33551,43.6960980000001
141.336914,43.7124939999999
141.34024,43.7188800000001
141.376343,43.779716
141.386383,43.7874980000001
141.413605,43.804161
141.430267,43.8127670000001
141.454956,43.8208310000001
141.468842,43.8222200000001
141.484406,43.8208310000001
141.490509,43.8227690000001
141.508606,43.82972
141.554962,43.8499980000001
141.566071,43.8558270000001
141.572205,43.8594360000001
141.597473,43.878044
141.617462,43.896942
141.625519,43.908043
141.645813,43.942215
141.648865,43.95388
141.665527,44.0008319999999
141.670258,44.0288770000001
141.668304,44.065544
141.659698,44.2172090000001
141.652466,44.2633290000001
141.650818,44.2947160000001
141.654694,44.30027
141.659149,44.3047100000001
141.669434,44.3122100000001
141.67804,44.3224950000001
141.7258,44.3888850000001
141.745239,44.4172130000001
141.750824,44.429718
141.753876,44.4413760000001
141.7883,44.5797200000001
141.794128,44.6083300000001
141.797211,44.6249920000001
141.797485,44.641106
141.795258,44.683052
141.793854,44.7088850000001
141.789978,44.734436
141.770538,44.830551
141.765808,44.8502730000001
141.76416,44.8552700000001
141.758331,44.869156
141.721344,44.948326
141.708588,44.970825
141.694702,44.992767
141.687744,45.001389
141.67691,45.0138850000001
141.611633,45.1099930000001
141.60025,45.127487
141.587189,45.155266
141.575806,45.1841580000001
141.573853,45.194153
141.573303,45.204437
141.573853,45.2152710000001
141.578033,45.2324910000001
141.584961,45.2452700000001
141.690521,45.4016570000001
141.697205,45.3983310000001
141.813873,45.416664
141.833038,45.4233250000001
141.856079,45.4347149999999
141.871338,45.445824
141.875519,45.4513850000001
141.876617,45.4569400000001
141.971069,45.4863820000001
141.98996,45.4658279999999
142.048309,45.4047090000001
