"V1","V2"
-2.38999999999993,-70.751953
-2.33111099999996,-70.756393
-2.22111099999995,-70.7555689999999
-2.16222199999993,-70.76001
-2.12777799999998,-70.7664029999999
-2.045278,-70.785843
-2.015556,-70.795837
-2.00249999999994,-70.801956
-1.99083399999995,-70.809448
-1.982778,-70.816391
-1.98694499999999,-70.822784
-2.00249999999994,-70.8277889999999
-2.021389,-70.83223
-2.04388899999992,-70.835846
-2.09638899999999,-70.842514
-2.14749999999998,-70.8477779999999
-2.17361099999999,-70.8511199999999
-2.19638900000001,-70.855011
-2.29166699999996,-70.8766779999999
-2.34166699999992,-70.890839
-2.37249999999995,-70.9005579999999
-2.39999999999998,-70.9108429999999
-2.43555599999996,-70.926956
-2.46416699999992,-70.944168
-2.49694499999993,-70.968063
-2.53388899999993,-70.991119
-2.56611199999998,-71.008057
-2.59388899999999,-71.018341
-2.62527799999998,-71.0277859999999
-2.67111199999999,-71.035278
-2.69777800000003,-71.0386199999999
-2.72277799999995,-71.040558
-2.79638899999998,-71.039734
-2.87416699999994,-71.032227
-2.92888899999997,-71.023895
-2.97861099999994,-71.012222
-3.02277799999996,-70.996948
-3.184167,-70.938339
-3.22638899999993,-70.921951
-3.29138899999992,-70.890289
-3.31555599999996,-70.876404
-3.33777800000001,-70.861389
-3.35833399999996,-70.845291
-3.40555599999993,-70.801956
-3.42083400000001,-70.785004
-3.42666700000001,-70.776947
-3.44277799999998,-70.74556
-3.44972200000001,-70.722778
-3.45416699999993,-70.7075039999999
-3.45499999999993,-70.693069
-3.45249999999993,-70.678894
-3.44249999999994,-70.666122
-3.42583400000001,-70.654175
-3.413611,-70.648895
-3.39805599999994,-70.64418
-3.379167,-70.640015
-3.35638899999998,-70.636398
-3.3075,-70.632507
-3.07833299999999,-70.636398
-3.037778,-70.6383359999999
-2.97916699999996,-70.6430659999999
-2.959723,-70.64473
-2.63805599999995,-70.680008
-2.56638899999996,-70.6908419999999
-2.53388899999993,-70.698898
-2.51916699999998,-70.703903
-2.50611099999992,-70.710007
-2.47194500000001,-70.732513
-2.4425,-70.742508
-2.42611099999993,-70.746399
-2.38999999999993,-70.751953
