"V1","V2"
160.61911,70.8146970000001
160.539429,70.8133089999999
160.503052,70.81694
160.485779,70.8197169999999
160.469971,70.823883
160.454681,70.8291630000001
160.441925,70.8369290000001
160.436371,70.8438720000001
160.406372,70.9127660000001
160.40802,70.9191440000001
160.416931,70.9246980000001
160.502472,70.9319310000001
160.518311,70.9319310000001
160.550537,70.9235990000001
160.644714,70.896378
160.71637,70.835266
160.719788,70.8185120000001
160.712189,70.8174900000001
160.691925,70.8166660000001
160.61911,70.8146970000001
