"V1","V2"
-20.536114,78.0158230000001
-20.5549999999999,78.015549
-20.583889,78.018051
-20.608612,78.0213780000001
-20.6300009999999,78.026932
-20.631943,78.0324860000001
-20.622223,78.037201
-20.598335,78.041931
-20.580555,78.044144
-20.558891,78.048599
-20.492222,78.0583190000001
-20.465275,78.061646
-20.4197199999999,78.065536
-20.401112,78.065811
-20.376389,78.0633090000001
-20.365002,78.0574800000001
-20.3627779999999,78.0516510000001
-20.369999,78.0458220000001
-20.390835,78.0397030000001
-20.536114,78.0158230000001
