"V1","V2"
-71.257507,-54.076118
-71.176392,-54.0863949999999
-71.091675,-54.063614
-71.081955,-54.0625
-71.0216669999999,-54.089447
-71.016113,-54.0930559999999
-71.009735,-54.102783
-70.991394,-54.178894
-70.986954,-54.270279
-71.1052859999999,-54.377502
-71.110291,-54.3813929999999
-71.116394,-54.3847269999999
-71.123611,-54.387222
-71.134171,-54.3863909999999
-71.142227,-54.384171
-71.153625,-54.376945
-71.158066,-54.37278
-71.1938929999999,-54.34584
-71.251114,-54.338058
-71.342224,-54.314445
-71.3477779999999,-54.3108369999999
-71.439178,-54.210281
-71.4422299999999,-54.205284
-71.4461209999999,-54.194168
-71.445557,-54.1875
-71.440002,-54.176674
-71.4361109999999,-54.171951
-71.430008,-54.168617
-71.421677,-54.166672
-71.39917,-54.166672
-71.3900149999999,-54.1655579999999
-71.382507,-54.163063
-71.376404,-54.1597289999999
-71.3716739999999,-54.155556
-71.373611,-54.15139
-71.407227,-54.1169509999999
-71.4152829999999,-54.116112
-71.493622,-54.15667
-71.531677,-54.222778
-71.537231,-54.233612
-71.540009,-54.252228
-71.540558,-54.259171
-71.641678,-54.2419509999999
-71.656403,-54.2366709999999
-71.662231,-54.233063
-71.680557,-54.203613
-71.6858369999999,-54.1930619999999
-71.6908419999999,-54.182785
-71.697784,-54.166672
-71.699448,-54.1611179999999
-71.6941679999999,-54.1502839999999
-71.635284,-54.108063
-71.6602779999999,-53.997223
-71.660843,-53.991112
-71.6602779999999,-53.984169
-71.648621,-53.970001
-71.627502,-53.954727
-71.6152799999999,-53.9483339999999
-71.607788,-53.945839
-71.569168,-53.941948
-71.468903,-53.9433359999999
-71.376114,-53.967224
-71.2994539999999,-53.991951
-71.292786,-53.994728
-71.288071,-53.998894
-71.281403,-54.013618
-71.257507,-54.076118
