"V1","V2"
-68.3966669999999,-54.95945
-68.346954,-54.9999999999999
-68.337509,-55.008339
-68.3255619999999,-55.035561
-68.325836,-55.042503
-68.328339,-55.061668
-68.330841,-55.067223
-68.345291,-55.072784
-68.5675049999999,-55.130836
-68.575012,-55.140282
-68.579727,-55.144447
-68.585556,-55.147781
-68.601395,-55.152779
-68.64473,-55.1552809999999
-68.759445,-55.1380619999999
-68.776398,-55.133896
-68.819168,-55.117226
-68.854736,-55.09639
-68.886673,-55.080284
-68.9069519999999,-55.0713959999999
-69.0197299999999,-55.0261149999999
-69.026947,-55.023338
-69.037506,-55.022507
-69.044724,-55.025002
-69.054733,-55.03334
-69.0583339999999,-55.038063
-69.0608369999999,-55.043617
-69.061111,-55.057228
-69.058899,-55.062782
-68.9677889999999,-55.110558
-68.9605559999999,-55.1136169999999
-68.89418,-55.137222
-68.7819519999999,-55.176392
-68.771118,-55.177223
-68.5972289999999,-55.1813959999999
-68.446945,-55.182785
-68.3858339999999,-55.1850049999999
-68.376114,-55.186394
-68.277786,-55.225006
-68.210556,-55.2650069999999
-68.20723,-55.26973
-68.206116,-55.275841
-68.20723,-55.281952
-68.210846,-55.286667
-68.215836,-55.2908399999999
-68.224167,-55.29306
-68.512222,-55.313339
-68.566391,-55.313896
-68.588058,-55.3124999999999
-68.607224,-55.309723
-68.615845,-55.3075029999999
-68.621674,-55.303894
-68.631119,-55.2958369999999
-68.634735,-55.2908399999999
-68.63945,-55.280006
-68.6463929999999,-55.270279
-68.6547239999999,-55.2613909999999
-68.666397,-55.254448
-68.6844479999999,-55.250839
-68.696671,-55.250839
-68.713623,-55.255005
-68.735291,-55.2630619999999
-68.741394,-55.2663959999999
-68.7450099999999,-55.271118
-68.738892,-55.274727
-68.6005709999999,-55.354729
-68.545288,-55.3455579999999
-68.516113,-55.334724
-68.5002899999999,-55.330002
-68.482224,-55.326393
-68.4605559999999,-55.325279
-68.4111179999999,-55.3302839999999
-68.343903,-55.3469469999999
-68.1666719999999,-55.395836
-68.159454,-55.398613
-68.145004,-55.4177779999999
-68.151123,-55.4430619999999
-68.1539,-55.448616
-68.173065,-55.4580609999999
-68.176682,-55.4630579999999
-68.173065,-55.467781
-68.166946,-55.471115
-68.158615,-55.473335
-68.1488949999999,-55.474724
-68.126114,-55.473892
-68.0665969999999,-55.469662
-68.107788,-55.518616
-68.110291,-55.5238949999999
-68.107788,-55.5280609999999
-68.048889,-55.579445
-68.043839,-55.5832439999999
-68.016113,-55.588341
-67.971115,-55.590561
-67.963898,-55.593338
-67.979446,-55.671951
-68.053619,-55.712502
-68.0665969999999,-55.718243
-68.075562,-55.720558
-68.08667,-55.72139
-68.096115,-55.720001
-68.102234,-55.716393
-68.109726,-55.706947
-68.111954,-55.701393
-68.1447299999999,-55.671951
-68.223343,-55.62056
-68.268066,-55.578613
-68.256958,-55.5641709999999
-68.247223,-55.542229
-68.247223,-55.535561
-68.248337,-55.529167
-68.255569,-55.5238949999999
-68.266403,-55.517502
-68.360565,-55.4816739999999
-68.376114,-55.476952
-68.384735,-55.478889
-68.40918,-55.499451
-68.4152829999999,-55.502785
-68.4236149999999,-55.505005
-68.4575039999999,-55.5061109999999
-68.468613,-55.505562
-68.478058,-55.503891
-68.484177,-55.500557
-68.539459,-55.469452
-68.608063,-55.4672239999999
-68.729172,-55.4680559999999
-68.765839,-55.495285
-68.773056,-55.4977799999999
-68.824173,-55.510002
-68.8338929999999,-55.511116
-68.84584,-55.511116
-68.855835,-55.509727
-68.863068,-55.50695
-68.89418,-55.49028
-68.9391779999999,-55.4597239999999
-68.9652859999999,-55.433617
-68.970001,-55.4286119999999
-68.972504,-55.42334
-68.972229,-55.416389
-68.966125,-55.413063
-68.940567,-55.400284
-68.93306,-55.397507
-68.924454,-55.395561
-68.867783,-55.386948
-68.847229,-55.3850019999999
-68.8363949999999,-55.384445
-68.823334,-55.3905559999999
-68.8111109999999,-55.390839
-68.7916719999999,-55.388062
-68.775009,-55.3841709999999
-68.763062,-55.338341
-68.761948,-55.333336
-68.770279,-55.33139
-68.781113,-55.331947
-68.789459,-55.333893
-68.897507,-55.361389
-68.912506,-55.3422239999999
-68.893341,-55.285278
-68.864731,-55.2369459999999
-68.861115,-55.232224
-68.829453,-55.215279
-68.8147279999999,-55.203056
-68.806122,-55.1941679999999
-68.803619,-55.188614
-68.811951,-55.186394
-68.827789,-55.191116
-68.958618,-55.245834
-68.9664,-55.262222
-68.972504,-55.2655559999999
-68.982224,-55.266945
-69.032791,-55.269173
-69.141678,-55.25
-69.150284,-55.24778
-69.171402,-55.240005
-69.1905669999999,-55.2302779999999
-69.206955,-55.21917
-69.2164,-55.210838
-69.225571,-55.195557
-69.239456,-55.13945
-69.258621,-55.135002
-69.3780669999999,-55.150841
-69.4044489999999,-55.1561129999999
-69.4300079999999,-55.161949
-69.434723,-55.166115
-69.4313959999999,-55.1697239999999
-69.420288,-55.17028
-69.410843,-55.169174
-69.363892,-55.1622239999999
-69.299179,-55.1655579999999
-69.290848,-55.167503
-69.267227,-55.223335
-69.266113,-55.2294459999999
-69.372513,-55.249168
-69.388336,-55.290558
-69.3027799999999,-55.366394
-69.301956,-55.423889
-69.301117,-55.43
-69.2939,-55.432785
-69.218063,-55.441116
-69.210556,-55.438339
-69.200836,-55.437225
-69.1466669999999,-55.441116
-69.1383359999999,-55.4430619999999
-69.1469569999999,-55.493057
-69.154449,-55.509445
-69.163071,-55.511391
-69.174179,-55.512222
-69.323624,-55.488892
-69.414459,-55.502228
-69.425568,-55.502785
-69.4325099999999,-55.4999999999999
-69.436111,-55.4950029999999
-69.492508,-55.413063
-69.466125,-55.378334
-69.4175109999999,-55.371948
-69.4088899999999,-55.370003
-69.395569,-55.363892
-69.39418,-55.359169
-69.465836,-55.339172
-69.487503,-55.337502
-69.498337,-55.338058
-69.5733339999999,-55.377785
-69.6033479999999,-55.340279
-69.607788,-55.336113
-69.613892,-55.332779
-69.622223,-55.330559
-69.6975099999999,-55.311951
-69.706955,-55.3102799999999
-69.6963959999999,-55.280281
-69.6736149999999,-55.253059
-69.658615,-55.2402799999999
-69.5888979999999,-55.21167
-69.570847,-55.2086179999999
-69.55278,-55.205284
-69.535568,-55.201393
-69.522232,-55.195282
-69.511124,-55.187782
-69.501114,-55.179726
-69.5,-55.175003
-69.508347,-55.172783
-69.537231,-55.1766739999999
-69.5541689999999,-55.180557
-69.589737,-55.19445
-69.6689,-55.230003
-69.6750029999999,-55.233337
-69.68251,-55.23584
-69.699448,-55.239723
-69.8313899999999,-55.259445
-69.8519589999999,-55.261116
-69.861679,-55.259445
-69.921402,-55.2277829999999
-69.915283,-55.2244489999999
-69.863342,-55.220558
-69.84639,-55.216667
-69.8400119999999,-55.213341
-69.837784,-55.207779
-69.843613,-55.2041699999999
-69.903336,-55.172501
-70.0088959999999,-55.1697239999999
-70.019455,-55.168892
-70.026947,-55.16584
-70.031403,-55.161667
-70.03334,-55.1563949999999
-70.03334,-55.150841
-70.009445,-55.130005
-69.93779,-55.081673
-69.9316709999999,-55.078339
-69.916946,-55.0730589999999
-69.900009,-55.069168
-69.890289,-55.06778
-69.792786,-55.054726
-69.7508389999999,-55.051949
-69.6427919999999,-55.045006
-69.362793,-55.014725
-69.193344,-54.989449
-68.991119,-54.979446
-68.836945,-54.98278
-68.826126,-54.983337
-68.816681,-54.982224
-68.799728,-54.9780579999999
-68.779175,-54.969452
-68.767227,-54.962502
-68.762512,-54.958336
-68.7563929999999,-54.955002
-68.741959,-54.949722
-68.733612,-54.947502
-68.663071,-54.940559
-68.652237,-54.939728
-68.516113,-54.93084
-68.5052799999999,-54.931671
-68.410004,-54.953056
-68.4027859999999,-54.955833
-68.3966669999999,-54.95945
