"V1","V2"
130.916382,-0.794721999999979
130.893036,-0.834444000000019
130.88916,-0.837221999999997
130.866364,-0.848888999999986
130.838287,-0.863054999999918
130.796356,-0.876388999999904
130.667755,-0.903611000000012
130.583313,-0.912499999999909
130.559967,-0.909721999999988
130.47995,-0.90638899999999
130.474396,-0.90638899999999
130.443024,-0.911945000000003
130.421631,-0.924999999999955
130.411377,-0.928332999999952
130.399719,-0.93027799999993
130.396942,-0.926388999999972
130.396942,-0.919443999999999
130.448303,-0.865277999999989
130.486633,-0.835278000000017
130.584137,-0.82749999999993
130.724396,-0.82833299999993
130.731354,-0.82833299999993
130.804688,-0.811110999999983
130.841034,-0.770538999999985
130.884155,-0.769443999999964
130.88916,-0.771388999999942
130.917206,-0.784444000000008
130.918579,-0.79000000000002
130.916382,-0.794721999999979
