"V1","V2"
-149.478363,-76.898346
-149.448914,-76.9113919999999
-149.307526,-76.9741669999999
-149.088898,-77.0758359999999
-149.073334,-77.0886229999999
-149.071411,-77.095001
-149.07251,-77.100845
-149.076416,-77.107513
-149.097778,-77.114456
-149.12558,-77.118622
-149.179474,-77.124176
-149.251678,-77.126953
-149.310028,-77.127792
-149.368622,-77.127502
-149.456696,-77.126114
-149.545837,-77.120834
-149.576141,-77.1172329999999
-149.609741,-77.111954
-149.631683,-77.106125
-149.662506,-77.100006
-149.720001,-77.091125
-149.843903,-77.0861209999999
-150.045837,-77.082779
-150.135834,-77.083069
-150.162506,-77.08139
-150.225006,-77.075012
-150.274445,-77.0624999999999
-150.29306,-77.056122
-150.300293,-77.049728
-150.320557,-77.036957
-150.346405,-77.02417
-150.399445,-77.005844
-150.489197,-76.991119
-150.561737,-76.984604
-150.66864,-76.975281
-150.698334,-76.9702909999999
-150.719727,-76.9633479999999
-150.729462,-76.9575039999999
-150.736389,-76.951126
-150.734741,-76.9438929999999
-150.730286,-76.9375
-150.719727,-76.9308469999999
-150.706696,-76.924728
-150.678894,-76.9180599999999
-150.648346,-76.9130709999999
-150.625854,-76.9102779999999
-150.537781,-76.905014
-150.477509,-76.903625
-150.391113,-76.905563
-150.336395,-76.905563
-150.220001,-76.898346
-150.138336,-76.891678
-150.107788,-76.886673
-150.054749,-76.8802799999999
-149.985352,-76.8736719999999
-149.91391,-76.868057
-149.829193,-76.863068
-149.743347,-76.8619539999999
-149.656952,-76.863617
-149.627808,-76.8658449999999
-149.598083,-76.8691709999999
-149.568359,-76.874176
-149.516418,-76.8858339999999
-149.478363,-76.898346
