"V1","V2"
-108.368332,67.4672090000001
-108.381943,67.4666600000001
-108.398064,67.467758
-108.433884,67.4766540000001
-108.444443,67.47998
-108.452789,67.4838710000001
-108.458893,67.4880370000001
-108.492493,67.5197140000001
-108.496384,67.5244290000001
-108.495827,67.529984
-108.491379,67.5630340000001
-108.481377,67.566376
-108.457779,67.5680540000001
-108.335831,67.565811
-108.297501,67.5572050000001
-108.285828,67.5430450000001
-108.284439,67.5377660000001
-108.295273,67.4969330000001
-108.301666,67.491089
-108.357224,67.469437
-108.368332,67.4672090000001
