"V1","V2"
-170.60556,52.590828
-170.611664,52.587494
-170.618591,52.585258
-170.634766,52.5819400000001
-170.655029,52.581383
-170.665039,52.5827640000001
-170.688904,52.589432
-170.698883,52.590546
-170.708069,52.5897059999999
-170.736115,52.5799870000001
-170.748077,52.5736010000001
-170.770294,52.559433
-170.795013,52.532494
-170.838928,52.5491640000001
-170.841675,52.5541530000001
-170.842224,52.566376
-170.838928,52.583603
-170.83725,52.5897059999999
-170.822266,52.619156
-170.818054,52.6238710000001
-170.748871,52.67305
-170.741943,52.6752620000001
-170.676147,52.6941530000001
-170.667267,52.6952670000001
-170.631409,52.6919330000001
-170.605286,52.686646
-170.592224,52.682487
-170.569489,52.6744310000001
-170.563324,52.671371
-170.562775,52.666656
-170.562775,52.649994
-170.564758,52.6438830000001
-170.60141,52.595261
-170.60556,52.590828
