"V1","V2"
-38.902779,83.2905430000001
-39.030556,83.2863770000001
-39.173889,83.2866520000001
-39.2386089999999,83.2897030000001
-39.315834,83.2963710000001
-39.565552,83.324158
-39.611389,83.3327640000001
-39.6219409999999,83.3369290000001
-39.609169,83.34082
-39.581947,83.346939
-39.4716639999999,83.384155
-39.4202799999999,83.397217
-39.398056,83.3997190000001
-39.3675,83.401382
-39.223885,83.396942
-39.173615,83.3930510000001
-39.0866619999999,83.3816530000001
-39.0708389999999,83.377197
-38.907776,83.294434
-38.902779,83.2905430000001
