"V1","V2"
122.681091,12.3080540000001
122.640266,12.2644440000001
122.549988,12.356665
122.537773,12.364164
122.502213,12.378609
122.498032,12.3802759999999
122.483322,12.3855550000001
122.473602,12.3869439999999
122.463043,12.3899990000001
122.452477,12.3949990000001
122.443863,12.4024980000001
122.433594,12.4133320000001
122.424988,12.4324990000001
122.423599,12.438887
122.428589,12.452776
122.43248,12.4611090000001
122.455833,12.4827750000001
122.459991,12.4858300000001
122.464432,12.4877759999999
122.47998,12.4936080000001
122.489151,12.496109
122.533333,12.5024990000001
122.560806,12.5024990000001
122.616653,12.4969429999999
122.651382,12.4911079999999
122.669434,12.4836080000001
122.695824,12.434164
122.704437,12.4166660000001
122.708878,12.405277
122.709152,12.40111
122.703598,12.3638860000001
122.697479,12.3344420000001
122.693039,12.3224980000001
122.681091,12.3080540000001
