"V1","V2"
3.2477770000001,39.734718
3.26083299999999,39.733604
3.27499999999992,39.737778
3.29333299999996,39.7458270000001
3.32361099999997,39.759438
3.33333300000004,39.766106
3.34388900000005,39.775833
3.38277800000003,39.773331
3.43972200000002,39.750275
3.48027800000006,39.7216640000001
3.47972200000009,39.711105
3.46361100000001,39.6613850000001
3.44749999999999,39.640274
3.37749999999994,39.5527730000001
3.37166600000006,39.5491640000001
3.33194400000008,39.5263820000001
3.32027800000009,39.520554
3.30555500000014,39.5022200000001
3.2880550000001,39.467499
3.26694400000002,39.412773
3.2419440000001,39.3644410000001
3.08194400000014,39.273048
3.06361100000009,39.2636110000001
3.05694399999999,39.263054
3.02916600000009,39.2830510000001
2.98555499999998,39.3186040000001
2.829722,39.3533330000001
2.79944399999999,39.36055
2.78638899999999,39.364716
2.78138899999999,39.3691640000001
2.75527799999998,39.3924940000001
2.74555500000002,39.4063870000001
2.74305500000008,39.411659
2.72777700000006,39.4730529999999
2.74166600000012,39.4908290000001
2.74638800000002,39.49472
2.75277800000009,39.4966660000001
2.75472200000002,39.5024950000001
2.75361100000009,39.5074999999999
2.74500000000012,39.515831
2.73638899999992,39.523888
2.73166700000002,39.5274960000001
2.69444400000003,39.5519409999999
2.67527799999999,39.559441
2.66250000000002,39.563606
2.65611100000007,39.5644380000001
2.54638900000003,39.524719
2.54250000000013,39.520271
2.43694400000004,39.5216600000001
2.38916599999993,39.524994
2.36416600000001,39.555832
2.38611100000014,39.612778
2.53861100000006,39.7002720000001
2.68388800000008,39.7938840000001
2.77777800000001,39.844719
2.98777800000005,39.91111
3.07138900000007,39.9219440000001
3.09694400000006,39.911385
3.09194400000007,39.9013820000001
3.08888900000011,39.8913880000001
3.08944400000001,39.885826
3.1244440000001,39.8122180000001
3.13472200000001,39.792221
3.13833299999999,39.787498
3.15194400000013,39.775833
3.18083299999995,39.7599950000001
3.24138900000003,39.736107
3.2477770000001,39.734718
