"V1","V2"
-20.467503,-74.3302919999999
-20.572781,-74.430557
-20.588337,-74.446671
-20.589447,-74.455002
-20.5863909999999,-74.462509
-20.576115,-74.47612
-20.5619469999999,-74.4822239999999
-20.533058,-74.492783
-20.350559,-74.570282
-20.270557,-74.611389
-20.2383349999999,-74.6302799999999
-20.168892,-74.672791
-20.158337,-74.6797329999999
-20.150837,-74.6855619999999
-20.1366689999999,-74.6991729999999
-20.122501,-74.712784
-20.090836,-74.747513
-20.080559,-74.761673
-20.068336,-74.792786
-20.073059,-74.801956
-20.085003,-74.818344
-20.108059,-74.842514
-20.119446,-74.8505709999999
-20.1466669999999,-74.861679
-20.1694449999999,-74.8647309999999
-20.195557,-74.866394
-20.227501,-74.866394
-20.258614,-74.864182
-20.379448,-74.8505709999999
-20.406113,-74.84668
-20.448059,-74.8386229999999
-20.4599799999999,-74.8333279999999
-20.470558,-74.827515
-20.480835,-74.820557
-20.501114,-74.7930599999999
-20.510834,-74.777786
-20.5172229999999,-74.763336
-20.537502,-74.735565
-20.571945,-74.701675
-20.606392,-74.674454
-20.6241679999999,-74.661667
-20.700279,-74.62056
-20.728615,-74.608063
-20.766113,-74.5936129999999
-20.783611,-74.587234
-20.813057,-74.57695
-20.8511119999999,-74.5697329999999
-20.877502,-74.5669559999999
-21.2663919999999,-74.530563
-21.33139,-74.527786
-21.361668,-74.525558
-21.414169,-74.51973
-21.521114,-74.50029
-21.55389,-74.49028
-21.592224,-74.4727779999999
-21.599167,-74.4669489999999
-21.603615,-74.450836
-21.601948,-74.4425049999999
-21.593891,-74.435562
-21.5825,-74.4275049999999
-21.56778,-74.420563
-21.554447,-74.415558
-21.534168,-74.4108429999999
-21.495281,-74.404175
-21.451115,-74.399445
-21.365837,-74.396667
-21.30389,-74.397507
-21.250557,-74.395004
-21.206112,-74.390289
-21.183056,-74.3863979999999
-21.02417,-74.356674
-20.985279,-74.348892
-20.9299999999999,-74.3361209999999
-20.729446,-74.279175
-20.698612,-74.2664029999999
-20.67778,-74.253067
-20.65889,-74.2369539999999
-20.652225,-74.230835
-20.6358339999999,-74.212784
-20.612503,-74.188614
-20.5897249999999,-74.1652829999999
-20.555557,-74.1450039999999
-20.542503,-74.1400149999999
-20.522503,-74.1341709999999
-20.490837,-74.126114
-20.468891,-74.1233369999999
-20.422501,-74.118622
-20.4049679999999,-74.118317
-20.3913919999999,-74.118057
-20.3694459999999,-74.1216739999999
-20.360001,-74.1358339999999
-20.3208349999999,-74.2333369999999
-20.3216669999999,-74.2416689999999
-20.336945,-74.257782
-20.384167,-74.283066
-20.415001,-74.295837
-20.449722,-74.316116
-20.467503,-74.3302919999999
