"V1","V2"
-161.739716,55.056099
-161.748871,55.053604
-161.758636,55.0541610000001
-161.767792,55.056099
-161.774719,55.0586010000001
-161.781677,55.0622100000001
-161.903351,55.132492
-161.906128,55.145271
-161.906952,55.1513820000001
-161.900574,55.1549909999999
-161.858032,55.1663820000001
-161.847778,55.168053
-161.827789,55.1708300000001
-161.81723,55.171104
-161.729431,55.1586
-161.726105,55.1527710000001
-161.732208,55.148605
-161.663055,55.129158
-161.656128,55.1263810000001
-161.645294,55.1185990000001
-161.641388,55.113327
-161.640564,55.1072159999999
-161.645294,55.1033250000001
-161.739716,55.056099
