"V1","V2"
19.3005520000001,70.026108
19.3341640000001,70.0105440000001
19.363052,69.999435
19.394165,69.9888760000001
19.408607,69.986099
19.4236109999999,69.986938
19.421387,69.9922180000001
19.4119420000001,70.001389
19.41222,70.007217
19.414719,70.013321
19.4227750000001,70.0183260000001
19.4494440000001,70.031387
19.4869420000001,70.047775
19.4991649999999,70.050278
19.512775,70.0519410000001
19.527775,70.05249
19.547222,70.0508270000001
19.5616650000001,70.04805
19.6519430000001,70.020264
19.661388,70.0163880000001
19.6780550000001,70.0086059999999
19.6897200000001,69.99971
19.691944,69.9947200000001
19.6866649999999,69.982498
19.6813890000001,69.97583
19.509441,69.9022220000001
19.41111,69.835541
19.3949969999999,69.8277740000001
19.349442,69.8163760000001
19.287777,69.8049930000001
19.1797220000001,69.7919310000001
19.1349980000001,69.789444
19.118889,69.789444
19.0997200000001,69.7913820000001
19.089996,69.794998
19.0655520000001,69.819717
19.0630530000001,69.824707
19.0416640000001,69.837219
19.0322190000001,69.8411100000001
18.9552760000001,69.8702700000001
18.931389,69.8766630000001
18.8880540000001,69.8847200000001
18.848888,69.8930510000001
18.7694440000001,69.910263
18.7575,69.9136050000001
18.738052,69.920822
18.730831,69.9249880000001
18.7211070000001,69.9341580000001
18.7211070000001,69.939987
18.724998,69.9452670000001
18.8355520000001,70.0061040000001
18.855553,70.013611
18.8769420000001,70.020264
18.9463880000001,70.0277710000001
19.0099980000001,70.027222
19.054443,70.020264
19.1111110000001,70.0599980000001
19.153332,70.0830540000001
19.161663,70.085831
19.219166,70.0963750000001
19.231388,70.0930480000001
19.3016660000001,70.0599980000001
19.291386,70.0469360000001
19.288887,70.0408330000001
19.29361,70.030548
19.3005520000001,70.026108
