"V1","V2"
-75.12056,-48.833618
-75.129181,-48.83445
-75.1361239999999,-48.831947
-75.242233,-48.787224
-75.2469479999999,-48.78334
-75.249176,-48.778336
-75.248337,-48.771393
-75.2463989999999,-48.765282
-75.186951,-48.717781
-75.084457,-48.6391679999999
-75.078903,-48.636116
-75.0713959999999,-48.634445
-75.065292,-48.6375049999999
-75.0614009999999,-48.6480559999999
-75.057785,-48.658615
-75.053894,-48.67556
-75.0547329999999,-48.688614
-75.056671,-48.702507
-75.0813899999999,-48.773056
-75.084167,-48.778336
-75.107224,-48.821114
-75.114731,-48.8305589999999
-75.12056,-48.833618
