"V1","V2"
100.031097,-2.84194400000001
100.01944,-2.84249999999992
100.012497,-2.83555599999994
100.00972,-2.83166699999998
100.007767,-2.82666699999999
99.989426,-2.75222299999996
99.961105,-2.55166700000001
99.966095,-2.50972200000001
99.970825,-2.50027799999992
99.9769290000001,-2.49277799999993
99.9816590000001,-2.49055600000003
99.9871980000001,-2.48916699999995
99.9927520000001,-2.48916699999995
99.9974819999999,-2.49138900000003
100.005829,-2.49694399999993
100.156372,-2.62555600000002
100.162773,-2.6330549999999
100.189972,-2.66722199999998
100.206383,-2.69194399999992
100.210541,-2.70138900000001
100.214157,-2.71861099999995
100.216087,-2.75083399999988
100.214157,-2.75555599999996
100.203018,-2.75892799999997
100.194977,-2.76027800000003
100.175537,-2.76861100000002
100.157761,-2.77805599999999
100.146103,-2.78694499999989
100.142212,-2.79666699999996
100.141373,-2.80277799999993
100.141373,-2.816667
100.139977,-2.82194499999997
100.135818,-2.82472199999989
100.031097,-2.84194400000001
