"V1","V2"
143.638031,-8.73305499999998
143.632446,-8.734444
143.601074,-8.692499
143.585785,-8.67972200000003
143.487732,-8.62888699999996
143.367188,-8.54472399999997
143.27887,-8.51027900000003
143.269989,-8.50555599999996
143.252777,-8.49527699999999
143.240509,-8.48722099999992
143.18219,-8.42972199999997
143.180817,-8.42416799999995
143.183594,-8.42000000000002
143.211639,-8.415277
143.217743,-8.416111
143.227448,-8.42611099999999
143.233032,-8.43444399999998
143.251373,-8.45666699999998
143.261658,-8.46694399999996
143.274689,-8.47444299999995
143.324677,-8.48583200000002
143.371338,-8.49388899999997
143.42276,-8.51083399999993
143.467194,-8.52777900000001
143.644135,-8.66472199999993
143.647491,-8.66805599999992
143.651642,-8.67777799999999
143.653046,-8.68305600000002
143.653595,-8.689167
143.653046,-8.70055599999995
143.641357,-8.72972099999998
143.638031,-8.73305499999998
