"V1","V2"
-99.155563,80.174698
-99.1272129999999,80.168045
-99.113892,80.1638790000001
-99.138062,80.162491
-99.160553,80.1630400000001
-99.184998,80.167755
-99.2519529999999,80.1730350000001
-99.277496,80.1730350000001
-99.313614,80.1710970000001
-99.3413849999999,80.1660920000001
-99.333069,80.1594240000001
-99.303604,80.1538700000001
-99.3055569999999,80.1483310000001
-99.3424989999999,80.1455380000001
-99.3752749999999,80.1472170000001
-99.4005579999999,80.150818
-99.41806,80.1572110000001
-99.418335,80.1630400000001
-99.41333,80.168869
-99.386948,80.1788640000001
-99.3669429999999,80.1822050000001
-99.2391659999999,80.1838680000001
-99.211945,80.1822050000001
-99.155563,80.174698
