"V1","V2"
139.190796,76.0722200000001
139.290527,76.0572050000001
139.34024,76.050262
139.365234,76.0480350000001
139.389984,76.044708
139.464691,76.031937
139.509705,76.019989
139.549988,76.008331
139.579956,75.9966429999999
139.644989,75.9791560000001
139.669708,75.9755400000001
139.694122,75.9733120000001
139.767761,75.9736020000001
139.792206,75.9724880000001
139.816925,75.9699860000001
139.836639,75.9641570000001
139.866638,75.952484
139.901642,75.9369200000001
139.906647,75.9310910000001
139.906921,75.9252620000001
139.882721,75.921371
139.858002,75.924988
139.833588,75.9260860000001
139.786652,75.8916630000001
139.786926,75.885544
139.801636,75.8797000000001
139.935242,75.836105
140.033051,75.8183290000001
140.159698,75.8008120000001
140.219971,75.819153
140.24411,75.8241580000001
140.268311,75.8241580000001
140.389984,75.8158110000001
140.438568,75.8110960000001
140.496918,75.7933200000001
140.526093,75.7813720000001
140.535797,75.7755430000001
140.545532,75.7636110000001
140.545532,75.7574920000001
140.540802,75.745819
140.536102,75.7397
140.488007,75.7219240000001
140.473572,75.71582
140.463867,75.709991
140.454407,75.6980290000001
140.430817,75.656372
140.430817,75.64444
140.454956,75.6397090000001
140.479126,75.636108
140.647217,75.621918
140.863007,75.609711
140.887207,75.608597
140.911102,75.608597
140.935242,75.611923
140.983307,75.6216430000001
141.031647,75.633331
141.051086,75.639435
141.060791,75.645264
140.979675,75.679977
140.87439,75.7313689999999
140.864685,75.7371980000001
140.86969,75.743317
140.89444,75.784714
140.909698,75.832489
140.909973,75.850266
140.881348,75.886108
140.876617,75.897766
140.876617,75.90387
140.902191,75.981094
140.922211,76.0047150000001
140.9422,76.021378
140.957184,76.0330510000001
140.971893,76.039154
140.991913,76.044983
141.016388,76.049713
141.041077,76.051926
141.189148,76.057755
141.213593,76.056366
141.384979,76.035812
141.507202,76.018875
141.531372,76.015274
141.550812,76.0102690000001
141.565247,76.0044400000001
141.579681,75.9997100000001
141.604401,76.000824
141.61441,76.0066530000001
141.61969,76.0124970000001
141.619965,76.0186
141.610504,76.0244290000001
141.489685,76.0652620000001
141.485229,76.0711059999999
141.389984,76.148605
141.380249,76.154434
141.306641,76.1724850000001
141.306915,76.1783139999999
141.331909,76.1805420000001
141.356628,76.1805420000001
141.405823,76.171097
141.581909,76.1277620000001
141.763031,76.099716
142.00943,76.033325
142.129395,75.9997100000001
142.363281,75.9330440000001
142.401093,75.920822
142.429138,75.9086000000001
142.433319,75.9027710000001
142.432739,75.8969420000001
142.45108,75.8847200000001
142.464966,75.87886
142.512756,75.867752
142.560242,75.857758
142.656372,75.846375
142.753052,75.8410950000001
142.873291,75.831665
142.897217,75.829163
142.992462,75.814148
143.088562,75.806091
143.136932,75.8058170000001
143.161377,75.8066410000001
143.235504,75.814423
143.359406,75.8299870000001
143.369965,75.835815
143.385529,75.8413699999999
143.410797,75.8472140000001
143.559967,75.8658140000001
143.584412,75.866928
143.633026,75.8663790000001
143.657196,75.8649900000001
143.900543,75.837204
143.924133,75.833328
144.017487,75.8133090000001
144.22525,75.760544
144.475525,75.7097170000001
144.522217,75.7016600000001
144.617462,75.6955260000001
144.641663,75.6963650000001
144.689697,75.6947020000001
144.713013,75.691925
144.731354,75.68692
144.76416,75.662491
144.80304,75.643875
144.825531,75.6377720000001
144.895813,75.6294250000001
145.013306,75.6180420000001
145.107452,75.6105350000001
145.154144,75.6049800000001
145.200256,75.597214
145.222748,75.5919339999999
145.284973,75.573044
145.30246,75.56694
145.383606,75.529434
145.391357,75.5233150000001
145.394714,75.517487
145.393036,75.511383
145.373566,75.510544
145.349701,75.510818
145.279144,75.514709
145.231079,75.5141600000001
145.206635,75.512207
145.083038,75.4949799999999
145.057739,75.4908140000001
144.986908,75.4738770000001
144.925812,75.4580380000001
144.877167,75.4541629999999
144.803864,75.445526
144.77887,75.4410860000001
144.753876,75.435532
144.738281,75.4297030000001
144.71637,75.4183200000001
144.705536,75.4122010000001
144.688568,75.400543
144.664429,75.335266
144.667755,75.3291630000001
144.680817,75.324158
144.703033,75.318878
144.788879,75.300812
144.811646,75.2980350000001
144.858582,75.2960970000001
144.881348,75.293594
144.903595,75.287201
144.916382,75.281097
144.94165,75.2686
144.931091,75.2638850000001
144.834137,75.2536010000001
144.7258,75.232208
144.719116,75.202484
144.712189,75.172485
144.706085,75.1666559999999
144.695526,75.1608120000001
144.680267,75.154984
144.631348,75.1461030000001
144.607178,75.143051
144.587189,75.137207
144.512207,75.1144259999999
144.471069,75.0969390000001
144.46051,75.0910950000001
144.454681,75.085266
144.412476,75.0616460000001
144.397217,75.055817
144.348297,75.0444340000001
144.324982,75.043594
144.301636,75.043869
144.278595,75.045532
144.256104,75.048325
144.233032,75.0497130000001
144.186646,75.050262
144.115509,75.0441440000001
144.066925,75.0327610000001
144.019135,75.0260930000001
143.995789,75.0252690000001
143.972473,75.025543
143.949707,75.026932
143.904419,75.0336
143.859955,75.046097
143.824982,75.058594
143.780548,75.071106
143.758026,75.0749970000001
143.597198,75.0888820000001
143.574127,75.0902710000001
143.550812,75.0905460000001
143.503601,75.086105
143.479675,75.082764
143.478851,75.078049
143.459412,75.073318
143.435791,75.069992
143.38858,75.0658110000001
143.365509,75.0672150000001
143.342468,75.069717
143.319977,75.073608
143.297211,75.0785980000001
143.252472,75.0910950000001
143.206909,75.098877
143.041656,75.119431
142.972473,75.1260830000001
142.949127,75.1263730000001
142.926086,75.1288600000001
142.903595,75.1338810000001
142.890259,75.139984
142.873016,75.152206
142.86911,75.158325
142.870514,75.1702580000001
142.862732,75.1822050000001
142.834412,75.2183230000001
142.811371,75.222214
142.788025,75.2236020000001
142.764435,75.2224880000001
142.741058,75.2238770000001
142.718018,75.227768
142.704681,75.2338710000001
142.679688,75.2638850000001
142.665527,75.3022000000001
142.656647,75.3083190000001
142.63858,75.3144230000001
142.615509,75.320541
142.569427,75.330551
142.533051,75.3427580000001
142.505829,75.3549800000001
142.496918,75.3608090000001
142.492737,75.3669280000001
142.506042,75.4537200000001
142.512482,75.462494
142.632172,75.5130460000001
142.677185,75.530548
142.731903,75.546936
142.805237,75.5594180000001
142.893036,75.573044
142.961365,75.5819400000001
143.010529,75.5922090000001
143.021088,75.598038
143.03775,75.6158140000001
143.039429,75.627762
143.043579,75.657486
143.040527,75.6697080000001
143.027466,75.681656
143.01886,75.687485
143.004974,75.693863
142.949707,75.7119289999999
142.926086,75.716934
142.902191,75.718323
142.666656,75.7274780000001
142.593842,75.7244260000001
142.544983,75.7199860000001
142.447479,75.711105
142.432297,75.6889650000001
142.428864,75.6719210000001
142.423584,75.6658170000001
142.399139,75.662491
142.374664,75.6602630000001
142.22995,75.655258
142.140259,75.5908200000001
142.113586,75.501389
142.150818,75.3816530000001
142.155243,75.3755340000001
142.213013,75.3333280000001
142.286377,75.3091430000001
142.318298,75.2969360000001
142.390808,75.268875
142.41803,75.256653
142.580811,75.15387
142.593567,75.1416630000001
142.60968,75.117752
142.604401,75.1116490000001
142.612457,75.099716
142.634979,75.093597
142.680817,75.085815
142.749695,75.076935
142.818573,75.069153
142.843842,75.0672150000001
142.890533,75.06694
142.96051,75.069717
143.029968,75.0655360000001
143.098846,75.057755
143.166382,75.0427550000001
143.347198,75.008606
143.392761,75.002213
143.415802,75.000549
143.439148,75.001663
143.510254,75.0116580000001
143.533875,75.013885
143.55719,75.014709
143.579956,75.0122070000001
143.602173,75.0058290000001
143.637207,74.9933169999999
143.663025,74.9810940000001
143.671356,74.9749909999999
143.703308,74.9447020000001
143.706909,74.9385830000001
143.691925,74.9327549999999
143.64444,74.923599
143.454132,74.8897090000001
143.430817,74.8874970000001
143.31665,74.8947140000001
143.270538,74.895264
143.178314,74.893875
143.131897,74.893051
142.955536,74.883881
142.785248,74.8852690000001
142.766479,74.8906560000001
142.74469,74.893875
142.698578,74.89444
142.679688,74.8908230000001
142.656097,74.8849950000001
142.619965,74.8491520000001
142.62384,74.8433230000001
142.646637,74.8419340000001
142.693573,74.8486020000001
142.711914,74.847214
142.71109,74.84137
142.696625,74.8355410000001
142.579681,74.8169400000001
142.556366,74.8135990000001
142.487457,74.8116459999999
142.44165,74.8133090000001
142.396088,74.8172150000001
142.373566,74.819717
142.3508,74.8236080000001
142.07135,74.8899840000001
142.017212,74.9083250000001
141.977173,74.9266510000001
141.968292,74.9327549999999
141.969116,74.9447020000001
141.978851,74.9505460000001
141.997742,74.95665
142.021088,74.959991
142.044434,74.9622039999999
142.067749,74.9633180000001
142.113861,74.9608150000001
142.136658,74.9583280000001
142.218292,74.9385830000001
142.258881,74.9274750000001
142.281372,74.921371
142.304138,74.9163820000001
142.327179,74.91748
142.3508,74.9219210000001
142.360504,74.9280400000001
142.356628,74.933868
142.237183,74.9947050000001
142.219116,75.0008240000001
142.193848,75.004166
142.170532,75.004166
141.98468,74.996933
141.798309,74.9858090000001
141.690521,74.964706
141.583313,74.9469300000001
141.536652,74.941086
141.513611,74.9388730000001
141.443848,74.9330440000001
141.235504,74.916931
141.120239,74.911102
141.050812,74.9099880000001
140.981628,74.907761
140.916931,74.905548
140.824677,74.8910980000001
140.755554,74.883881
140.686371,74.8780360000001
140.640259,74.87442
140.594116,74.8719180000001
140.45636,74.857483
140.295807,74.8369290000001
140.066376,74.821106
140.058777,74.8274840000001
140.054413,74.838318
139.983582,74.8924870000001
139.974121,74.8983310000001
139.857452,74.931656
139.759155,74.9577640000001
139.693573,74.9744260000001
139.669983,74.9791559999999
139.646942,74.9791559999999
139.533051,74.9497069999999
139.464691,74.931656
139.46051,74.9255370000001
139.468292,74.8774720000001
139.478302,74.86554
139.496918,74.860809
139.520264,74.856094
139.566376,74.856369
139.56665,74.8491520000001
139.537476,74.8008120000001
139.533051,74.7947080000001
139.503052,74.764709
139.49411,74.7586060000001
139.392761,74.7038730000001
139.379395,74.6977540000001
139.343842,74.685806
139.32135,74.6797030000001
139.231628,74.6599880000001
139.209137,74.656097
139.164154,74.6510930000001
139.096069,74.647217
139.073578,74.646942
139.050537,74.6480410000001
139.027771,74.6502690000001
139.0047,74.65387
138.934692,74.6713710000001
138.892761,74.6833189999999
138.85495,74.694977
138.812744,74.70694
138.766083,74.7185969999999
138.742737,74.723038
138.673584,74.7299800000001
138.465515,74.75
138.257202,74.767487
138.208588,74.7713780000001
138.185516,74.7722170000001
138.162476,74.7744290000001
138.13916,74.777771
138.115509,74.7824860000001
138.068298,74.7927550000001
138.025269,74.8044280000001
137.890533,74.8452610000001
137.876068,74.8510889999999
137.865784,74.857208
137.833038,74.8916630000001
137.820801,74.9094240000001
137.814423,74.921371
137.809692,74.9513850000001
137.803314,74.9633180000001
137.79776,74.969437
137.781921,74.9810940000001
137.767487,74.9858090000001
137.743286,74.9916530000001
137.675812,75.006378
137.623291,75.015549
137.599701,75.0177610000001
137.528595,75.026382
137.5047,75.0297090000001
137.480804,75.0344239999999
137.324402,75.074432
137.140808,75.1322020000001
137.119965,75.1438749999999
136.975525,75.232208
136.910797,75.2719270000001
136.861359,75.349152
136.859955,75.3549800000001
136.868286,75.361374
136.885803,75.3674770000001
136.908325,75.3735960000001
136.930817,75.3788600000001
136.976624,75.3866580000001
137,75.388046
137.023865,75.3883210000001
137.04776,75.3863830000001
137.069122,75.3746950000001
137.093018,75.3510890000001
137.103577,75.3449860000001
137.123566,75.3394320000001
137.148315,75.334991
137.172485,75.331665
137.219971,75.329712
137.266937,75.3327640000001
137.382446,75.3461000000001
137.404968,75.352203
137.424408,75.3763730000001
137.42804,75.3824770000001
137.424683,75.400543
137.414154,75.406372
137.39444,75.4108120000001
137.345245,75.419708
137.297211,75.4227600000001
137.273315,75.4224850000001
137.25,75.421097
137.227173,75.4160919999999
137.204681,75.409714
137.19165,75.403595
137.173859,75.3974910000001
137.149719,75.3994290000001
137.133026,75.4113770000001
137.130524,75.4233090000001
137.138885,75.4533230000001
137.188019,75.4705350000001
137.207642,75.528992
137.277771,75.5869290000001
137.291656,75.589432
137.290253,75.595535
137.210236,75.6363830000001
137.164703,75.6477660000001
137.139862,75.6467440000001
137.122192,75.6436
137.029968,75.62442
137.007812,75.6176450000001
136.971985,75.601974
136.988861,75.59166
137.029694,75.5802760000001
137.070251,75.5688780000001
137.081085,75.5630340000001
137.062195,75.561646
136.986633,75.578598
136.976074,75.584427
136.963867,75.5961
136.958557,75.6042180000001
136.967529,75.6086880000001
136.983856,75.61554
137.001648,75.6216430000001
137.04776,75.631927
137.071075,75.6347200000001
137.137634,75.651215
137.153595,75.6558230000001
137.164429,75.6738740000001
137.163025,75.679977
137.156097,75.69165
137.140259,75.697479
137.11969,75.703323
137.094696,75.7077639999999
137.074127,75.7133180000001
137.068298,75.7191470000001
137.071899,75.725266
137.168304,75.774155
137.181641,75.7802730000001
137.205231,75.784149
137.229126,75.785538
137.301636,75.7874910000001
137.511658,75.77916
137.5616,75.77121
137.606232,75.7652130000001
137.621246,75.762543
137.633423,75.759048
137.639923,75.7555390000001
137.687195,75.7452550000001
137.711914,75.7419280000001
137.735779,75.743317
137.74469,75.748322
137.731079,75.771927
137.72525,75.777771
137.714691,75.7836
137.689423,75.7883150000001
137.61026,75.807426
137.595398,75.809433
137.58609,75.8129270000001
137.441071,75.8713680000001
137.430267,75.8771970000001
137.424408,75.8830410000001
137.405548,75.9302670000001
137.409424,75.936371
137.41803,75.9424740000001
137.449982,75.954712
137.496613,75.966934
137.567474,75.982208
137.686371,76.0047150000001
137.710236,76.008606
137.734406,76.0111080000001
137.783051,76.013885
137.905548,76.0163880000001
137.954681,76.015549
137.979126,76.0169370000001
138.003326,76.0194400000001
138.068573,76.043869
138.096069,76.056091
138.10495,76.06192
138.113281,76.073883
138.112457,76.0799870000001
138.091644,76.085541
138.072754,76.080826
138.034973,76.0686040000001
137.992737,76.056366
137.968842,76.0513760000001
138.127441,76.1097110000001
138.146362,76.115814
138.170258,76.1219180000001
138.218292,76.1319270000001
138.339691,76.148041
138.340515,76.1433259999999
138.343567,76.1197050000001
138.378845,76.0785980000001
138.384705,76.0724950000001
138.395264,76.0666660000001
138.415802,76.060806
138.440796,76.05748
138.450256,76.061096
138.474396,76.1027680000001
138.457458,76.120529
138.461639,76.1263730000001
138.491638,76.1622010000001
138.500824,76.1683200000001
138.523865,76.1802670000001
138.562195,76.1924740000001
138.635254,76.2047119999999
138.708588,76.213608
138.733307,76.2160950000001
138.782745,76.218872
138.832184,76.2202610000001
138.870178,76.2197720000001
138.945526,76.207214
138.96109,76.201385
138.961639,76.195526
138.957184,76.189423
138.959137,76.171921
138.981079,76.148331
139.023041,76.124695
139.094971,76.0955350000001
139.190796,76.0722200000001
