"V1","V2"
-146.585571,-76.305557
-146.609741,-76.308624
-146.636963,-76.30751
-146.711945,-76.303345
-146.738342,-76.3011169999999
-146.814453,-76.290283
-146.838074,-76.2841799999999
-146.916962,-76.261124
-146.939453,-76.253616
-146.973907,-76.239182
-146.997223,-76.225006
-147.026123,-76.210846
-147.071136,-76.195847
-147.119446,-76.1858369999999
-147.14447,-76.182236
-147.170563,-76.179733
-147.194733,-76.175003
-147.217804,-76.168625
-147.234741,-76.1613919999999
-147.278076,-76.113342
-147.273346,-76.1069489999999
-147.263641,-76.100845
-147.248352,-76.094727
-147.216949,-76.089447
-147.186676,-76.0855559999999
-147.157227,-76.082779
-147.128906,-76.081116
-147.100281,-76.079727
-147.072784,-76.079453
-146.853058,-76.078903
-146.826141,-76.0800019999999
-146.800293,-76.08223
-146.776123,-76.087234
-146.759186,-76.0944519999999
-146.592529,-76.199722
-146.573059,-76.220291
-146.565308,-76.2339019999999
-146.564178,-76.2402799999999
-146.558624,-76.273621
-146.560577,-76.293335
-146.570282,-76.2994539999999
-146.585571,-76.305557
