"V1","V2"
124.367203,10.607775
124.316673,10.5813869999999
124.283051,10.5822199999999
124.278587,10.5838870000001
124.275818,10.5877760000001
124.275543,10.5980530000001
124.279427,10.6080530000001
124.315262,10.6947210000001
124.320541,10.7069420000001
124.323036,10.7077750000001
124.348038,10.7077750000001
124.355263,10.7038860000001
124.376373,10.6883320000001
124.378593,10.6849980000001
124.3797,10.6813870000001
124.38916,10.642776
124.389427,10.629442
124.388321,10.619997
124.367203,10.607775
