"V1","V2"
-73.6889039999999,-44.4397279999999
-73.697784,-44.4400019999999
-73.7072299999999,-44.439445
-73.713898,-44.436951
-73.724777,-44.427971
-73.78418,-44.391113
-73.788895,-44.387505
-73.7880709999999,-44.38195
-73.7819519999999,-44.379723
-73.743057,-44.367226
-73.674728,-44.349449
-73.666946,-44.348618
-73.6594539999999,-44.350281
-73.6527859999999,-44.352783
-73.649445,-44.356949
-73.6480559999999,-44.362785
-73.6480559999999,-44.368896
-73.649445,-44.3749999999999
-73.670288,-44.42556
-73.6736149999999,-44.430283
-73.6777799999999,-44.4341739999999
-73.6889039999999,-44.4397279999999
