"V1","V2"
-133.505005,55.4272160000001
-133.515015,55.4272160000001
-133.537506,55.429718
-133.578339,55.4385990000001
-133.597229,55.443321
-133.601654,55.4474870000001
-133.598602,55.451935
-133.515839,55.517769
-133.509186,55.521103
-133.49942,55.520828
-133.478333,55.5149989999999
-133.425842,55.48777
-133.421387,55.4836040000001
-133.41861,55.478874
-133.417236,55.4738770000001
-133.417236,55.4624940000001
-133.420288,55.450272
-133.423065,55.443604
-133.428894,55.4394300000001
-133.443329,55.4347150000001
-133.459717,55.4313810000001
-133.505005,55.4272160000001
