"V1","V2"
-50.907227,-0.335832999999923
-50.914726,-0.337221999999997
-50.9244459999999,-0.335278000000017
-50.955833,-0.324166999999932
-51.023056,-0.264722000000006
-51.027779,-0.256389000000013
-51.025002,-0.24888900000002
-51.017502,-0.246110999999928
-51.0100019999999,-0.247499999999945
-50.913338,-0.280277999999953
-50.89695,-0.286667000000023
-50.888618,-0.291388999999924
-50.883896,-0.298888999999917
-50.88195,-0.308333000000005
-50.884445,-0.317499999999939
-50.8905559999999,-0.325556000000006
-50.898895,-0.331944000000021
-50.907227,-0.335832999999923
