"V1","V2"
121.863037,6.01638800000001
121.870819,6.01611000000014
121.910538,6.03138799999999
121.93692,6.04222099999998
121.9422,6.04805500000003
121.944427,6.05277600000005
121.948029,6.05610899999994
121.953323,6.05111000000005
121.953598,6.04777699999994
121.952209,6.04277699999994
121.948868,6.03888800000004
121.901382,5.9994430000001
121.89888,5.997499
121.88916,5.9936100000001
121.876648,5.99027600000011
121.858871,5.99055500000009
121.8461,5.9952760000001
121.841927,5.9977770000001
121.75943,6.06999999999999
121.757492,6.07277700000009
121.756653,6.07638800000007
121.762772,6.09083299999992
121.765549,6.09277700000001
121.776382,6.08611000000013
121.790268,6.064165
121.794434,6.05888700000014
121.808868,6.04611000000006
121.822487,6.03583199999997
121.863037,6.01638800000001
