"V1","V2"
-74.49028,23.954441
-74.496948,23.954166
-74.527786,23.956665
-74.541397,23.9691659999999
-74.537231,23.98
-74.523621,24.032219
-74.5230559999999,24.039165
-74.523621,24.051666
-74.5302889999999,24.076111
-74.526947,24.10083
-74.52417,24.105553
-74.511124,24.1211089999999
-74.5063929999999,24.1236079999999
-74.4664,24.1411090000001
-74.460846,24.142776
-74.458344,24.138611
-74.425568,24.080555
-74.423615,24.0755540000001
-74.435287,24.0419430000001
-74.438065,24.03722
-74.486954,23.958332
-74.49028,23.954441
