"V1","V2"
88.664703,77.0963750000001
88.690262,77.0938720000001
88.7163850000001,77.094437
88.762207,77.1005400000001
88.7880400000001,77.0994260000001
88.8255460000001,77.0833280000001
88.8316650000001,77.078323
88.791656,77.0113830000001
88.783051,77.0049900000001
88.7616580000001,77.0083309999999
88.7049870000001,77.0205380000001
88.677475,77.0308230000001
88.6674800000001,77.0366520000001
88.6316530000001,77.061096
88.627197,77.0760959999999
88.6297,77.0894320000001
88.636658,77.1049800000001
88.6505430000001,77.1191410000001
88.6630400000001,77.1246949999999
88.694702,77.13443
88.7105410000001,77.1391600000001
88.72998,77.1430510000001
88.7530520000001,77.146103
88.779709,77.148331
88.8433229999999,77.1502689999999
88.876648,77.1491550000001
88.902206,77.146378
88.934402,77.141006
88.955261,77.1333310000001
88.9572140000001,77.1258090000001
88.94136,77.1210940000001
88.914993,77.1188660000001
88.851089,77.1169280000001
88.7469330000001,77.1163790000001
88.683319,77.1147
88.6566470000001,77.1121980000001
88.648041,77.10582
88.6430510000001,77.099991
88.664703,77.0963750000001
