"V1","V2"
5.15833300000008,60.581665
5.15916600000008,60.5769420000001
5.148055,60.5772170000001
5.07222200000001,60.5955510000001
5.06249900000006,60.5983279999999
5.00777700000009,60.619995
4.99416600000012,60.626938
4.91694400000011,60.671661
4.90611100000012,60.679993
4.87694400000004,60.7066650000001
4.854444,60.7324980000001
4.860277,60.7363820000001
4.87166600000012,60.7349930000001
4.95111100000003,60.7213820000001
4.98000000000002,60.7147220000001
4.98694400000011,60.711105
5.12972200000013,60.6158290000001
5.14027700000003,60.6069410000001
5.15583299999997,60.5872190000001
5.15833300000008,60.581665
