"V1","V2"
-80.663895,28.2583310000001
-80.6563869999999,28.242218
-80.6630549999999,28.2441600000001
-80.7236179999999,28.379162
-80.74028,28.4783290000001
-80.736664,28.5249980000001
-80.7333219999999,28.5355529999999
-80.729996,28.5427740000001
-80.6955409999999,28.5749970000001
-80.644165,28.597496
-80.641953,28.597775
-80.630539,28.595016
-80.6252749999999,28.590553
-80.621933,28.5869410000001
-80.613892,28.5749970000001
-80.61055,28.5624960000001
-80.610001,28.5580520000001
-80.61055,28.548332
-80.615555,28.5338860000001
-80.6269379999999,28.5124970000001
-80.633621,28.500553
-80.639999,28.4869380000001
-80.646118,28.473328
-80.654175,28.4472160000001
-80.6688839999999,28.3761060000001
-80.669159,28.371109
-80.6605529999999,28.318886
-80.6688839999999,28.287498
-80.670273,28.2813870000001
-80.669724,28.2769430000001
-80.667496,28.2666659999999
-80.663895,28.2583310000001
