"V1","V2"
19.5672190000001,69.8516540000001
19.473888,69.8397219999999
19.4594420000001,69.842499
19.464165,69.8511050000001
19.522221,69.884155
19.540833,69.892487
19.7980540000001,70.000549
19.8144419999999,70.000549
19.8336110000001,69.998596
19.845554,69.9955440000001
19.864719,69.988052
19.8977780000001,69.972214
19.8974990000001,69.96666
19.8933299999999,69.9613800000001
19.7913860000001,69.873047
19.7833330000001,69.868042
19.772499,69.8647160000001
19.727497,69.862488
19.5672190000001,69.8516540000001
