"V1","V2"
19.9333310000001,80.477478
20.0075000000001,80.4694370000001
20.030552,80.466095
20.0397189999999,80.4611049999999
20.100552,80.405823
20.169994,80.4108120000001
20.1888850000001,80.4144290000001
20.211384,80.4174800000001
20.2377740000001,80.4197080000001
20.3294410000001,80.4210970000001
20.3658290000001,80.4197080000001
20.415829,80.4138790000001
20.429718,80.4094240000001
20.434162,80.40387
20.4297900000001,80.3906860000001
20.434441,80.3852690000001
20.527775,80.320831
20.5724980000001,80.3022
20.6083300000001,80.2944340000001
20.6227720000001,80.2916560000001
20.6477740000001,80.2924800000001
20.6666640000001,80.296097
20.682217,80.3008120000001
20.727219,80.3069310000001
20.779442,80.3113710000001
20.812775,80.31192
20.834995,80.3088680000001
20.8411060000001,80.3058170000001
20.829441,80.300537
20.7833330000001,80.2869260000001
20.7480510000001,80.271103
20.7433280000001,80.264435
20.804718,80.2233120000001
20.81361,80.218323
20.8266640000001,80.2138820000001
20.8533289999999,80.211105
20.881939,80.21138
20.9433290000001,80.212204
21.095829,80.2152710000001
21.1252750000001,80.21666
21.300552,80.239975
21.4833300000001,80.266388
21.697216,80.2736050000001
21.8027760000001,80.2724910000001
21.8383289999999,80.271103
21.860554,80.2677610000001
21.8686069999999,80.2627719999999
21.872498,80.257217
21.879997,80.2460940000001
21.898331,80.2177579999999
21.8922200000001,80.204987
21.8763850000001,80.2005460000001
21.761108,80.1774750000001
21.7297170000001,80.168594
21.6866610000001,80.1541600000001
21.6588860000001,80.14444
21.6191640000001,80.1294250000001
21.60722,80.1241460000001
21.598606,80.1183170000001
21.6069410000001,80.1133120000001
21.6374969999999,80.1110990000001
21.6669390000001,80.1124880000001
21.727219,80.1388850000001
21.746105,80.1424870000001
21.798054,80.1469419999999
21.8297200000001,80.146103
21.856106,80.1436
22.0541650000001,80.108597
22.128052,80.075546
22.196384,80.0260930000001
22.188885,80.0119320000001
22.1927720000001,79.986923
22.2049940000001,79.9824829999999
22.2263830000001,79.979156
22.2575,79.9783170000001
22.2874980000001,79.981094
22.3549960000001,79.995255
22.363884,80.001389
22.32111,80.0322110000001
22.3358310000001,80.035263
22.3616640000001,80.037491
22.4191630000001,80.1697080000001
22.44944,80.258041
22.455273,80.264999
22.5000000000001,80.2751620000001
22.5599980000001,80.2866520000001
22.572773,80.2916560000001
22.5786090000001,80.2985990000001
22.562775,80.308594
22.5499990000001,80.313034
22.532776,80.3169400000001
22.506386,80.319717
22.5000000000001,80.3200990000001
22.4086070000001,80.325546
22.386662,80.3288729999999
22.3369410000001,80.352768
22.3333320000001,80.3585970000001
22.3358310000001,80.3708190000001
22.3611069999999,80.410263
22.3849950000001,80.423599
22.408329,80.426651
22.4980510000001,80.429153
22.6122170000001,80.426651
22.6794400000001,80.42276
22.6794400000001,80.4180449999999
22.678051,80.406937
22.676662,80.4005429999999
22.6644400000001,80.387207
22.651661,80.3819270000001
22.632774,80.3699799999999
22.6174960000001,80.3572080000001
22.616108,80.350815
22.619442,80.345261
22.623886,80.3410950000001
22.694996,80.3283230000001
22.716938,80.3249970000001
22.7491610000001,80.3241580000001
22.829998,80.4052579999999
22.8349950000001,80.410538
22.8338850000001,80.4369200000001
22.88694,80.490265
22.938328,80.478043
22.955551,80.4741520000001
23.127773,80.4613800000001
23.2580530000001,80.453049
23.284721,80.450272
23.306385,80.44693
23.323608,80.4430390000001
23.3608280000001,80.4294280000001
23.35083,80.423599
23.3177759999999,80.4063720000001
23.3011090000001,80.4019320000001
23.277496,80.399155
23.243885,80.398605
23.203327,80.3997189999999
23.17305,80.398331
23.153049,80.3947140000001
23.136383,80.3902740000001
23.123329,80.3852690000001
23.1308290000001,80.380264
23.2080500000001,80.360809
23.268608,80.350266
23.3088870000001,80.3491520000001
23.330551,80.3458249999999
23.347496,80.341934
23.3502730000001,80.336105
23.3083310000001,80.283325
23.295277,80.278046
23.242493,80.265549
23.1961060000001,80.2599950000001
23.1697160000001,80.2577670000001
23.139717,80.2566530000001
23.0869410000001,80.252487
23.0474970000001,80.2449800000001
23.00111,80.162491
22.9997180000001,80.156097
23.0147210000001,80.146103
23.063332,80.1280360000001
23.079998,80.1241460000001
23.1013870000001,80.120819
23.1527750000001,80.115265
23.183052,80.1133120000001
23.2158279999999,80.1136020000001
23.228882,80.118866
23.2213820000001,80.1238710000001
23.1758270000001,80.1363830000001
23.1183280000001,80.1530460000001
23.094162,80.161926
23.0863840000001,80.1672060000001
23.225273,80.1896970000001
23.248051,80.1924739999999
23.4294400000001,80.2077640000001
23.469162,80.20665
23.476662,80.205826
23.4852710000001,80.202209
23.492771,80.1969300000001
23.498329,80.185806
23.49194,80.1788640000001
23.4722179999999,80.175262
23.4624940000001,80.169434
23.489162,80.1547090000001
23.539719,80.131088
23.5574990000001,80.1285860000001
23.596664,80.135818
23.6130520000001,80.140274
23.6263850000001,80.145264
23.751389,80.2072140000001
23.7299960000001,80.227203
23.7274930000001,80.2327580000001
23.718052,80.2566530000001
23.734718,80.2944340000001
23.741383,80.301086
23.761387,80.3047030000001
23.788887,80.3033140000001
23.7961080000001,80.298325
23.815552,80.288589
23.8441620000001,80.2802730000001
23.866665,80.278046
23.9938850000001,80.269714
24.021111,80.2680510000001
24.029999,80.272766
24.0180550000001,80.277206
23.9849929999999,80.2852629999999
23.9516600000001,80.2930450000001
23.909161,80.2999880000001
23.8924939999999,80.303864
23.912495,80.30748
23.9394379999999,80.309418
23.9794390000001,80.308319
24.2169380000001,80.2944340000001
24.3058320000001,80.284714
24.3380510000001,80.283875
24.358051,80.2874910000001
24.371941,80.2924800000001
24.398052,80.3133090000001
24.3988840000001,80.3183290000001
24.3966640000001,80.3238830000001
24.3611070000001,80.325546
24.290833,80.325546
24.2294390000001,80.330276
24.2033269999999,80.333054
24.182217,80.3363800000001
24.146385,80.349991
24.151939,80.355545
24.1894380000001,80.363312
24.213051,80.3660890000001
24.273609,80.368591
24.3074990000001,80.368866
24.3477750000001,80.367752
24.5061069999999,80.344986
24.5272219999999,80.3413700000001
24.560276,80.333603
24.5974960000001,80.314423
24.602497,80.3113710000001
24.5519410000001,80.3066410000001
24.4811060000001,80.298325
24.4722180000001,80.293869
24.460827,80.2677610000001
24.467773,80.2624970000001
24.479439,80.258041
24.5005530000001,80.2547150000001
24.532497,80.253601
24.555832,80.2563780000001
24.723606,80.289429
24.7405509999999,80.293869
24.746662,80.299423
24.754444,80.3177640000001
24.7630540000001,80.3294370000001
24.768887,80.3347170000001
24.77972,80.3408200000001
24.7936099999999,80.3458249999999
24.814163,80.349426
24.8363840000001,80.350815
24.859997,80.338318
24.8849949999999,80.323608
24.8916630000001,80.3183290000001
24.853329,80.279984
24.8427730000001,80.2738800000001
24.8011089999999,80.258606
24.77972,80.246643
24.809998,80.247757
24.982216,80.25499
25.105831,80.2622070000001
25.1833310000001,80.2686
25.28944,80.2749940000001
25.351662,80.2749940000001
25.3438870000001,80.2683260000001
25.3327750000001,80.2624970000001
25.309162,80.25972
25.255276,80.2558290000001
25.231663,80.253326
25.2255519999999,80.247757
25.2563860000001,80.2280430000001
25.267776,80.2233120000001
25.450272,80.224991
25.461384,80.2310940000001
25.4755520000001,80.236099
25.508888,80.236374
25.54361,80.2344210000001
25.698883,80.21582
25.7238849999999,80.181656
25.720736,80.1730420000001
25.73333,80.168594
25.8638840000001,80.1716460000001
25.8938870000001,80.17276
26.081665,80.185806
26.2424930000001,80.186371
26.5980529999999,80.1847080000001
26.637218,80.1833190000001
26.7999990000001,80.1722110000001
26.900829,80.1488800000001
26.916107,80.1447140000001
26.977493,80.1227570000001
27.146107,80.107758
27.1822170000001,80.1069340000001
27.221661,80.0999910000001
27.2366600000001,80.095825
27.237217,80.090271
27.1677740000001,80.0219270000001
27.144997,80.00444
27.1011090000001,79.9674840000001
27.1213840000001,79.9583280000001
27.1655500000001,79.9396970000001
27.2288820000001,79.920258
27.238884,79.9158170000001
27.2441600000001,79.910538
27.2449950000001,79.9049840000001
27.2408290000001,79.8988800000001
27.223606,79.8852689999999
27.1886060000001,79.8677520000001
27.1741640000001,79.862762
27.1422200000001,79.853592
27.060276,79.8391570000001
27.0341640000001,79.837494
26.946941,79.8347170000001
26.8686070000001,79.8291630000001
26.8483310000001,79.8258210000001
26.834164,79.8208310000001
26.814442,79.8083190000001
26.8061070000001,79.8013760000001
26.7947200000001,79.7955320000001
26.7805520000001,79.7905430000001
26.7547190000001,79.7888790000001
26.667774,79.785812
26.6447180000001,79.783051
26.627773,79.7788700000001
26.531109,79.7483220000001
26.532219,79.742477
26.537777,79.737488
26.534443,79.731369
26.486382,79.7177580000001
26.4694400000001,79.7136080000001
26.449718,79.7099910000001
26.1930499999999,79.664993
26.0377770000001,79.6458280000001
25.8161090000001,79.618317
25.803886,79.6144259999999
25.8083310000001,79.604431
25.8261070000001,79.5960999999999
25.845276,79.5924840000001
25.871941,79.585266
25.903049,79.5716550000001
25.9422190000001,79.541367
25.9769400000001,79.5108180000001
25.9736060000001,79.5047150000001
25.802776,79.433868
25.730827,79.409988
25.7147179999999,79.405823
25.676662,79.39888
25.6327740000001,79.3933260000001
25.5830540000001,79.3897090000001
25.533333,79.385818
25.4430500000001,79.375809
25.3863830000001,79.3652650000001
25.354717,79.356644
25.298054,79.3461
25.1955490000001,79.3308260000001
25.149162,79.326385
25.0502740000001,79.329163
24.9861070000001,79.3327640000001
24.962772,79.3355410000001
24.956661,79.3408200000001
24.9474950000001,79.368866
24.9324950000001,79.3730320000001
24.872498,79.3771970000001
24.7986070000001,79.3713680000001
24.7769430000001,79.368591
24.745548,79.3599850000001
24.711105,79.351929
24.6183280000001,79.3341520000001
24.578053,79.327774
24.5352750000001,79.32222
24.4922180000001,79.3169400000001
24.4433290000001,79.312759
24.391384,79.309708
24.3611070000001,79.309418
24.3061070000001,79.3069310000001
24.281666,79.3049770000001
24.2663880000001,79.3005370000001
24.2569430000001,79.294708
24.267776,79.266388
24.2741659999999,79.2613830000001
24.2699969999999,79.248871
24.2324940000001,79.224991
24.1169399999999,79.1969300000001
24.059719,79.18692
23.909161,79.1763760000001
23.7891650000001,79.174423
23.759163,79.1741490000001
23.667774,79.1797030000001
23.610554,79.1780400000001
23.5116650000001,79.1788640000001
23.4074970000001,79.182755
23.311943,79.1877590000001
23.2522200000001,79.19165
22.9738849999999,79.213608
22.926662,79.219147
22.891663,79.2263790000001
22.8258290000001,79.241364
22.7794420000001,79.2530520000001
22.737217,79.2655490000001
22.6955490000001,79.27832
22.6613850000001,79.291931
22.646942,79.301926
22.6411059999999,79.313034
22.644718,79.331665
22.65583,79.3599850000001
22.6855509999999,79.368866
22.736382,79.3805390000001
22.771385,79.3866580000001
22.8374980000001,79.4074860000001
22.8130530000001,79.405548
22.675827,79.39888
22.614719,79.397766
22.4861070000001,79.3969420000001
22.382774,79.399719
22.284721,79.404434
22.2108270000001,79.4063720000001
22.1769409999999,79.406647
22.146385,79.405823
22.0947189999999,79.4024810000001
21.9319380000001,79.385818
21.8661079999999,79.3777620000001
21.803329,79.368866
21.7552759999999,79.364426
21.7280500000001,79.363037
21.6944390000001,79.363312
21.6741640000001,79.3663790000001
21.653885,79.369705
21.605831,79.381088
21.569443,79.388321
21.523052,79.3913730000001
21.4383280000001,79.39415
21.3749960000001,79.3949890000001
21.347775,79.3936
21.19083,79.3833310000001
21.07444,79.3713680000001
20.9688840000001,79.3647000000001
20.936108,79.3660890000001
20.7949980000001,79.3738710000001
20.7911070000001,79.3797000000001
20.7766650000001,79.4219210000001
20.748329,79.454987
20.7433280000001,79.459427
20.6713830000001,79.452484
20.6505510000001,79.4494170000001
20.596107,79.446365
20.5216640000001,79.448029
20.273331,79.454987
20.2233280000001,79.460266
20.1108280000001,79.4808199999999
20.06472,79.4927520000001
19.93055,79.516663
19.830276,79.527481
19.720829,79.54248
19.7033269999999,79.544983
19.686108,79.5485990000001
19.6733280000001,79.55304
19.659996,79.563599
19.655273,79.569153
19.636108,79.597763
19.6355510000001,79.6038670000001
19.6427730000001,79.609985
19.659996,79.6138760000001
19.6766620000001,79.6163790000001
19.738884,79.6255340000001
19.763332,79.6277620000001
19.8633310000001,79.6288600000001
19.9252739999999,79.630539
20.119717,79.641937
20.150829,79.6427610000001
20.1888850000001,79.642212
20.2141610000001,79.639709
20.2311060000001,79.635818
20.2438849999999,79.631363
20.264999,79.6222080000001
20.2736090000001,79.616928
20.298885,79.6083220000001
20.357773,79.5983280000001
20.378883,79.5949860000001
20.399998,79.591934
20.424995,79.589432
20.5674969999999,79.5849910000001
20.62944,79.5866550000001
20.6949960000001,79.587204
20.808052,79.5849910000001
20.874996,79.5822140000001
20.9041630000001,79.580276
20.929161,79.5774840000001
21.0205539999999,79.5658110000001
21.0622180000001,79.5594180000001
21.0955510000001,79.5580290000001
21.1230509999999,79.5594180000001
21.1441610000001,79.562485
21.155273,79.567764
21.1516609999999,79.573318
21.139164,79.5777739999999
21.1019400000001,79.5849910000001
21.022774,79.592209
20.914162,79.6013790000001
20.8555530000001,79.605255
20.7841640000001,79.6074830000001
20.675274,79.616653
20.6541629999999,79.6199800000001
20.637497,79.623596
20.477493,79.675262
20.476662,79.6799770000001
20.490829,79.684418
21.0016630000001,79.7105410000001
21.092495,79.7136080000001
21.182495,79.714996
21.279999,79.7163849999999
21.3877750000001,79.715271
21.501942,79.7127690000001
21.6794400000001,79.7066500000001
21.708607,79.7044370000001
21.776108,79.701385
21.839165,79.702774
21.860554,79.7058260000001
21.868885,79.7116550000001
21.868885,79.71666
21.8608280000001,79.7216490000001
21.84444,79.72554
21.836662,79.7305450000001
21.8449970000001,79.7363740000001
21.8633310000001,79.7402650000001
21.8816640000001,79.743866
21.973885,79.752777
22.0194440000001,79.756378
22.154442,79.7649990000001
22.2669410000001,79.76915
22.3105550000001,79.774994
22.3291629999999,79.7785950000001
22.3444400000001,79.783051
22.3411060000001,79.7885890000001
22.3288840000001,79.793045
22.3124960000001,79.7969360000001
22.248882,79.800812
22.2172160000001,79.799988
22.192219,79.7980350000001
22.076385,79.7849880000001
22.054718,79.781937
22.0177760000001,79.774429
21.9524960000001,79.7658230000001
21.795551,79.7638850000001
21.734718,79.7763820000001
21.7344400000001,79.7813720000001
21.739437,79.7880400000001
21.7630540000001,79.798599
21.778053,79.8030400000001
21.7997209999999,79.8060909999999
21.8349949999999,79.805817
21.8599970000001,79.8080290000001
21.8783300000001,79.81192
21.890274,79.81694
21.873608,79.8208310000001
21.852497,79.824158
21.69944,79.8338780000001
21.664162,79.834152
21.41333,79.8280490000001
21.13805,79.814697
20.8133320000001,79.8016510000001
20.7500000000001,79.799988
20.654995,79.79776
20.591942,79.796371
20.48666,79.796371
20.4236069999999,79.7949830000001
20.391941,79.794144
20.335552,79.791092
20.258053,79.7849880000001
20.1627730000001,79.774994
20.084721,79.7613830000001
19.9266620000001,79.7419280000001
19.5702740000001,79.7119290000001
19.5422209999999,79.7102660000001
19.5111079999999,79.709427
19.481106,79.7111050000001
19.4638820000001,79.714996
19.4549940000001,79.719986
19.449997,79.72554
19.4411050000001,79.7305450000001
19.4277730000001,79.7347109999999
19.402218,79.737198
19.014442,79.7260889999999
18.82972,79.718597
18.801941,79.7169340000001
18.7713850000001,79.7174840000001
18.7536090000001,79.7211
18.744438,79.7260889999999
18.707497,79.7472079999999
18.667034,79.763603
18.5830540000001,79.789429
18.5427740000001,79.785812
18.471661,79.782761
18.452496,79.792755
18.287777,79.8636020000001
18.1541630000001,79.9099880000001
18.24416,79.9285890000001
18.356384,79.9430390000001
18.4827730000001,79.953049
18.5147210000001,79.9541630000001
18.5847209999999,79.9516599999999
18.6341630000001,79.95665
18.655273,79.9597170000001
18.6691630000001,79.964432
18.6794400000001,79.9697110000001
18.6819380000001,79.975266
18.7680550000001,79.973312
18.8058320000001,79.9699859999999
18.809441,79.9947050000001
18.7361070000001,80.02388
18.575275,80.0372009999999
18.544441,80.0388790000001
18.509163,80.039978
18.3363840000001,80.0449830000001
18.239716,80.042206
18.211662,80.0508120000001
18.153606,80.0741580000001
18.154716,80.076935
18.1999970000001,80.070831
18.22694,80.0683290000001
18.2663880000001,80.0680540000001
18.298885,80.0688780000001
18.352219,80.073044
18.366386,80.077484
18.3599970000001,80.0819400000001
18.062775,80.1260829999999
18.0075,80.1280360000001
17.9383280000001,80.125534
17.797497,80.1235960000001
17.783054,80.1277620000001
17.7852750000001,80.1333309999999
17.8691640000001,80.1535950000001
17.886662,80.157486
18.03833,80.185257
18.1674960000001,80.185806
18.2033270000001,80.1847080000001
18.2233279999999,80.174988
18.254719,80.1730350000001
18.4069400000001,80.1710970000001
18.4241640000001,80.173874
18.438328,80.1783140000001
18.4486049999999,80.1838680000001
18.594162,80.1847080000001
18.6105540000001,80.167755
18.6247180000001,80.163605
18.64333,80.1599880000001
18.674438,80.1580350000001
18.7102740000001,80.156937
18.724438,80.1616520000001
18.766109,80.181656
18.756386,80.1866460000001
18.755276,80.2010959999999
18.894997,80.1894230000001
18.9133300000001,80.185806
19.1844410000001,80.1172030000001
19.198051,80.112762
19.2074969999999,80.107758
19.217773,80.0966490000001
19.227219,80.09166
19.2411040000001,80.0874940000001
19.263332,80.084152
19.289997,80.0816650000001
19.318886,80.083328
19.3405530000001,80.0863800000001
19.3874970000001,80.107208
19.580276,80.1447140000001
19.584164,80.1513820000001
19.5747180000001,80.156372
19.561108,80.160812
19.543053,80.164429
19.4805489999999,80.1683200000001
19.4049949999999,80.170258
19.368885,80.1699829999999
19.3105550000001,80.174423
19.223885,80.193588
19.209995,80.197754
19.20055,80.2027740000001
19.099163,80.258041
18.9799960000001,80.3366550000001
19.023888,80.35054
19.0608290000001,80.35054
19.0972180000001,80.349426
19.1566620000001,80.345261
19.211384,80.3402710000001
19.2616650000001,80.3347170000001
19.3302760000001,80.3252720000001
19.385551,80.314148
19.409161,80.3049770000001
19.423885,80.2944340000001
19.428883,80.288879
19.4383280000001,80.283875
19.60083,80.224701
19.614719,80.220535
19.632774,80.21666
19.655273,80.2136080000001
19.687496,80.2130429999999
19.8086089999999,80.212494
19.8377760000001,80.2138820000001
19.852497,80.2185970000001
19.84333,80.2236020000001
19.82972,80.2277680000001
19.8072200000001,80.2310940000001
19.812775,80.2758180000001
19.8586080000001,80.3397060000001
19.9169390000001,80.3752590000001
19.910553,80.378036
19.723328,80.3963780000001
19.689995,80.3952639999999
19.58194,80.3869319999999
19.5486070000001,80.386108
19.5122180000001,80.387207
19.4847180000001,80.389709
19.474995,80.3947140000001
19.464996,80.405823
19.45916,80.4174800000001
19.4583280000001,80.423874
19.463329,80.454712
19.4744380000001,80.4599910000001
19.4894370000001,80.464706
19.6424940000001,80.49942
19.6688839999999,80.501663
19.701107,80.4997100000001
19.9333310000001,80.477478
