"V1","V2"
-5.73500100000001,56.158051
-5.74250000000001,56.158051
-5.74805600000002,56.159721
-5.75,56.1627730000001
-5.744167,56.1691670000001
-5.73555599999992,56.1777730000001
-5.69138899999996,56.194443
-5.68555599999996,56.195549
-5.67972299999997,56.1947170000001
-5.67527899999999,56.19194
-5.67388899999997,56.1891630000001
-5.67361199999999,56.1849980000001
-5.67361199999999,56.17305
-5.67583400000001,56.1694410000001
-5.68527799999998,56.16555
-5.70249999999993,56.161385
-5.71333399999997,56.1594390000001
-5.73500100000001,56.158051
