"V1","V2"
153.645538,-4.14027800000002
153.639435,-4.14083399999993
153.63443,-4.13861200000002
153.588013,-4.10583300000002
153.585236,-4.101944
153.584412,-4.09583400000002
153.585236,-4.08944399999996
153.587189,-4.08472299999994
153.602173,-4.05888800000002
153.629669,-4.03138899999999
153.633881,-4.02861100000001
153.653046,-4.02055499999994
153.6586,-4.01916699999992
153.66275,-4.02194500000002
153.664703,-4.02666699999992
153.671631,-4.08000099999998
153.672211,-4.08611099999996
153.671631,-4.10472199999992
153.670258,-4.11000000000001
153.650269,-4.13805600000001
153.645538,-4.14027800000002
