"V1","V2"
18.785,70.1113740000001
18.797222,70.102493
18.9366650000001,70.1202700000001
18.944721,70.117493
18.9980550000001,70.0888820000001
19.002777,70.084152
19.000275,70.0780490000001
18.993889,70.0722200000001
18.9705539999999,70.0572200000001
18.958332,70.054993
18.9433330000001,70.054153
18.9088860000001,70.054993
18.8799970000001,70.05249
18.8391650000001,70.047485
18.8286090000001,70.044159
18.793053,70.0266570000001
18.785275,70.0219420000001
18.772499,70.0102690000001
18.7647210000001,70.005264
18.7463870000001,69.9969330000001
18.735554,69.9936070000001
18.708611,69.9902650000001
18.6916660000001,69.9924930000001
18.6844440000001,69.9966580000001
18.680832,70.0033260000001
18.658886,70.0438839999999
18.7102780000001,70.125549
18.7144430000001,70.1308290000001
18.7280540000001,70.132492
18.74361,70.1311040000001
18.7533300000001,70.127487
18.785,70.1113740000001
