"V1","V2"
-56.344162,73.6724850000001
-56.363892,73.6647030000001
-56.584167,73.627197
-56.639999,73.621643
-56.833328,73.6113740000001
-56.852783,73.6119230000001
-56.859444,73.614151
-56.965553,73.658035
-56.9622189999999,73.6613770000001
-56.935829,73.6677550000001
-56.904167,73.675262
-56.896111,73.676376
-56.8786089999999,73.67804
-56.846107,73.679977
-56.8263929999999,73.6808170000001
-56.797226,73.679977
-56.7733309999999,73.67804
-56.717773,73.668594
-56.6986079999999,73.6666560000001
-56.6786119999999,73.6674800000001
-56.512779,73.681091
-56.489998,73.683319
-56.458611,73.704437
-56.443329,73.705261
-56.431389,73.704437
-56.407501,73.7024840000001
-56.389168,73.699142
-56.3575059999999,73.69136
-56.342499,73.6847079999999
-56.341667,73.679977
-56.344162,73.6724850000001
