"V1","V2"
-79.252792,52.0713809999999
-79.319733,51.9699860000001
-79.3644409999999,51.942215
-79.370544,51.9385990000001
-79.376663,51.9361040000001
-79.385834,51.935547
-79.4236149999999,51.9369350000001
-79.4333189999999,51.9383240000001
-79.4505619999999,51.942215
-79.501114,51.94249
-79.568344,51.935547
-79.576675,51.934158
-79.591949,51.9227680000001
-79.604446,51.9166640000001
-79.611664,51.9144360000001
-79.617767,51.9177700000001
-79.621384,51.9222180000001
-79.652786,51.981102
-79.654175,51.986656
-79.650833,51.9919360000001
-79.633896,52.0174939999999
-79.62944,52.0222170000001
-79.623322,52.025269
-79.6147159999999,52.0230480000001
-79.608612,52.019989
-79.6038819999999,52.016106
-79.596115,52.013611
-79.585281,52.012772
-79.56778,52.0149990000001
-79.53833,52.023323
-79.40889,52.071938
-79.3966669999999,52.077217
-79.3838959999999,52.090828
-79.345551,52.1086040000001
-79.338333,52.110275
-79.297226,52.091934
-79.2772219999999,52.0905460000001
-79.2697299999999,52.087769
-79.263626,52.0838780000001
-79.252792,52.0713809999999
