"V1","V2"
101.601639,1.70916599999993
101.574142,1.70916599999993
101.555801,1.71111100000013
101.544693,1.713888
101.491913,1.729444
101.473587,1.73833300000007
101.466637,1.74527699999993
101.460533,1.75277700000004
101.448853,1.76861100000008
101.446083,1.77277699999996
101.44191,1.78222200000005
101.439957,1.78694400000012
101.394127,1.91250000000002
101.393311,1.91861100000006
101.393311,1.92555499999997
101.398033,1.98916600000001
101.398857,1.9952770000001
101.404419,2.017222
101.409698,2.03222199999999
101.420807,2.04861099999994
101.428299,2.05499900000001
101.441353,2.0625
101.455811,2.06861100000009
101.616074,2.11527699999999
101.63858,2.11999900000006
101.645523,2.11999900000006
101.657204,2.11777700000005
101.66803,2.11527699999999
101.67775,2.11111100000005
101.681923,2.10833300000007
101.699692,2.09194400000013
101.772476,1.99333300000001
101.777191,1.97749900000014
101.777763,1.97138800000005
101.775803,1.94611000000003
101.774353,1.93974900000006
101.73941,1.89722200000011
101.731079,1.88499999999999
101.727753,1.87472200000008
101.726357,1.86249900000001
101.727753,1.84333299999997
101.729141,1.83777700000002
101.73053,1.82555500000001
101.731918,1.80638800000008
101.729141,1.795277
101.727188,1.7905550000001
101.721626,1.78222200000005
101.714691,1.77555499999994
101.656631,1.729444
101.644127,1.7213880000001
101.630524,1.71444400000001
101.614143,1.71027700000002
101.601639,1.70916599999993
