"V1","V2"
-58.675278,54.914154
-58.683609,54.913048
-58.752502,54.915825
-58.757225,54.9161000000001
-58.7605589999999,54.9205469999999
-58.759171,54.9261020000001
-58.754723,54.932495
-58.7016679999999,54.999161
-58.697495,55.003326
-58.691109,55.006943
-58.6847229999999,55.0083310000001
-58.6763919999999,55.009438
-58.6602779999999,55.0086060000001
-58.6536099999999,55.005554
-58.652779,55.001106
-58.657501,54.996101
-58.6627729999999,54.992218
-58.658333,54.962494
-58.656662,54.9422150000001
-58.658607,54.932495
-58.663055,54.922493
-58.668892,54.9177700000001
-58.675278,54.914154
