"V1","V2"
90.7638850000001,22.064442
90.6713710000001,21.987217
90.639984,21.9916610000001
90.6361080000001,21.9927709999999
90.633606,21.9944380000001
90.6030430000001,22.0272220000001
90.601089,22.034164
90.6008150000001,22.0383300000001
90.6191410000001,22.13694
90.6238710000001,22.1561050000001
90.6305390000001,22.173885
90.6497190000001,22.2205510000001
90.651382,22.2236060000001
90.656372,22.2280500000001
90.662491,22.2361070000001
90.670822,22.2513890000001
90.6735990000001,22.258331
90.6763759999999,22.269718
90.683319,22.3413850000001
90.6847079999999,22.3924940000001
90.676651,22.4455490000001
90.665543,22.5022200000001
90.6619260000001,22.512775
90.6474910000001,22.544163
90.6427610000001,22.553051
90.6372070000001,22.5572200000001
90.6297450000001,22.5601270000001
90.614151,22.563885
90.5999909999999,22.5699960000001
90.556931,22.6052740000001
90.5516510000001,22.627495
90.5508120000001,22.6397170000001
90.5530400000001,22.6611060000001
90.555817,22.6774940000001
90.5747069999999,22.75111
90.5830540000001,22.766941
90.587769,22.7719420000001
90.5938720000001,22.7755550000001
90.6013790000001,22.777496
90.609711,22.778332
90.640549,22.7813869999999
90.658035,22.783054
90.6669310000001,22.783333
90.670822,22.782497
90.6741490000001,22.78083
90.679977,22.7752760000001
90.6819310000001,22.771664
90.692474,22.740551
90.6966400000001,22.727219
90.7027739999999,22.6966630000001
90.7038730000001,22.6841620000001
90.705261,22.671661
90.710815,22.6552730000001
90.7147060000001,22.6486049999999
90.7941440000001,22.553886
90.828873,22.5213850000001
90.8366550000001,22.515274
90.8595660000001,22.5000000000001
90.866653,22.491661
90.8713680000001,22.4833300000001
90.8774720000001,22.457218
90.87886,22.436661
90.8660890000001,22.320274
90.86554,22.3166659999999
90.851089,22.2461050000001
90.8474880000001,22.231106
90.827209,22.1572190000001
90.8202670000001,22.1358299999999
90.773041,22.0736080000001
90.7688749999999,22.068607
90.7638850000001,22.064442
