"V1","V2"
97.5263669999999,1.41722199999998
97.5338590000001,1.39722200000006
97.54274,1.37888900000002
97.677185,1.18972200000007
97.6805270000001,1.18638800000008
97.688858,1.18083300000001
97.693573,1.17888900000008
97.729965,1.16638900000004
97.7410740000001,1.16361100000006
97.7855220000001,1.14944400000007
97.7896880000001,1.14666699999998
97.900528,1.04944399999999
97.907471,1.04250000000008
97.9135890000001,1.03500000000003
97.9158020000001,1.03000000000003
97.936356,0.978054999999983
97.936905,0.964999999999975
97.934967,0.960278000000073
97.930801,0.950555000000122
97.919693,0.934167000000059
97.9176180000001,0.932695000000137
97.912186,0.924721999999974
97.905243,0.910833000000139
97.901367,0.901388999999938
97.895813,0.879444000000035
97.894974,0.873333000000116
97.8883060000001,0.782778000000064
97.886917,0.763611000000083
97.886917,0.729444000000001
97.886917,0.691110999999978
97.8883060000001,0.651111000000071
97.886917,0.63888900000012
97.882187,0.629165999999998
97.876633,0.621110999999985
97.864136,0.606110999999999
97.822479,0.558611000000042
97.815521,0.551943999999992
97.8107909999999,0.549721999999974
97.712189,0.570277999999917
97.7024690000001,0.574444000000028
97.694962,0.580555000000061
97.687469,0.586944000000074
97.6791380000001,0.599167000000136
97.6805270000001,0.604722000000038
97.686905,0.612222000000088
97.6894070000001,0.616389000000083
97.690247,0.622500000000002
97.6894070000001,0.628611000000035
97.6560820000001,0.716944000000126
97.621078,0.798610999999994
97.6121830000001,0.816944000000092
97.5888670000001,0.84250000000003
97.578583,0.852778000000058
97.392197,1.01305500000007
97.366638,1.06305500000013
97.3455199999999,1.10333300000013
97.305237,1.17250000000013
97.2530360000001,1.25750000000011
97.250259,1.2616670000001
97.246078,1.26444400000003
97.1708069999999,1.333055
97.1146850000001,1.39333299999998
97.1502530000001,1.417778
97.1535800000001,1.414444
97.161087,1.40833300000008
97.1660770000001,1.40611100000012
97.223587,1.40833300000008
97.246078,1.41305499999999
97.251083,1.41500000000002
97.26387,1.42277700000005
97.3155210000001,1.46722200000005
97.329147,1.48083300000002
97.3319240000001,1.48500000000001
97.3338620000001,1.48972200000009
97.3347019999999,1.4961110000001
97.396362,1.50138899999996
97.482468,1.47000000000003
97.5222019999999,1.42666599999995
97.524979,1.42277700000005
97.5263669999999,1.41722199999998
