"V1","V2"
178.993011,51.5749970000001
178.996918,51.5705490000001
179.005554,51.5541610000001
179.009155,51.549721
179.0336,51.5299910000001
179.075256,51.5008320000001
179.246613,51.407211
179.254425,51.4069370000001
179.293304,51.4099880000001
179.384705,51.4024890000001
179.454407,51.3819349999999
179.461365,51.3794330000001
179.473022,51.373047
179.471344,51.3674930000001
179.463867,51.3649980000001
179.411102,51.359436
179.40332,51.3611070000001
179.403229,51.3659210000001
179.405823,51.3702700000001
179.403046,51.3741610000001
179.394135,51.375267
179.385529,51.3747100000001
179.291351,51.3583300000001
179.274414,51.354713
179.252197,51.3474879999999
179.030823,51.487213
179.022217,51.4955440000001
178.970795,51.532494
178.959961,51.5397190000001
178.892487,51.5633240000001
178.847473,51.57222
178.838867,51.5716630000001
178.83136,51.5694430000001
178.822754,51.568886
178.774414,51.5691600000001
178.719116,51.582497
178.713287,51.585548
178.660797,51.61805
178.649994,51.6252670000001
178.640259,51.6330490000001
178.636383,51.637772
178.666077,51.6549910000001
178.673309,51.6574940000001
178.68219,51.6566540000001
178.694122,51.64888
178.726624,51.6352690000001
178.733582,51.632767
178.87912,51.6185990000001
178.886932,51.6183240000001
178.900543,51.6136090000001
178.914429,51.608604
178.981354,51.581383
178.993011,51.5749970000001
