"V1","V2"
156.403824,50.653397
156.400848,50.625641
156.350754,50.637123
156.285522,50.6466600000001
156.198303,50.670273
156.189148,50.674438
156.180542,50.679718
156.17276,50.6874920000001
156.167206,50.6949920000001
156.163605,50.7086030000001
156.164429,50.7286000000001
156.168854,50.7413790000001
156.175262,50.753609
156.185791,50.765549
156.1922,50.7713780000001
156.341064,50.851105
156.353302,50.8561020000001
156.364685,50.858604
156.442749,50.869987
156.453857,50.8708270000001
156.463867,50.8694380000001
156.473022,50.865547
156.488556,50.8499980000001
156.49411,50.842491
156.495789,50.835548
156.495514,50.82888
156.490234,50.756104
156.486084,50.750275
156.451904,50.7083280000001
156.434967,50.6908260000001
156.414154,50.673882
156.406326,50.657066
156.403824,50.653397
