"V1","V2"
23.451664,70.7836
23.3999979999999,70.7363740000001
23.386944,70.734161
23.3736080000001,70.7360990000001
23.300831,70.708878
23.180832,70.6508330000001
23.0888859999999,70.5811
22.8988880000001,70.5361020000001
22.784164,70.519714
22.76722,70.5199890000001
22.763332,70.5247190000001
22.7616650000001,70.529999
22.7652740000001,70.5361020000001
22.7727780000001,70.5416560000001
22.7752760000001,70.546387
22.7661090000001,70.5502780000001
22.746387,70.556656
22.7319410000001,70.5597079999999
22.6408310000001,70.5655520000001
22.6291660000001,70.562485
22.6283299999999,70.5569310000001
22.630276,70.540833
22.6349980000001,70.525543
22.631386,70.5194400000001
22.621109,70.515274
22.4655530000001,70.495819
22.451385,70.4944310000001
22.340553,70.490265
22.3249970000001,70.48999
22.309444,70.491379
22.297497,70.49472
22.290833,70.4991610000001
22.2500000000001,70.5061039999999
22.163887,70.4636080000001
22.1494410000001,70.4644320000001
22.140274,70.4680480000001
22.138611,70.473328
22.138332,70.477768
22.155277,70.5124970000001
22.16111,70.518875
22.1686100000001,70.5244290000001
22.2258299999999,70.539993
22.2522200000001,70.5544430000001
22.260443,70.590714
22.2649420000001,70.594048
22.2677760000001,70.5972140000001
22.23111,70.59922
22.2216090000001,70.598877
22.142443,70.59288
22.095833,70.5991520000001
22.084442,70.5961
22.014721,70.604431
21.9513850000001,70.640823
21.949718,70.6461030000001
21.9530530000001,70.6522220000001
21.9605520000001,70.6577760000001
21.9774970000001,70.6574860000001
22.1481079999999,70.65271
22.1634430000001,70.645546
22.1744419999999,70.6448819999999
22.2102740000001,70.6460490000001
22.272442,70.652878
22.3780520000001,70.675278
22.373055,70.690826
22.3802760000001,70.702774
22.3877750000001,70.708603
22.399166,70.7116550000001
22.5208319999999,70.7119290000001
22.533886,70.7119290000001
22.5508310000001,70.709442
22.6177750000001,70.6933290000001
22.656109,70.683609
22.661388,70.679993
22.664165,70.6763760000001
22.6577760000001,70.671936
22.611664,70.6597140000001
22.5938869999999,70.649994
22.5927770000001,70.6444400000001
22.596943,70.639709
22.60611,70.635818
22.624443,70.6347200000001
22.707775,70.635818
22.8052750000001,70.6405490000001
22.819443,70.641937
22.8283310000001,70.646652
22.7994420000001,70.690826
22.7925,70.6949920000001
22.762218,70.7061
22.732777,70.7227629999999
22.72583,70.726944
22.717777,70.7363740000001
22.7161100000001,70.7416530000001
22.7225,70.743881
22.7836070000001,70.7552640000001
22.8644410000001,70.728882
22.8958319999999,70.6941530000001
22.8972210000001,70.6888890000001
22.9450000000001,70.666656
22.963608,70.6588750000001
22.9805529999999,70.6586000000001
22.992222,70.661652
23.106388,70.734161
23.1600000000001,70.788605
23.282776,70.7719419999999
23.298611,70.770264
23.3402750000001,70.7836
23.348053,70.7891539999999
23.344166,70.793884
23.334999,70.7977750000001
23.322777,70.8119349999999
23.321388,70.817215
23.314163,70.8538820000001
23.318054,70.859985
23.3299980000001,70.8630520000001
23.343052,70.8630520000001
23.3563879999999,70.860825
23.368053,70.8574980000001
23.377499,70.853607
23.4411090000001,70.81221
23.451664,70.7836
