"V1","V2"
52.8586040000001,71.3783110000001
52.8916630000001,71.369431
52.9211040000001,71.3599850000001
52.928604,71.3544310000001
52.9966580000001,71.30304
53.0116650000001,71.2916560000001
53.014717,71.2804340000001
53.012722,71.276268
53.0027769999999,71.273041
52.984718,71.277206
52.969986,71.2819369999999
52.907494,71.3069310000001
52.906937,71.313873
52.898605,71.3327640000001
52.891106,71.338318
52.8174970000001,71.361923
52.7808230000001,71.3705290000001
52.7588880000001,71.3741460000001
52.7427670000001,71.3708189999999
52.779716,71.3177640000001
52.7872160000001,71.3121950000001
52.798332,71.3069310000001
52.813049,71.3022
52.9627690000001,71.2622070000001
53.0644380000001,71.235535
53.086105,71.2319340000001
53.1086040000001,71.23082
53.1277690000001,71.2322080000001
53.143883,71.235535
53.1558230000001,71.2424770000001
53.144714,71.247757
53.1269380000001,71.245529
53.106102,71.2452550000001
53.082497,71.247482
53.0799940000001,71.252487
53.1244350000001,71.2666630000001
53.143608,71.2677610000001
53.1672129999999,71.2655490000001
53.1855470000001,71.2613830000001
53.1999970000001,71.2566530000001
53.2074970000001,71.2510990000001
53.2174910000001,71.198593
53.218048,71.1597140000001
53.149162,71.091095
53.1361080000001,71.085266
53.1199870000001,71.0816650000001
53.105827,71.079712
53.0838780000001,71.090271
53.0647129999999,71.088882
53.0544360000001,71.0808260000001
53.0483320000001,71.0666660000001
53.0402760000001,71.024994
53.044159,71.018875
53.065826,71.0083310000001
53.1019360000001,70.99971
53.123322,70.996094
53.1377720000001,70.9913640000001
53.144997,70.9855350000001
53.1419370000001,70.9783170000001
53.128876,70.9724880000001
53.0586010000001,70.962769
53.0411070000001,70.9605410000001
53.0208280000001,70.9602660000001
52.9991610000001,70.964157
52.9988780000001,70.9708249999999
53.00103,70.9771730000001
53.017769,70.993042
53.0172120000001,70.99971
53.0133290000001,71.005829
52.9647140000001,71.046371
52.957214,71.0519260000001
52.80555,71.1058200000001
52.7811050000001,71.1497190000001
52.7772140000001,71.1558230000001
52.7694400000001,71.1616520000001
52.6449970000001,71.2191470000001
52.6302719999999,71.223877
52.5861050000001,71.2380370000001
52.571381,71.2427519999999
52.5477750000001,71.2447050000001
52.5319369999999,71.2438660000001
52.5144420000001,71.241364
52.4997180000001,71.2369230000001
52.46138,71.234146
52.3930510000001,71.2380370000001
52.3691560000001,71.2402650000001
52.3474880000001,71.2438660000001
52.3291630000001,71.248032
52.2961040000001,71.256943
52.2813800000001,71.261658
52.2552720000001,71.271652
52.232765,71.2819369999999
52.2172090000001,71.2933200000001
52.2088850000001,71.3055420000001
52.2083279999999,71.3121950000001
52.211105,71.3194430000001
52.2174909999999,71.3272089999999
52.229156,71.3341520000001
52.2713780000001,71.349426
52.4130480000001,71.371094
52.4308240000001,71.373596
52.7102740000001,71.401093
52.753052,71.397766
52.778328,71.39444
52.8222200000001,71.386932
52.8586040000001,71.3783110000001
