"V1","V2"
-176.550598,51.905823
-176.558044,51.90387
-176.587799,51.905823
-176.597809,51.904984
-176.60556,51.9027710000001
-176.609711,51.898872
-176.642242,51.8572160000001
-176.597809,51.8313830000001
-176.590271,51.82943
-176.58252,51.8299870000001
-176.554993,51.839149
-176.465027,51.843597
-176.434174,51.8383260000001
-176.426392,51.8363720000001
-176.424164,51.8308260000001
-176.423096,51.824715
-176.416687,51.749718
-176.425293,51.7344280000001
-176.429749,51.7302630000001
-176.46698,51.7191470000001
-176.530609,51.7269290000001
-176.699768,51.6813740000001
-176.70752,51.679153
-176.7117,51.674988
-176.723602,51.6591570000001
-176.913086,51.6038819999999
-176.938629,51.5844350000001
-176.961945,51.590271
-176.975037,51.5958180000001
-176.978333,51.6005479999999
-176.980835,51.6130449999999
-176.98114,51.6197130000001
-176.97226,51.657761
-176.893341,51.7658310000001
-176.781403,51.830269
-176.783356,51.9252620000001
-176.780304,51.936928
-176.776978,51.9416499999999
-176.771698,51.9452670000001
-176.758362,51.950829
-176.743042,51.954987
-176.60556,51.9855499999999
-176.584747,51.986382
-176.56366,51.985825
-176.555878,51.983597
-176.549164,51.981102
-176.546997,51.975548
-176.539734,51.926659
-176.540833,51.92054
-176.546112,51.9099810000001
-176.550598,51.905823
