"V1","V2"
-6.3175,56.934166
-6.32555600000001,56.934166
-6.33055599999994,56.935555
-6.36194499999999,56.946388
-6.44833399999999,56.998886
-6.45222299999995,57.0022200000001
-6.45166699999993,57.006104
-6.41555599999992,57.0327760000001
-6.39333299999993,57.043884
-6.38416699999993,57.04805
-6.34750100000002,57.053055
-6.32611199999997,57.054161
-6.27722299999999,57.043327
-6.27055599999994,57.041664
-6.26166699999993,57.037773
-6.25416799999999,57.031944
-6.24972199999996,57.0258330000001
-6.249167,57.022217
-6.2475,56.995552
-6.255,56.964165
-6.25694499999997,56.9605480000001
-6.26666699999993,56.9516600000001
-6.27833399999992,56.944443
-6.29861199999993,56.9372180000001
-6.31055600000002,56.934441
-6.3175,56.934166
