"V1","V2"
129.236908,34.0822140000001
129.222198,34.073608
129.188873,34.0949940000001
129.184692,34.098602
129.183594,34.1038820000001
129.183319,34.161659
129.183319,34.167213
129.187744,34.198875
129.205536,34.3022159999999
129.208588,34.3152690000001
129.212463,34.319443
129.217468,34.321938
129.224396,34.3222200000001
129.282745,34.307213
129.347198,34.284721
129.349396,34.2799910000001
129.347473,34.2730480000001
129.33078,34.229698
129.330811,34.2088850000001
129.295258,34.126381
129.291656,34.1222150000001
129.270264,34.103325
129.236908,34.0822140000001
