"V1","V2"
25.250275,37.0083240000001
25.191383,36.973885
25.1658330000001,36.979439
25.152493,36.983887
25.1233330000001,36.9941640000001
25.1202740000001,36.9966660000001
25.10527,37.0116580000001
25.0991590000001,37.023888
25.0983280000001,37.027489
25.098885,37.0313800000001
25.1099970000001,37.057213
25.1327710000001,37.0933229999999
25.1513820000001,37.111931
25.1633259999999,37.1216660000001
25.22361,37.140831
25.268604,37.1386110000001
25.2844430000001,37.1283190000001
25.26833,37.052773
25.2641639999999,37.039162
25.250275,37.0083240000001
