"V1","V2"
-55.693054,49.5674970000001
-55.709167,49.5663830000001
-55.7166599999999,49.567215
-55.720833,49.5713810000001
-55.723053,49.576103
-55.722771,49.5813830000001
-55.7058329999999,49.613884
-55.684998,49.6249920000001
-55.673889,49.630547
-55.6597209999999,49.635551
-55.6530529999999,49.6363830000001
-55.572777,49.603882
-55.5675049999999,49.5999980000001
-55.5730589999999,49.5955430000001
-55.5863879999999,49.5913770000001
-55.608055,49.586105
-55.671669,49.5713810000001
-55.693054,49.5674970000001
