"V1","V2"
143.661926,49.31221
143.465515,49.3597180000001
143.456909,49.367493
143.429138,49.3858260000001
143.409973,49.3958280000001
143.391937,49.399162
143.367188,49.4005430000001
143.351349,49.400269
143.296936,49.3986049999999
143.282471,49.3966600000001
143.262207,49.3908310000001
143.256104,49.3883290000001
143.250549,49.38472
143.246063,49.3791580000001
143.246338,49.374161
143.248016,49.369438
143.257202,49.3611070000001
143.312195,49.316383
143.320251,49.313606
143.343842,49.313881
143.366913,49.315269
143.396637,49.318329
143.411652,49.319443
143.434692,49.320549
143.497467,49.321381
143.601074,49.320274
143.63443,49.318054
143.661926,49.31221
143.666077,49.3083270000001
143.659973,49.30555
143.652466,49.304436
143.60553,49.3038790000001
143.542206,49.3038790000001
143.500549,49.3069380000001
143.484955,49.306656
143.426086,49.299721
143.339417,49.2869420000001
143.290253,49.2772140000001
143.26944,49.2724910000001
143.262756,49.2705460000001
143.193573,49.2461010000001
143.143311,49.2258220000001
143.137207,49.223045
143.125519,49.21666
143.078857,49.191101
143.073578,49.187492
143.036377,49.1594310000001
143.031372,49.1549910000001
143.017761,49.139717
143.013306,49.134163
142.989136,49.1013870000001
142.984131,49.0897140000001
142.971893,49.0602720000001
142.968292,49.048882
142.966064,49.038048
142.964966,49.0272140000001
142.96579,49.01194
142.971893,48.9930500000001
142.976349,48.9838790000001
142.982178,48.974991
142.986633,48.9608230000001
142.98996,48.9460979999999
142.991638,48.936378
142.992462,48.9208300000001
142.990234,48.9099880000001
142.978302,48.891937
142.973846,48.8866580000001
142.92804,48.8194430000001
142.863007,48.7097170000001
142.781097,48.5541610000001
142.768585,48.5297160000001
142.759979,48.5116650000001
142.750549,48.4880449999999
142.746918,48.476654
142.672211,48.304436
142.61969,48.2049940000001
142.616364,48.193321
142.612732,48.181938
142.599121,48.145546
142.568573,48.0752720000001
142.535797,48.008049
142.534698,48.002777
142.529144,47.8966600000001
142.529968,47.875824
142.534698,47.8041610000001
142.536652,47.789162
142.55719,47.7166599999999
142.568024,47.6833270000001
142.572479,47.6741640000001
142.603851,47.6205440000001
142.61969,47.5938800000001
142.631073,47.5763850000001
142.713867,47.484993
142.779694,47.4258270000001
142.796936,47.4205470000001
142.829132,47.409157
142.844971,47.40332
142.859955,47.3972170000001
142.873291,47.3905490000001
142.900543,47.37249
142.914154,47.3608250000001
142.926361,47.348602
143.014435,47.254166
143.019989,47.2452700000001
143.021362,47.2405470000001
143.105804,46.919991
143.111908,46.890549
143.106903,46.8427660000001
143.094971,46.8372120000001
143.09024,46.832771
143.08609,46.827217
143.083588,46.8213810000001
143.083862,46.8161010000001
143.088287,46.801659
143.166931,46.7091600000001
143.172211,46.7055510000001
143.190247,46.701385
143.343567,46.68055
143.358856,46.680824
143.371613,46.684433
143.376892,46.688042
143.386658,46.697212
143.390808,46.702774
143.391937,46.708328
143.386658,46.7172090000001
143.368835,46.7330470000001
143.376892,46.786385
143.431915,46.8330540000001
143.437195,46.836655
143.443298,46.8394320000001
143.449707,46.8413770000001
143.457733,46.8405460000001
143.472473,46.83416
143.48053,46.826103
143.491638,46.8086010000001
143.521912,46.7180480000001
143.523315,46.7080460000001
143.52359,46.702774
143.522491,46.697212
143.514984,46.684715
143.512482,46.678604
143.511383,46.67305
143.511658,46.668053
143.514984,46.6427690000001
143.524414,46.5822140000001
143.548584,46.499718
143.554413,46.4805450000001
143.578583,46.409157
143.601898,46.3836059999999
143.587463,46.3516620000001
143.520264,46.2269360000001
143.516388,46.220543
143.511108,46.216934
143.500549,46.2097170000001
143.489685,46.202217
143.480255,46.1933210000001
143.476074,46.1877670000001
143.468842,46.1699910000001
143.465515,46.1533200000001
143.46579,46.148048
143.471344,46.128876
143.47467,46.1086040000001
143.474976,46.098328
143.473846,46.092766
143.431366,46.01944
143.425262,46.01944
143.407745,46.0774919999999
143.407471,46.082497
143.424683,46.1286010000001
143.42804,46.1819380000001
143.42746,46.2027740000001
143.423035,46.217209
143.41748,46.2313770000001
143.411926,46.2452700000001
143.388031,46.2961040000001
143.358856,46.355553
143.34552,46.3783260000001
143.339691,46.397491
143.339417,46.408043
143.345245,46.4622120000001
143.36496,46.486656
143.370789,46.4894330000001
143.375244,46.494995
143.386108,46.5191570000001
143.388306,46.530273
143.386658,46.534996
143.378571,46.548332
143.367737,46.5558240000001
143.361359,46.558884
143.352173,46.5616610000001
143.343567,46.563049
143.169128,46.5899890000001
143.136108,46.5938800000001
143.12912,46.5927659999999
143.116364,46.5888820000001
143.110504,46.586105
143.103577,46.5849910000001
143.082458,46.58194
143.059418,46.5824970000001
143.009705,46.5888820000001
142.87912,46.5972140000001
142.804688,46.5938800000001
142.797211,46.5938800000001
142.780548,46.5961000000001
142.773865,46.5994340000001
142.769714,46.6036070000001
142.746918,46.649162
142.733856,46.6819379999999
142.732452,46.6869350000001
142.727173,46.71666
142.728302,46.722214
142.727448,46.7377700000001
142.723572,46.741936
142.717468,46.744156
142.709686,46.744156
142.60025,46.7113800000001
142.575256,46.702774
142.526367,46.6824950000001
142.496918,46.668327
142.486908,46.6599879999999
142.468018,46.6416630000001
142.421356,46.5824970000001
142.295258,46.340828
142.25,46.196381
142.227173,46.1124950000001
142.199982,46.0261
142.19635,46.0197140000001
142.096344,45.8952709999999
142.091064,45.89138
142.08551,45.888603
142.077454,45.89138
142.050537,45.9147110000001
142.034149,45.9308240000001
141.929138,46.035828
141.926361,46.040276
141.924988,46.0449980000001
141.924683,46.05027
141.925537,46.055824
141.927765,46.0619350000001
141.934967,46.0747150000001
141.937195,46.0805510000001
141.938293,46.0861049999999
141.938019,46.091377
141.899994,46.2697140000001
141.893585,46.288887
141.887756,46.3027730000001
141.881622,46.316666
141.852173,46.3816600000001
141.838013,46.4072110000001
141.830811,46.42083
141.829132,46.4255520000001
141.827179,46.435547
141.819427,46.485825
141.815247,46.539436
141.812744,46.586105
141.813599,46.5916600000001
141.815796,46.597771
141.97525,46.894714
141.983582,46.9058230000001
141.991333,46.9174960000001
142.022491,46.9763790000001
142.030823,46.994713
142.048035,47.036659
142.050262,47.042496
142.051361,47.04805
142.055542,47.0705490000001
142.058594,47.087212
142.059418,47.1247100000001
142.058319,47.145271
142.054962,47.160271
142.05191,47.1697160000001
142.041077,47.2030490000001
142.029694,47.2322080000001
142.018036,47.2500000000001
142.01416,47.253883
141.993561,47.2686
141.978302,47.279991
141.970245,47.288048
141.952759,47.457497
141.95108,47.4886020000001
141.961365,47.5913770000001
141.964691,47.6086040000001
142.003326,47.6966550000001
142.081635,47.836655
142.08551,47.8430480000001
142.102753,47.863884
142.121887,47.88221
142.133331,47.8886030000001
142.143585,47.8969420000001
142.15802,47.910545
142.172211,47.924438
142.176636,47.9297180000001
142.186371,47.9483260000001
142.188568,47.9541630000001
142.189423,47.9649960000001
142.188873,47.975266
142.184143,47.9894330000001
142.178864,48.0141600000001
142.17691,48.024162
142.173309,48.043884
142.168579,48.0841600000001
142.161926,48.1663820000001
142.156647,48.243324
142.151367,48.267769
142.148041,48.282494
142.146362,48.2872160000001
142.135529,48.315544
142.131073,48.3244399999999
142.107452,48.3705440000001
142.10025,48.3838810000001
142.08551,48.405823
142.075531,48.418602
142.015533,48.489716
141.935791,48.5816649999999
141.916931,48.6074980000001
141.908325,48.620544
141.88858,48.65638
141.874969,48.6838760000001
141.860504,48.7263790000001
141.852448,48.750275
141.853027,48.7608260000001
141.856903,48.767212
141.86969,48.783333
141.91275,48.8252719999999
141.922485,48.8344349999999
141.947479,48.8452680000001
141.953033,48.8488770000001
141.962463,48.858047
141.967468,48.869987
141.996338,48.949158
142.002197,48.9663850000001
142.027771,49.041664
142.069977,49.2422179999999
142.066925,49.251663
142.064972,49.261665
142.064148,49.276939
142.064423,49.2977750000001
142.064697,49.313606
142.06665,49.32972
142.068573,49.3405460000001
142.074127,49.3630520000001
142.079132,49.3747100000001
142.086365,49.3872150000001
142.096924,49.4049910000001
142.104401,49.4174960000001
142.118835,49.452774
142.123566,49.464439
142.135254,49.524994
142.140533,49.55249
142.151093,49.633331
142.160522,49.7863850000001
142.159149,49.8119350000001
142.155548,49.826385
142.152191,49.835823
142.13916,49.858604
142.127167,49.8811040000001
142.126343,49.891106
142.13858,49.9486010000001
142.152771,50.005272
142.173859,50.0941540000001
142.150818,50.331665
142.147217,50.351387
142.137207,50.3794330000001
142.132446,50.3886029999999
142.129669,50.392769
142.112732,50.4091570000001
142.10968,50.4136050000001
142.056641,50.496941
142.048859,50.510277
142.04248,50.5288770000001
142.042206,50.534164
142.044128,50.549995
142.051086,50.598328
142.05191,50.603882
142.094971,50.813049
142.125244,50.886383
142.134155,50.8972170000001
142.144135,50.9060970000001
142.154694,50.9141540000001
142.171631,50.924995
142.182465,50.933052
142.201355,50.952774
142.219116,50.974159
142.231628,50.998329
142.236633,51.0100860000001
142.24884,51.0391620000001
142.254974,51.0560990000001
142.263306,51.0791630000001
142.267761,51.10083
142.267761,51.1080470000001
142.267212,51.1202700000001
142.260803,51.1391600000001
142.256104,51.1480480000001
142.251373,51.1569369999999
142.238007,51.173882
142.23053,51.182213
142.085236,51.398331
142.080536,51.407494
142.077179,51.416664
142.081085,51.4230500000001
142.091644,51.4288790000001
142.096619,51.4333270000001
142.097748,51.4388810000001
142.094421,51.448326
142.089691,51.4572140000001
142.079132,51.4697110000001
142.068848,51.477211
142.005249,51.516106
141.923309,51.5705490000001
141.797211,51.6774900000001
141.804688,51.7174910000001
141.811096,51.720268
141.821075,51.7291559999999
141.824982,51.7352680000001
141.820801,51.7802730000001
141.817474,51.789719
141.777191,51.824715
141.759705,51.835266
141.648041,51.886658
141.639984,52.07972
141.641357,52.0858230000001
141.64386,52.09166
141.647766,52.0977710000001
141.652191,52.1030500000001
141.677765,52.1255490000001
141.686646,52.1361079999999
141.693024,52.148048
141.694977,52.1588820000001
141.693573,52.179161
141.668579,52.259163
141.639984,52.3111040000001
141.638031,52.315826
141.651917,52.365547
141.656921,52.377213
141.660797,52.383331
141.665802,52.3877720000001
141.677185,52.3949969999999
141.703033,52.4066540000001
141.743286,52.4319380000001
141.753601,52.4408260000001
141.768311,52.4552690000001
141.790802,52.481659
141.837738,52.578049
141.838867,52.583603
141.849701,52.713051
141.858582,52.851387
141.891083,52.935547
141.921906,53.003883
141.925262,53.019989
141.924683,53.024994
141.917206,53.053322
141.912201,53.067215
141.893311,53.0927660000001
141.866913,53.1213760000001
141.851624,53.1374970000001
141.842468,53.1452710000001
141.836365,53.1488800000001
141.831909,53.152771
141.827179,53.166664
141.809418,53.2563860000001
141.810516,53.2952730000001
141.770813,53.3583300000001
141.764709,53.3649980000001
141.766937,53.3713760000001
141.778046,53.3763810000001
141.981354,53.4549940000001
142.092194,53.491379
142.213593,53.5186
142.226898,53.5183260000001
142.251923,53.48555
142.253876,53.4788740000001
142.251373,53.472488
142.239685,53.4530490000001
142.236359,53.4205470000001
142.235779,53.4074940000001
142.24469,53.387215
142.253326,53.380547
142.274689,53.3697130000001
142.351624,53.3561020000001
142.464142,53.3830490000001
142.47525,53.38694
142.486359,53.391937
142.495514,53.3983310000001
142.502472,53.4047090000001
142.509155,53.411102
142.520813,53.423882
142.55304,53.462494
142.557739,53.4688800000001
142.680267,53.5099950000001
142.681915,53.5236050000001
142.676361,53.543053
142.672211,53.549721
142.613861,53.5691600000001
142.603027,53.5705490000001
142.559143,53.569992
142.54776,53.5636060000001
142.541077,53.5572129999999
142.536377,53.550827
142.529419,53.5444410000001
142.518311,53.538048
142.511932,53.543327
142.505554,53.5499950000001
142.501648,53.563049
142.494965,53.608887
142.493561,53.628326
142.492737,53.654434
142.494965,53.6611020000001
142.50415,53.6672130000001
142.515259,53.6711040000001
142.537476,53.673325
142.636658,53.6794360000001
142.647766,53.676659
142.658325,53.669991
142.666931,53.663322
142.674988,53.649994
142.67691,53.6436080000001
142.683044,53.6369400000001
142.693848,53.6302720000001
142.704681,53.6286010000001
142.71579,53.629715
142.726898,53.6336060000001
142.736084,53.639992
142.774994,53.671661
142.798309,53.6974870000001
142.800812,53.70388
142.799408,53.7169339999999
142.794434,53.749718
142.785797,53.7955470000001
142.774689,53.8347170000001
142.770538,53.8413770000001
142.75943,53.8427660000001
142.738861,53.822212
142.732193,53.821545
142.725357,53.818546
142.71402,53.803047
142.711029,53.795383
142.709198,53.7875480000001
142.708862,53.7797160000001
142.706375,53.7677150000001
142.689148,53.739159
142.677185,53.719711
142.670258,53.713326
142.661377,53.708328
142.649994,53.703323
142.616364,53.690826
142.60553,53.691101
142.603577,53.6974870000001
142.611084,53.7169339999999
142.667847,53.8052749999999
142.690689,53.8401030000001
142.69519,53.8477710000001
142.696854,53.8555980000001
142.721619,53.9244380000001
142.719696,53.9308240000001
142.711639,53.944153
142.705231,53.950829
142.662476,53.9841610000001
142.596375,54.0361100000001
142.500031,54.1119380000001
142.484711,54.125267
142.46579,54.144997
142.459412,54.151657
142.39386,54.237495
142.401917,54.266106
142.480255,54.2738800000001
142.526917,54.242493
142.52887,54.2361070000001
142.535248,54.23082
142.546356,54.229156
142.568573,54.2288740000001
142.579956,54.233879
142.639435,54.262772
142.646637,54.2758260000001
142.651917,54.2886050000001
142.626892,54.325554
142.680542,54.413322
142.685242,54.4197160000001
142.696625,54.424713
142.707733,54.424713
142.719116,54.4244380000001
142.730255,54.42305
142.741058,54.417496
142.747467,54.4108200000001
142.753601,54.397774
142.759705,54.3847200000001
142.761658,54.378044
142.773865,54.3583300000001
142.813293,54.298882
142.819702,54.292221
142.913605,54.214714
143.004974,54.1374970000001
143.011383,54.130821
143.014984,54.1174930000001
143.008606,54.085266
142.998291,54.059158
142.991058,54.0463870000001
142.981354,54.0336070000001
142.960236,54.014442
142.95108,54.008049
142.93692,53.99527
142.925262,53.9824910000001
142.878571,53.896103
142.881348,53.8080440000001
142.901642,53.774994
142.954681,53.718597
143.011383,53.6652680000001
143.103851,53.5549930000001
143.124664,53.5024950000001
143.131897,53.476097
143.109955,53.4011
143.094116,53.3897170000001
143.087189,53.3833309999999
143.09552,53.3766560000001
143.106354,53.3763810000001
143.118561,53.378044
143.129669,53.380547
143.140808,53.3852690000001
143.149994,53.3916630000001
143.161102,53.3966600000001
143.172211,53.3991620000001
143.181091,53.3988800000001
143.199127,53.37249
143.203033,53.3658290000001
143.226349,53.320831
143.285522,53.1499940000001
143.289154,53.13694
143.290802,53.130272
143.329132,52.9144360000001
143.337463,52.8291630000001
143.337463,52.7386020000001
143.337463,52.7336040000001
143.336914,52.7183229999999
143.334961,52.69249
143.325806,52.5988770000001
143.321625,52.557213
143.316925,52.5305480000001
143.308594,52.48777
143.306366,52.4769360000001
143.301086,52.4605480000001
143.291931,52.442764
143.285248,52.4311070000001
143.25415,52.392494
143.240234,52.3766560000001
143.23053,52.3669360000001
143.204132,52.344711
143.194977,52.3463820000001
143.191925,52.4097140000001
143.195801,52.4208300000001
143.199982,52.426941
143.213593,52.442764
143.218842,52.447212
143.231628,52.452492
143.292755,52.579163
143.294128,52.5844350000001
143.293854,52.589432
143.285248,52.5922160000001
143.266937,52.594711
143.258026,52.5952680000001
143.251099,52.5936050000001
143.247742,52.5886000000001
143.152771,52.3816600000001
143.164978,52.3272170000001
143.179688,52.315826
143.181366,52.311378
143.149719,52.131104
143.131622,52.0763850000001
143.124969,51.960548
143.13443,51.923325
143.164978,51.864998
143.174988,51.8574980000001
143.194977,51.8527760000001
143.211914,51.851936
143.218292,51.8547130000001
143.221893,51.871101
143.221344,51.8811040000001
143.226624,51.8855510000001
143.233582,51.887497
143.238007,51.8833310000001
143.242737,51.8744349999999
143.296936,51.771103
143.301361,51.762215
143.314972,51.729431
143.3172,51.704712
143.312744,51.7027740000001
143.308319,51.7069400000001
143.30246,51.7102740000001
143.294708,51.712494
143.2883,51.7097170000001
143.283325,51.7052690000001
143.264709,51.684158
143.258331,51.672218
143.234955,51.6127700000001
143.233856,51.607498
143.219421,51.5258260000001
143.220795,51.5213780000001
143.228577,51.508049
143.234131,51.50444
143.241333,51.501106
143.310516,51.512497
143.334961,51.553604
143.328857,51.567497
143.325806,51.57666
143.323578,51.591377
143.324982,51.607773
143.32608,51.613052
143.335236,51.623604
143.34024,51.628044
143.357178,51.639717
143.364136,51.6416630000001
143.370789,51.6413800000001
143.376617,51.632767
143.449982,51.4986040000001
143.456085,51.4847179999999
143.459137,51.470268
143.466064,51.3955460000001
143.468842,51.36055
143.458862,51.3486020000001
143.453033,51.357216
143.447205,51.360825
143.42804,51.3649980000001
143.414978,51.36055
143.381897,51.3486020000001
143.378296,51.3447110000001
143.382721,51.3405460000001
143.469971,51.2677689999999
143.495789,51.299164
143.496918,51.3047100000001
143.503052,51.303322
143.510254,51.2949980000001
143.519135,51.276939
143.526917,51.2586059999999
143.534149,51.239433
143.565796,51.1072160000001
143.570526,51.0774920000001
143.571075,51.06221
143.588562,50.9952700000001
143.649139,50.833878
143.659973,50.800827
143.68692,50.6955410000001
143.693573,50.6563800000001
143.722198,50.524994
143.769135,50.369438
143.774994,50.3505480000001
143.791931,50.3005450000001
143.79776,50.2869420000001
143.808014,50.2691570000001
143.810791,50.2647170000001
143.828033,50.2436070000001
143.834961,50.2352680000001
143.846344,50.223045
143.859131,50.2111050000001
143.874664,50.19471
143.890533,50.173325
143.941345,50.104164
143.993835,50.0311050000001
144.002472,50.0180510000001
144.00415,50.008331
144.064148,49.844711
144.214142,49.4711
144.222198,49.4166640000001
144.228027,49.3977740000001
144.275818,49.2613830000001
144.393036,49.052216
144.403595,49.0338820000001
144.407745,49.029991
144.41748,49.022217
144.499115,48.9722140000001
144.518311,48.9619370000001
144.559143,48.942215
144.572754,48.935547
144.636658,48.9013820000001
144.664978,48.8833309999999
144.68692,48.8685990000001
144.690796,48.864441
144.693573,48.859993
144.694977,48.8552700000001
144.706635,48.780548
144.705231,48.775269
144.700256,48.7708280000001
144.691696,48.7549970000001
144.689682,48.751995
144.689026,48.748661
144.689026,48.7424930000001
144.690857,48.733658
144.690796,48.7133260000001
144.697205,48.694153
144.704132,48.68055
144.709686,48.671661
144.717743,48.6636050000001
144.723297,48.6599880000001
144.736633,48.6533200000001
144.746063,48.650543
144.750275,48.6466600000001
144.751648,48.6419370000001
144.746613,48.637215
144.73941,48.6363830000001
144.731628,48.6363830000001
144.689972,48.640549
144.683868,48.6430510000001
144.678314,48.6466600000001
144.674133,48.6558230000001
144.653137,48.7226560000001
144.652969,48.728821
144.651978,48.7409930000001
144.649475,48.749489
144.646988,48.7549930000001
144.634979,48.789993
144.615509,48.820831
144.558014,48.892769
144.537476,48.9130480000001
144.453857,48.9847180000001
144.441345,48.9916610000001
144.371063,49.0136110000001
144.364136,49.0169369999999
144.357452,49.0202709999999
144.346344,49.0274890000001
144.286377,49.067772
144.278046,49.075829
144.266663,49.0936050000001
144.259705,49.1069410000001
144.258331,49.111938
144.25415,49.121101
144.245789,49.1291580000001
144.152771,49.196938
144.141663,49.2041630000001
144.102173,49.224434
144.061096,49.2441560000001
144.020264,49.258606
143.981903,49.268883
143.945526,49.2763820000001
143.928589,49.2777710000001
143.913025,49.2777710000001
143.870056,49.282188
143.83609,49.286385
143.706909,49.3024900000001
143.661926,49.31221
