"V1","V2"
143.957733,-40.110001
143.921631,-40.1363909999999
143.913879,-40.1347269999999
143.890533,-40.1219409999999
143.886383,-40.118332
143.884155,-40.113335
143.873566,-40.0650019999999
143.887482,-40.059441
143.893036,-40.056107
143.89444,-40.050835
143.892212,-39.9875029999999
143.891663,-39.981941
143.887207,-39.972221
143.883881,-39.968056
143.870514,-39.956947
143.851624,-39.945274
143.842468,-39.938606
143.838287,-39.934998
143.834961,-39.930557
143.834686,-39.924446
143.837738,-39.873055
143.854126,-39.714722
143.856354,-39.709167
143.871063,-39.700279
143.899719,-39.688606
143.916656,-39.680557
143.925812,-39.6741709999999
143.933594,-39.666946
143.940521,-39.6583329999999
143.942749,-39.6530529999999
143.945526,-39.640839
143.943848,-39.6288829999999
143.935516,-39.6086119999999
143.931915,-39.598335
143.929138,-39.587219
143.933868,-39.5833279999999
143.939423,-39.5808329999999
143.973022,-39.5733339999999
143.981903,-39.574448
143.987732,-39.57695
144.064148,-39.614723
144.069427,-39.6175
144.108582,-39.662498
144.112183,-39.673058
144.122192,-39.812218
144.122192,-39.825005
144.14444,-39.9227749999999
144.147491,-39.927223
144.146942,-39.9338839999999
144.138031,-39.981667
144.135803,-39.9869459999999
144.108002,-40.034447
144.104126,-40.038338
144.008881,-40.087776
143.957733,-40.110001
