"V1","V2"
-78.851395,8.28861000000006
-78.922226,8.27055500000012
-78.9572299999999,8.29083300000013
-78.959167,8.29222100000004
-78.961945,8.29638899999998
-78.963348,8.43305400000008
-78.9622339999999,8.44222100000007
-78.960281,8.44722200000012
-78.956116,8.44999900000005
-78.950836,8.45166599999993
-78.883621,8.46388800000011
-78.871674,8.45694400000002
-78.856125,8.44111100000003
-78.850006,8.43361099999998
-78.8319549999999,8.40222200000005
-78.831116,8.40000000000009
-78.829727,8.3883320000001
-78.8302919999999,8.33611100000013
-78.834732,8.31972100000007
-78.843338,8.29444300000006
-78.84639,8.29055399999999
-78.851395,8.28861000000006
