"V1","V2"
-56.2650069999999,-63.169449
-56.279449,-63.1697239999999
-56.3180619999999,-63.161667
-56.430557,-63.123894
-56.473892,-63.108894
-56.5716709999999,-63.053337
-56.5808329999999,-63.0477829999999
-56.586945,-63.041672
-56.584724,-63.035004
-56.537781,-63.013618
-56.499451,-63.0008389999999
-56.473335,-62.9950029999999
-56.408058,-62.981117
-56.394173,-62.979446
-56.1086119999999,-62.987785
-56.076118,-62.9933399999999
-56.058891,-62.998062
-56.032501,-63.0083389999999
-55.9908369999999,-63.030006
-55.9816739999999,-63.035561
-55.97084,-63.054451
-55.975838,-63.061394
-55.983063,-63.069168
-56.005836,-63.081116
-56.146667,-63.14389
-56.172501,-63.150841
-56.251114,-63.1677779999999
-56.2650069999999,-63.169449
