"V1","V2"
-52.0708389999999,68.1152650000001
-52.110001,68.1136020000001
-52.1513899999999,68.1163790000001
-52.182777,68.121643
-52.305557,68.1599880000001
-52.3144449999999,68.1641540000001
-52.315834,68.1688690000001
-52.305832,68.1730350000001
-52.289444,68.177475
-52.1816709999999,68.181091
-52.167778,68.182205
-52.119164,68.1874850000001
-52.082222,68.1916500000001
-51.823891,68.2211
-51.606667,68.2527770000001
-51.581673,68.256943
-51.465836,68.262497
-51.45417,68.257767
-51.4530559999999,68.2483220000001
-51.4555589999999,68.238037
-51.464165,68.232208
-51.525002,68.207214
-51.546669,68.200821
-51.591942,68.1922000000001
-51.698608,68.188583
-51.748055,68.1813660000001
-51.770279,68.177475
-51.781387,68.1741490000001
-51.801392,68.1658169999999
-51.839165,68.1463780000001
-51.860832,68.139984
-51.919998,68.1299740000001
-52.007782,68.120529
-52.0708389999999,68.1152650000001
