"V1","V2"
-73.6977689999999,64.2699890000001
-73.7047269999999,64.268875
-73.72084,64.2727659999999
-73.753891,64.2827610000001
-73.776672,64.294708
-73.823334,64.324707
-73.833618,64.331665
-73.781387,64.405548
-73.776108,64.4074860000001
-73.765564,64.4094240000001
-73.749161,64.410263
-73.744446,64.405823
-73.730835,64.386383
-73.729172,64.386108
-73.726944,64.3833310000001
-73.724442,64.3774720000001
-73.702499,64.3227690000001
-73.699158,64.314148
-73.690552,64.276932
-73.691666,64.2736050000001
-73.6944429999999,64.271103
-73.6977689999999,64.2699890000001
