"V1","V2"
19.9261089999999,39.794441
19.946941,39.7836070000001
19.950554,39.7744370000001
19.950554,39.7622149999999
19.942776,39.7441640000001
19.929165,39.7311100000001
19.9263879999999,39.7286070000001
19.9161109999999,39.722771
19.91222,39.721382
19.8755530000001,39.7161100000001
19.848888,39.7058260000001
19.842499,39.702774
19.8399960000001,39.6999970000001
19.838608,39.695831
19.839443,39.6763839999999
19.846664,39.649162
19.9277760000001,39.477219
19.9319420000001,39.471664
20.018055,39.434441
20.0277750000001,39.431938
20.032776,39.43222
20.048054,39.436943
20.0574990000001,39.442215
20.0633320000001,39.44722
20.0674970000001,39.4536060000001
20.071663,39.4536060000001
20.074718,39.451385
20.1216660000001,39.3777770000001
20.122219,39.373886
20.1202770000001,39.370552
20.1149980000001,39.364998
20.1116640000001,39.363052
20.0797200000001,39.368332
19.8841629999999,39.4444430000001
19.880276,39.4463880000001
19.875275,39.4516600000001
19.854721,39.483887
19.8530539999999,39.4869380000001
19.85083,39.493889
19.8469430000001,39.5197220000001
19.8472209999999,39.5358280000001
19.8497199999999,39.54277
19.844166,39.5519409999999
19.8233300000001,39.576111
19.818333,39.5813830000001
19.8063890000001,39.5905530000001
19.7402760000001,39.6247180000001
19.6758310000001,39.674721
19.6733320000001,39.677216
19.6413880000001,39.7444380000001
19.6399990000001,39.75666
19.650833,39.772499
19.673054,39.7930530000001
19.6922190000001,39.7949980000001
19.696941,39.794441
19.791664,39.790276
19.7966650000001,39.7905500000001
19.803886,39.7938840000001
19.855,39.8183289999999
19.864998,39.81694
19.9261089999999,39.794441
