"V1","V2"
104.496094,-0.626943999999867
104.490807,-0.626943999999867
104.344711,-0.583610999999962
104.250816,-0.47750000000002
104.24942,-0.471943999999951
104.276932,-0.410278000000005
104.284416,-0.397221999999942
104.28804,-0.393888999999945
104.32222,-0.373333000000002
104.466087,-0.338888999999995
104.476929,-0.341666999999973
104.485207,-0.348013999999978
104.523613,-0.36777799999993
104.531097,-0.37388900000002
104.584717,-0.443889000000013
104.592758,-0.456110999999908
104.596367,-0.466388999999879
104.596367,-0.473333000000025
104.593597,-0.484443999999996
104.507767,-0.617777999999987
104.501099,-0.62472200000002
104.496094,-0.626943999999867
