"V1","V2"
-92.6380619999999,74.1030430000001
-92.3686069999999,74.041092
-92.356949,74.03804
-92.3344419999999,74.0313720000001
-92.311386,74.021652
-92.296951,74.014435
-92.289444,74.009155
-92.282776,74.003326
-92.273621,73.9905400000001
-92.272781,73.9844210000001
-92.281952,73.974991
-92.291107,73.9697110000001
-92.3105469999999,73.961105
-92.3277889999999,73.9513850000001
-92.330002,73.9455260000001
-92.329727,73.9424739999999
-92.309433,73.9408110000001
-92.1324919999999,73.946365
-92.118607,73.9491420000001
-92.116653,73.9510959999999
-92.113327,73.956375
-92.1100009999999,73.964706
-92.113052,73.9744260000001
-92.114441,73.9766540000001
-92.113052,73.9813689999999
-92.107773,73.9847110000001
-92.094162,73.989151
-91.925552,74.0127719999999
-91.877213,74.0169369999999
-91.838333,74.0188750000001
-91.570847,74.0258180000001
-91.5283359999999,74.0244290000001
-91.1399989999999,74.0099950000001
-91.097504,74.0083310000001
-91.065002,74.006104
-91.046951,74.0041660000001
-90.7355499999999,73.968323
-90.660004,73.953873
-90.633057,73.948318
-90.4413759999999,73.9197080000001
-90.406662,73.9147030000001
-90.364441,73.9116520000001
-90.354721,73.912201
-90.344955,73.9143680000001
-90.341675,73.9172060000001
-90.3397219999999,73.9205320000001
-90.34111,73.9241490000001
-90.3355559999999,73.925812
-90.31778,73.925262
-90.225006,73.9086
-90.195831,73.901932
-90.1944429999999,73.899719
-90.204178,73.888321
-90.230286,73.862198
-90.241943,73.851929
-90.251404,73.8466490000001
-90.26445,73.84166
-90.2752839999999,73.8385930000001
-90.283066,73.8383180000001
-90.360001,73.8008120000001
-90.474716,73.7216490000001
-90.58139,73.6577610000001
-90.7247159999999,73.5830540000001
-90.849731,73.5402680000001
-90.9213869999999,73.495255
-90.930283,73.4838710000001
-90.93222,73.4819340000001
-91.089172,73.384155
-91.152222,73.361099
-91.171387,73.3510890000001
-91.180557,73.3458250000001
-91.1863859999999,73.3402710000001
-91.238602,73.2799840000001
-91.2530669999999,73.2691500000001
-91.262222,73.263885
-91.367767,73.2008210000001
-91.569458,73.0633090000001
-91.642776,73.021103
-91.647507,73.0166630000001
-91.645004,72.998032
-91.770844,72.91304
-91.799728,72.897217
-91.8083339999999,72.8919370000001
-91.812775,72.8858180000001
-91.8130489999999,72.8802640000001
-91.811386,72.8680420000001
-91.818893,72.8621980000001
-91.849731,72.8461
-92.0661009999999,72.7524870000001
-92.0958399999999,72.743042
-92.1274869999999,72.7344210000001
-92.166397,72.72554
-92.232224,72.713043
-92.2747189999999,72.707489
-92.314438,72.7049870000001
-92.335281,72.7044370000001
-92.3933409999999,72.707214
-92.431107,72.7105410000001
-92.524719,72.7205349999999
-92.7452699999999,72.7399750000001
-92.898346,72.750275
-93.0774989999999,72.76944
-93.2488859999999,72.789703
-93.337784,72.8077550000001
-93.3491669999999,72.8024750000001
-93.366653,72.79776
-93.3919529999999,72.7941440000001
-93.412216,72.792206
-93.5800019999999,72.7780460000001
-93.6799929999999,72.779709
-93.7261049999999,72.7810970000001
-93.76445,72.7813720000001
-93.9327699999999,72.774155
-94.038605,72.7663880000001
-94.099167,72.7641600000001
-94.132492,72.764709
-94.1705469999999,72.7674870000001
-94.182495,72.76944
-94.246109,72.77388
-94.2627869999999,72.774155
-94.29805,72.7702639999999
-94.315552,72.7630460000001
-94.321945,72.7594300000001
-94.327499,72.75444
-94.334442,72.738037
-94.332779,72.731934
-94.327499,72.7216490000001
-94.319458,72.7174840000001
-94.3125,72.715546
-94.297501,72.713318
-94.2691649999999,72.719147
-94.2652889999999,72.7238770000001
-94.263901,72.72998
-94.258347,72.732483
-94.2363889999999,72.7349850000001
-94.160278,72.729431
-94.1036069999999,72.718597
-94.093338,72.7149959999999
-94.0014039999999,72.704163
-93.985001,72.7038729999999
-93.886673,72.7047120000001
-93.839447,72.7172090000001
-93.79834,72.7022089999999
-93.8230589999999,72.653046
-93.8172299999999,72.642212
-93.801666,72.63443
-93.7861179999999,72.62915
-93.7694549999999,72.624985
-93.757782,72.623032
-93.6866609999999,72.6222080000001
-93.674438,72.6188660000001
-93.589722,72.581375
-93.568619,72.5708310000001
-93.498886,72.5219270000001
-93.463333,72.4622040000001
-93.46611,72.451385
-93.469452,72.439697
-93.628052,72.341934
-93.645279,72.337204
-93.666397,72.333603
-93.6883239999999,72.3311
-93.748611,72.3297120000001
-93.767227,72.3272090000001
-93.787216,72.3227690000001
-93.801392,72.3177640000001
-93.8197329999999,72.307205
-93.827499,72.301926
-93.91333,72.2416529999999
-93.9252779999999,72.2330470000001
-94.014175,72.1638790000001
-94.0366669999999,72.1422120000001
-94.040283,72.1374970000001
-94.04361,72.131363
-94.0455469999999,72.126923
-94.044724,72.1158140000001
-94.0422209999999,72.1066440000001
-94.0438839999999,72.0969390000001
-94.0483399999999,72.0910949999999
-94.0547179999999,72.0852659999999
-94.0666659999999,72.07666
-94.080841,72.0669399999999
-94.091675,72.061646
-94.1276859999999,72.0563660000001
-94.143341,72.0574800000001
-94.172501,72.0577550000001
-94.186661,72.0558169999999
-94.198883,72.052765
-94.188721,72.0452580000001
-94.195053,72.0420910000001
-94.198387,72.0391010000001
-94.199547,72.036438
-94.196053,72.032433
-94.188385,72.0309300000001
-94.1720429999999,72.0295940000001
-94.1498869999999,72.029434
-94.1373829999999,72.0317690000001
-94.130554,72.033104
-94.125214,72.0350950000001
-94.091385,72.0377660000001
-94.060822,72.035263
-94.0297239999999,71.99942
-94.0630489999999,71.9783170000001
-94.08223,71.9760890000001
-94.191719,71.9943160000001
-94.3538819999999,72.018051
-94.371933,72.0194400000001
-94.4180599999999,72.022766
-94.449722,72.0233150000001
-94.7438809999999,72.011383
-94.780289,72.006104
-94.825562,71.997482
-94.9022219999999,71.9891510000001
-95.121933,71.9660950000001
-95.1611179999999,71.9647060000001
-95.175827,71.966934
-95.207779,71.9888760000001
-95.213333,71.994431
-95.206665,72.0974880000001
-95.204453,72.102768
-95.196655,72.1066440000001
-95.039444,72.131363
-94.981674,72.139435
-94.9297179999999,72.1436
-94.899994,72.14444
-94.868057,72.1455380000001
-94.752228,72.1533200000001
-94.7608339999999,72.1549840000001
-94.8061069999999,72.1591490000001
-94.8391719999999,72.1586
-94.961395,72.155258
-95.027496,72.144989
-95.121109,72.1366580000001
-95.1399989999999,72.1355440000001
-95.15889,72.135818
-95.1711119999999,72.1391599999999
-95.206665,72.180817
-95.21167,72.187195
-95.213623,72.193314
-95.2147219999999,72.200272
-95.2147219999999,72.205261
-95.2038879999999,72.2219240000001
-95.191376,72.2452550000001
-95.1711119999999,72.283325
-95.1333309999999,72.460266
-95.200287,72.524429
-95.226395,72.531662
-95.2830659999999,72.5355380000001
-95.3161009999999,72.5397030000001
-95.321396,72.5460970000001
-95.3444519999999,72.581375
-95.346664,72.587494
-95.345551,72.593323
-95.3316799999999,72.598328
-95.313324,72.6010890000001
-95.315826,72.6063689999999
-95.35556,72.637772
-95.3644409999999,72.6433260000001
-95.4586179999999,72.682205
-95.475555,72.6863710000001
-95.4927669999999,72.688034
-95.505569,72.6863710000001
-95.525558,72.6816560000001
-95.5358279999999,72.681366
-95.5486149999999,72.682205
-95.576111,72.689972
-95.5905609999999,72.695526
-95.6022189999999,72.7022089999999
-95.6661069999999,72.8013760000001
-95.673615,72.8138730000001
-95.675552,72.8249970000001
-95.6752779999999,72.841095
-95.671936,72.852478
-95.653885,72.876923
-95.645844,72.9127660000001
-95.655563,73.0199890000001
-95.683319,73.075821
-95.582504,73.1277620000001
-95.575012,73.1649930000001
-95.60054,73.283905
-95.650833,73.325272
-95.646667,73.3308260000001
-95.613617,73.342758
-95.623611,73.361099
-95.65361,73.4124909999999
-95.681671,73.4441380000001
-95.683884,73.4502720000001
-95.700287,73.5538640000001
-95.6683649999999,73.5817870000001
-95.612564,73.610977
-95.656059,73.6318660000001
-95.676086,73.665062
-95.681946,73.711929
-95.67305,73.723312
-95.65889,73.7324829999999
-95.645844,73.7355350000001
-95.450836,73.7711030000001
-95.428329,73.772766
-95.299728,73.7711030000001
-95.2836149999999,73.76915
-95.2664029999999,73.7641600000001
-95.236938,73.752213
-95.160278,73.713043
-95.154724,73.70694
-95.1383359999999,73.700821
-95.106949,73.6919250000001
-95.076401,73.683319
-95.02417,73.6716460000001
-94.9566649999999,73.6591490000001
-94.8905639999999,73.6491550000001
-94.8455509999999,73.6441500000001
-94.828613,73.6430510000001
-94.81221,73.6433260000001
-94.652222,73.6486050000001
-94.6341709999999,73.6494290000001
-94.6180569999999,73.651382
-94.619156,73.6544340000001
-94.638062,73.6658170000001
-94.649445,73.670822
-94.676392,73.676651
-94.732773,73.681366
-94.773056,73.679977
-94.8147129999999,73.6808170000001
-94.866104,73.687195
-94.883331,73.6922000000001
-95.0755619999999,73.7733150000001
-95.089172,73.783325
-95.111938,73.8010860000001
-95.116104,73.8066410000001
-95.108047,73.8121950000001
-95.070847,73.822769
-95.0366669999999,73.8294369999999
-95.005569,73.8324890000001
-94.976669,73.8311
-94.958054,73.8319400000001
-94.963333,73.8383180000001
-94.982498,73.845535
-95.005005,73.852768
-95.024445,73.8552550000001
-95.0455469999999,73.8555450000001
-95.076675,73.852478
-95.109161,73.843597
-95.116394,73.839157
-95.1272129999999,73.8258210000001
-95.1361239999999,73.8236080000001
-95.154175,73.8236080000001
-95.263062,73.862762
-95.304169,73.8808140000001
-95.3113859999999,73.8852690000001
-95.3233339999999,73.8969419999999
-95.3277889999999,73.9091490000001
-95.329727,73.9199829999999
-95.326111,73.944138
-95.324722,73.9524840000001
-95.3191679999999,73.9641570000001
-95.29834,73.98082
-95.24527,74.010269
-95.227783,74.0141600000001
-95.220001,74.014709
-95.19249,74.0088810000001
-95.174438,74.0088810000001
-95.040833,74.026382
-94.906952,74.0474850000001
-94.850281,74.0588680000001
-94.8061069999999,74.0680540000001
-94.787506,74.0727690000001
-94.7552799999999,74.087204
-94.7458339999999,74.0922090000001
-94.732224,74.095261
-94.618332,74.0902710000001
-94.460281,74.094437
-94.4369349999999,74.0958249999999
-94.4272159999999,74.100815
-94.421112,74.1058200000001
-94.412781,74.1152650000001
-94.4061129999999,74.118866
-94.392227,74.1219180000001
-94.217499,74.131653
-94.1777799999999,74.1336060000001
-94.093063,74.136383
-93.9924929999999,74.138596
-93.95195,74.1388850000001
-93.914169,74.136108
-93.901947,74.1333310000001
-93.758347,74.0969390000001
-93.761398,74.12915
-93.759445,74.1391600000001
-93.754456,74.1447140000001
-93.730835,74.15416
-93.690552,74.162201
-93.641113,74.1677549999999
-93.5836179999999,74.170822
-93.515015,74.173035
-93.431671,74.1722110000001
-93.327499,74.1699830000001
-93.243881,74.164993
-93.028885,74.149994
-92.979446,74.1458280000001
-92.796387,74.124985
-92.6380619999999,74.1030430000001
