"V1","V2"
-99.9994349999999,68.943588
-100.006958,68.939423
-100.021118,68.939697
-100.037781,68.9413600000001
-100.120003,68.9508210000001
-100.161667,68.9613800000001
-100.181381,68.968872
-100.198608,68.976929
-100.206123,68.981094
-100.236938,69.008606
-100.256668,69.0266569999999
-100.258904,69.031662
-100.258621,69.041931
-100.236938,69.0813749999999
-100.231949,69.087204
-100.213333,69.0972140000001
-100.129707,69.1302640000001
-100.095551,69.1174770000001
-100.053047,69.102478
-100.033333,69.0947110000001
-100.028343,69.0902710000001
-99.978882,69.0138850000001
-99.9769439999999,69.0038760000001
-99.9994349999999,68.943588
