"V1","V2"
-73.80806,-52.397224
-73.828339,-52.397507
-73.837509,-52.395836
-73.840286,-52.393616
-73.881668,-52.361389
-73.914734,-52.303062
-74.0005649999999,-52.2583389999999
-74.0780639999999,-52.196396
-74.085846,-52.1877819999999
-74.095566,-52.1733399999999
-74.09584,-52.167229
-74.092789,-52.161949
-74.082779,-52.154167
-74.076675,-52.150841
-74.0483399999999,-52.1413959999999
-74.037231,-52.1416699999999
-73.9933469999999,-52.159729
-73.986954,-52.162781
-73.948486,-52.202259
-73.886787,-52.223244
-73.809723,-52.249451
-73.789169,-52.2641679999999
-73.777237,-52.277229
-73.772781,-52.2877809999999
-73.7483369999999,-52.353058
-73.7466739999999,-52.358612
-73.747513,-52.365562
-73.750565,-52.3708339999999
-73.7544559999999,-52.375557
-73.7652889999999,-52.382782
-73.80806,-52.397224
