"V1","V2"
-74.117783,-51.454445
-74.127792,-51.454445
-74.1349639999999,-51.451378
-74.195557,-51.429726
-74.235291,-51.411667
-74.2452849999999,-51.4044489999999
-74.249176,-51.400002
-74.2611239999999,-51.3488919999999
-74.263901,-51.318336
-74.26445,-51.30584
-74.261398,-51.30056
-74.2566679999999,-51.296669
-74.187225,-51.282784
-74.177231,-51.282784
-74.1711119999999,-51.285835
-74.1672359999999,-51.290283
-74.116669,-51.3783339999999
-74.111389,-51.3883359999999
-74.1089019999999,-51.438339
-74.110001,-51.445007
-74.112793,-51.4505619999999
-74.117783,-51.454445
